# Filter name : LSST/LSST.i
# Description : LSST i filter (full)
# Photometric system : LSST
# FilterType : photon
# Band name : ------
# Observatory : LSST
# Instrument : LSST
# Comments : Full throughput: system - mirrors, lenses, filter, detector, and the zenith atmosphere. Aerosols added to atmosphere Version 1.5 
# 
6.76000e+03 8.01768e-13
6.76100e+03 9.38012e-04
6.76200e+03 1.87640e-03
6.76300e+03 2.81517e-03
6.76400e+03 3.75432e-03
6.76500e+03 4.66914e-03
6.76600e+03 5.58316e-03
6.76700e+03 6.52187e-03
6.76800e+03 7.46055e-03
6.76900e+03 8.39923e-03
6.77000e+03 9.33788e-03
6.77100e+03 1.02767e-02
6.77200e+03 1.12156e-02
6.77300e+03 1.21298e-02
6.77400e+03 1.30440e-02
6.77500e+03 1.39830e-02
6.77600e+03 1.49251e-02
6.77700e+03 1.58676e-02
6.77800e+03 1.68105e-02
6.77900e+03 1.77539e-02
6.78000e+03 1.86977e-02
6.78100e+03 1.96129e-02
6.78200e+03 2.05282e-02
6.78300e+03 2.14682e-02
6.78400e+03 2.24083e-02
6.78500e+03 2.33483e-02
6.78600e+03 2.42884e-02
6.78700e+03 2.52285e-02
6.78800e+03 2.61686e-02
6.78900e+03 2.70840e-02
6.79000e+03 2.79994e-02
6.79100e+03 2.89393e-02
6.79200e+03 2.98792e-02
6.79300e+03 3.08190e-02
6.79400e+03 3.17589e-02
6.79500e+03 3.26987e-02
6.79600e+03 3.36386e-02
6.79700e+03 3.45537e-02
6.79800e+03 3.54688e-02
6.79900e+03 3.64086e-02
6.80000e+03 3.73484e-02
6.80100e+03 3.82940e-02
6.80200e+03 3.92398e-02
6.80300e+03 4.01858e-02
6.80400e+03 4.11322e-02
6.80500e+03 4.20540e-02
6.80600e+03 4.29671e-02
6.80700e+03 4.39049e-02
6.80800e+03 4.48425e-02
6.80900e+03 4.57800e-02
6.81000e+03 4.67173e-02
6.81100e+03 4.85964e-02
6.81200e+03 5.04753e-02
6.81300e+03 5.23293e-02
6.81400e+03 5.41833e-02
6.81500e+03 5.60618e-02
6.81600e+03 5.79402e-02
6.81700e+03 5.97938e-02
6.81800e+03 6.16473e-02
6.81900e+03 6.35253e-02
6.82000e+03 6.54033e-02
6.82100e+03 6.72538e-02
6.82200e+03 6.91040e-02
6.82300e+03 7.09786e-02
6.82400e+03 7.28531e-02
6.82500e+03 7.47025e-02
6.82600e+03 7.65677e-02
6.82700e+03 7.84582e-02
6.82800e+03 8.03492e-02
6.82900e+03 8.22159e-02
6.83000e+03 8.40832e-02
6.83100e+03 8.59579e-02
6.83200e+03 8.78324e-02
6.83300e+03 8.96819e-02
6.83400e+03 9.15311e-02
6.83500e+03 9.34048e-02
6.83600e+03 9.52783e-02
6.83700e+03 9.71270e-02
6.83800e+03 9.89754e-02
6.83900e+03 1.00848e-01
6.84000e+03 1.02721e-01
6.84100e+03 1.04569e-01
6.84200e+03 1.06417e-01
6.84300e+03 1.08289e-01
6.84400e+03 1.10160e-01
6.84500e+03 1.12007e-01
6.84600e+03 1.13853e-01
6.84700e+03 1.15723e-01
6.84800e+03 1.17593e-01
6.84900e+03 1.19437e-01
6.85000e+03 1.21281e-01
6.85100e+03 1.23150e-01
6.85200e+03 1.25018e-01
6.85300e+03 1.26861e-01
6.85400e+03 1.28703e-01
6.85500e+03 1.30570e-01
6.85600e+03 1.32297e-01
6.85700e+03 1.33995e-01
6.85800e+03 1.35689e-01
6.85900e+03 1.37402e-01
6.86000e+03 1.39112e-01
6.86100e+03 1.39605e-01
6.86200e+03 1.40062e-01
6.86300e+03 1.40459e-01
6.86400e+03 1.40820e-01
6.86500e+03 1.41169e-01
6.86600e+03 1.39326e-01
6.86700e+03 1.37372e-01
6.86800e+03 1.35329e-01
6.86900e+03 1.33219e-01
6.87000e+03 1.31020e-01
6.87100e+03 1.30728e-01
6.87200e+03 1.30394e-01
6.87300e+03 1.30038e-01
6.87400e+03 1.29639e-01
6.87500e+03 1.29179e-01
6.87600e+03 1.32805e-01
6.87700e+03 1.36498e-01
6.87800e+03 1.40240e-01
6.87900e+03 1.44009e-01
6.88000e+03 1.47826e-01
6.88100e+03 1.51304e-01
6.88200e+03 1.54821e-01
6.88300e+03 1.58357e-01
6.88400e+03 1.61932e-01
6.88500e+03 1.65569e-01
6.88600e+03 1.66678e-01
6.88700e+03 1.67754e-01
6.88800e+03 1.68820e-01
6.88900e+03 1.69895e-01
6.89000e+03 1.70960e-01
6.89100e+03 1.72566e-01
6.89200e+03 1.74171e-01
6.89300e+03 1.75798e-01
6.89400e+03 1.77425e-01
6.89500e+03 1.79031e-01
6.89600e+03 1.81462e-01
6.89700e+03 1.83929e-01
6.89800e+03 1.86411e-01
6.89900e+03 1.88887e-01
6.90000e+03 1.91377e-01
6.90100e+03 1.93758e-01
6.90200e+03 1.96152e-01
6.90300e+03 1.98537e-01
6.90400e+03 2.00933e-01
6.90500e+03 2.03365e-01
6.90600e+03 2.05904e-01
6.90700e+03 2.08435e-01
6.90800e+03 2.10979e-01
6.90900e+03 2.13560e-01
6.91000e+03 2.16156e-01
6.91100e+03 2.18532e-01
6.91200e+03 2.20920e-01
6.91300e+03 2.23294e-01
6.91400e+03 2.25678e-01
6.91500e+03 2.28095e-01
6.91600e+03 2.30471e-01
6.91700e+03 2.32833e-01
6.91800e+03 2.35203e-01
6.91900e+03 2.37607e-01
6.92000e+03 2.40020e-01
6.92100e+03 2.42336e-01
6.92200e+03 2.44659e-01
6.92300e+03 2.47014e-01
6.92400e+03 2.49377e-01
6.92500e+03 2.51724e-01
6.92600e+03 2.53968e-01
6.92700e+03 2.56243e-01
6.92800e+03 2.58525e-01
6.92900e+03 2.60789e-01
6.93000e+03 2.63059e-01
6.93100e+03 2.65063e-01
6.93200e+03 2.67069e-01
6.93300e+03 2.69054e-01
6.93400e+03 2.71041e-01
6.93500e+03 2.73055e-01
6.93600e+03 2.74895e-01
6.93700e+03 2.76710e-01
6.93800e+03 2.78526e-01
6.93900e+03 2.80366e-01
6.94000e+03 2.82206e-01
6.94100e+03 2.84057e-01
6.94200e+03 2.85910e-01
6.94300e+03 2.87787e-01
6.94400e+03 2.89664e-01
6.94500e+03 2.91518e-01
6.94600e+03 2.93561e-01
6.94700e+03 2.95631e-01
6.94800e+03 2.97704e-01
6.94900e+03 2.99755e-01
6.95000e+03 3.01809e-01
6.95100e+03 3.03774e-01
6.95200e+03 3.05741e-01
6.95300e+03 3.07684e-01
6.95400e+03 3.09629e-01
6.95500e+03 3.11600e-01
6.95600e+03 3.13440e-01
6.95700e+03 3.15255e-01
6.95800e+03 3.17069e-01
6.95900e+03 3.18908e-01
6.96000e+03 3.20747e-01
6.96100e+03 3.22980e-01
6.96200e+03 3.25217e-01
6.96300e+03 3.27435e-01
6.96400e+03 3.29656e-01
6.96500e+03 3.31907e-01
6.96600e+03 3.34232e-01
6.96700e+03 3.36538e-01
6.96800e+03 3.38848e-01
6.96900e+03 3.41189e-01
6.97000e+03 3.43535e-01
6.97100e+03 3.45446e-01
6.97200e+03 3.47358e-01
6.97300e+03 3.49295e-01
6.97400e+03 3.51233e-01
6.97500e+03 3.53147e-01
6.97600e+03 3.54913e-01
6.97700e+03 3.56703e-01
6.97800e+03 3.58492e-01
6.97900e+03 3.60256e-01
6.98000e+03 3.62019e-01
6.98100e+03 3.63630e-01
6.98200e+03 3.65239e-01
6.98300e+03 3.66821e-01
6.98400e+03 3.68400e-01
6.98500e+03 3.70001e-01
6.98600e+03 3.71443e-01
6.98700e+03 3.72856e-01
6.98800e+03 3.74265e-01
6.98900e+03 3.75695e-01
6.99000e+03 3.77121e-01
6.99100e+03 3.78935e-01
6.99200e+03 3.80748e-01
6.99300e+03 3.82586e-01
6.99400e+03 3.84424e-01
6.99500e+03 3.86238e-01
6.99600e+03 3.88215e-01
6.99700e+03 3.90218e-01
6.99800e+03 3.92223e-01
6.99900e+03 3.94205e-01
7.00000e+03 3.96188e-01
7.00100e+03 3.98041e-01
7.00200e+03 3.99894e-01
7.00300e+03 4.01723e-01
7.00400e+03 4.03552e-01
7.00500e+03 4.05405e-01
7.00600e+03 4.07258e-01
7.00700e+03 4.09086e-01
7.00800e+03 4.10915e-01
7.00900e+03 4.12768e-01
7.01000e+03 4.14621e-01
7.01100e+03 4.16462e-01
7.01200e+03 4.18304e-01
7.01300e+03 4.20120e-01
7.01400e+03 4.21937e-01
7.01500e+03 4.23778e-01
7.01600e+03 4.25709e-01
7.01700e+03 4.27396e-01
7.01800e+03 4.29083e-01
7.01900e+03 4.30064e-01
7.02000e+03 4.31044e-01
7.02100e+03 4.31968e-01
7.02200e+03 4.32892e-01
7.02300e+03 4.33816e-01
7.02400e+03 4.34739e-01
7.02500e+03 4.35663e-01
7.02600e+03 4.36771e-01
7.02700e+03 4.37855e-01
7.02800e+03 4.38939e-01
7.02900e+03 4.40049e-01
7.03000e+03 4.41160e-01
7.03100e+03 4.42471e-01
7.03200e+03 4.43784e-01
7.03300e+03 4.45098e-01
7.03400e+03 4.46414e-01
7.03500e+03 4.47707e-01
7.03600e+03 4.48626e-01
7.03700e+03 4.49569e-01
7.03800e+03 4.50512e-01
7.03900e+03 4.51456e-01
7.04000e+03 4.52399e-01
7.04100e+03 4.53316e-01
7.04200e+03 4.54232e-01
7.04300e+03 4.55149e-01
7.04400e+03 4.56065e-01
7.04500e+03 4.56957e-01
7.04600e+03 4.57848e-01
7.04700e+03 4.58764e-01
7.04800e+03 4.59680e-01
7.04900e+03 4.60596e-01
7.05000e+03 4.61512e-01
7.05100e+03 4.62431e-01
7.05200e+03 4.63349e-01
7.05300e+03 4.63555e-01
7.05400e+03 4.63761e-01
7.05500e+03 4.63746e-01
7.05600e+03 4.63828e-01
7.05700e+03 4.63910e-01
7.05800e+03 4.63992e-01
7.05900e+03 4.64074e-01
7.06000e+03 4.64156e-01
7.06100e+03 4.64242e-01
7.06200e+03 4.64327e-01
7.06300e+03 4.64413e-01
7.06400e+03 4.64499e-01
7.06500e+03 4.64585e-01
7.06600e+03 4.64671e-01
7.06700e+03 4.64757e-01
7.06800e+03 4.64843e-01
7.06900e+03 4.64929e-01
7.07000e+03 4.65015e-01
7.07100e+03 4.64992e-01
7.07200e+03 4.64970e-01
7.07300e+03 4.64948e-01
7.07400e+03 4.64926e-01
7.07500e+03 4.64904e-01
7.07600e+03 4.64882e-01
7.07700e+03 4.64860e-01
7.07800e+03 4.64837e-01
7.07900e+03 4.64815e-01
7.08000e+03 4.64793e-01
7.08100e+03 4.64888e-01
7.08200e+03 4.64982e-01
7.08300e+03 4.65077e-01
7.08400e+03 4.65172e-01
7.08500e+03 4.65266e-01
7.08600e+03 4.65361e-01
7.08700e+03 4.65456e-01
7.08800e+03 4.65550e-01
7.08900e+03 4.65645e-01
7.09000e+03 4.65739e-01
7.09100e+03 4.65736e-01
7.09200e+03 4.65732e-01
7.09300e+03 4.65728e-01
7.09400e+03 4.65725e-01
7.09500e+03 4.65721e-01
7.09600e+03 4.65717e-01
7.09700e+03 4.65714e-01
7.09800e+03 4.65710e-01
7.09900e+03 4.65706e-01
7.10000e+03 4.65703e-01
7.10100e+03 4.65684e-01
7.10200e+03 4.65665e-01
7.10300e+03 4.65647e-01
7.10400e+03 4.65628e-01
7.10500e+03 4.65609e-01
7.10600e+03 4.65591e-01
7.10700e+03 4.65572e-01
7.10800e+03 4.65554e-01
7.10900e+03 4.65535e-01
7.11000e+03 4.65516e-01
7.11100e+03 4.65632e-01
7.11200e+03 4.65747e-01
7.11300e+03 4.65862e-01
7.11400e+03 4.65978e-01
7.11500e+03 4.66093e-01
7.11600e+03 4.66209e-01
7.11700e+03 4.66324e-01
7.11800e+03 4.66439e-01
7.11900e+03 4.66555e-01
7.12000e+03 4.66670e-01
7.12100e+03 4.66534e-01
7.12200e+03 4.66397e-01
7.12300e+03 4.66261e-01
7.12400e+03 4.66124e-01
7.12500e+03 4.65988e-01
7.12600e+03 4.65948e-01
7.12700e+03 4.65909e-01
7.12800e+03 4.65870e-01
7.12900e+03 4.65830e-01
7.13000e+03 4.65791e-01
7.13100e+03 4.65786e-01
7.13200e+03 4.65782e-01
7.13300e+03 4.65777e-01
7.13400e+03 4.65773e-01
7.13500e+03 4.65768e-01
7.13600e+03 4.65764e-01
7.13700e+03 4.65760e-01
7.13800e+03 4.65757e-01
7.13900e+03 4.65753e-01
7.14000e+03 4.65750e-01
7.14100e+03 4.65649e-01
7.14200e+03 4.65548e-01
7.14300e+03 4.65446e-01
7.14400e+03 4.65344e-01
7.14500e+03 4.65241e-01
7.14600e+03 4.65137e-01
7.14700e+03 4.65032e-01
7.14800e+03 4.64926e-01
7.14900e+03 4.64819e-01
7.15000e+03 4.64711e-01
7.15100e+03 4.64588e-01
7.15200e+03 4.64463e-01
7.15300e+03 4.64338e-01
7.15400e+03 4.64212e-01
7.15500e+03 4.64085e-01
7.15600e+03 4.63860e-01
7.15700e+03 4.63634e-01
7.15800e+03 4.63408e-01
7.15900e+03 4.63181e-01
7.16000e+03 4.62954e-01
7.16100e+03 4.62059e-01
7.16200e+03 4.61165e-01
7.16300e+03 4.60271e-01
7.16400e+03 4.59376e-01
7.16500e+03 4.58483e-01
7.16600e+03 4.56525e-01
7.16700e+03 4.54567e-01
7.16800e+03 4.52609e-01
7.16900e+03 4.50652e-01
7.17000e+03 4.48694e-01
7.17100e+03 4.46842e-01
7.17200e+03 4.44991e-01
7.17300e+03 4.43139e-01
7.17400e+03 4.41287e-01
7.17500e+03 4.39436e-01
7.17600e+03 4.38649e-01
7.17700e+03 4.37863e-01
7.17800e+03 4.37076e-01
7.17900e+03 4.36289e-01
7.18000e+03 4.35503e-01
7.18100e+03 4.34115e-01
7.18200e+03 4.32728e-01
7.18300e+03 4.31340e-01
7.18400e+03 4.29953e-01
7.18500e+03 4.28566e-01
7.18600e+03 4.27663e-01
7.18700e+03 4.26761e-01
7.18800e+03 4.25858e-01
7.18900e+03 4.24956e-01
7.19000e+03 4.24054e-01
7.19100e+03 4.24111e-01
7.19200e+03 4.24168e-01
7.19300e+03 4.24224e-01
7.19400e+03 4.24281e-01
7.19500e+03 4.24337e-01
7.19600e+03 4.24586e-01
7.19700e+03 4.24835e-01
7.19800e+03 4.25083e-01
7.19900e+03 4.25331e-01
7.20000e+03 4.25579e-01
7.20100e+03 4.26523e-01
7.20200e+03 4.27467e-01
7.20300e+03 4.28411e-01
7.20400e+03 4.29355e-01
7.20500e+03 4.30299e-01
7.20600e+03 4.32691e-01
7.20700e+03 4.35083e-01
7.20800e+03 4.37475e-01
7.20900e+03 4.39867e-01
7.21000e+03 4.42258e-01
7.21100e+03 4.44562e-01
7.21200e+03 4.46865e-01
7.21300e+03 4.49169e-01
7.21400e+03 4.51473e-01
7.21500e+03 4.53777e-01
7.21600e+03 4.54537e-01
7.21700e+03 4.55297e-01
7.21800e+03 4.56057e-01
7.21900e+03 4.56818e-01
7.22000e+03 4.57579e-01
7.22100e+03 4.57359e-01
7.22200e+03 4.57140e-01
7.22300e+03 4.56920e-01
7.22400e+03 4.56701e-01
7.22500e+03 4.56480e-01
7.22600e+03 4.54909e-01
7.22700e+03 4.53337e-01
7.22800e+03 4.51764e-01
7.22900e+03 4.50192e-01
7.23000e+03 4.48620e-01
7.23100e+03 4.46257e-01
7.23200e+03 4.43896e-01
7.23300e+03 4.41534e-01
7.23400e+03 4.39173e-01
7.23500e+03 4.36812e-01
7.23600e+03 4.36477e-01
7.23700e+03 4.36140e-01
7.23800e+03 4.35804e-01
7.23900e+03 4.35468e-01
7.24000e+03 4.35133e-01
7.24100e+03 4.35296e-01
7.24200e+03 4.35461e-01
7.24300e+03 4.35626e-01
7.24400e+03 4.35792e-01
7.24500e+03 4.35959e-01
7.24600e+03 4.36321e-01
7.24700e+03 4.36683e-01
7.24800e+03 4.37046e-01
7.24900e+03 4.37411e-01
7.25000e+03 4.37776e-01
7.25100e+03 4.38152e-01
7.25200e+03 4.38529e-01
7.25300e+03 4.38907e-01
7.25400e+03 4.39285e-01
7.25500e+03 4.39665e-01
7.25600e+03 4.40430e-01
7.25700e+03 4.41196e-01
7.25800e+03 4.41962e-01
7.25900e+03 4.42729e-01
7.26000e+03 4.43497e-01
7.26100e+03 4.43494e-01
7.26200e+03 4.43491e-01
7.26300e+03 4.43489e-01
7.26400e+03 4.43486e-01
7.26500e+03 4.43483e-01
7.26600e+03 4.43382e-01
7.26700e+03 4.43282e-01
7.26800e+03 4.43182e-01
7.26900e+03 4.43082e-01
7.27000e+03 4.42982e-01
7.27100e+03 4.42101e-01
7.27200e+03 4.41219e-01
7.27300e+03 4.40338e-01
7.27400e+03 4.39457e-01
7.27500e+03 4.38575e-01
7.27600e+03 4.38465e-01
7.27700e+03 4.38354e-01
7.27800e+03 4.38243e-01
7.27900e+03 4.38132e-01
7.28000e+03 4.38021e-01
7.28100e+03 4.39552e-01
7.28200e+03 4.41083e-01
7.28300e+03 4.42614e-01
7.28400e+03 4.44145e-01
7.28500e+03 4.45676e-01
7.28600e+03 4.45473e-01
7.28700e+03 4.45270e-01
7.28800e+03 4.45067e-01
7.28900e+03 4.44864e-01
7.29000e+03 4.44662e-01
7.29100e+03 4.44956e-01
7.29200e+03 4.45250e-01
7.29300e+03 4.45546e-01
7.29400e+03 4.45842e-01
7.29500e+03 4.46138e-01
7.29600e+03 4.46820e-01
7.29700e+03 4.47503e-01
7.29800e+03 4.48187e-01
7.29900e+03 4.48872e-01
7.30000e+03 4.49558e-01
7.30100e+03 4.49240e-01
7.30200e+03 4.48922e-01
7.30300e+03 4.48605e-01
7.30400e+03 4.48290e-01
7.30500e+03 4.47976e-01
7.30600e+03 4.47952e-01
7.30700e+03 4.47929e-01
7.30800e+03 4.47907e-01
7.30900e+03 4.47886e-01
7.31000e+03 4.47865e-01
7.31100e+03 4.48159e-01
7.31200e+03 4.48454e-01
7.31300e+03 4.48748e-01
7.31400e+03 4.49042e-01
7.31500e+03 4.49336e-01
7.31600e+03 4.50015e-01
7.31700e+03 4.50693e-01
7.31800e+03 4.51371e-01
7.31900e+03 4.52049e-01
7.32000e+03 4.52727e-01
7.32100e+03 4.53787e-01
7.32200e+03 4.54847e-01
7.32300e+03 4.55907e-01
7.32400e+03 4.56966e-01
7.32500e+03 4.58024e-01
7.32600e+03 4.58505e-01
7.32700e+03 4.58985e-01
7.32800e+03 4.59465e-01
7.32900e+03 4.59945e-01
7.33000e+03 4.60425e-01
7.33100e+03 4.60434e-01
7.33200e+03 4.60444e-01
7.33300e+03 4.60453e-01
7.33400e+03 4.60463e-01
7.33500e+03 4.60473e-01
7.33600e+03 4.60774e-01
7.33700e+03 4.61075e-01
7.33800e+03 4.61376e-01
7.33900e+03 4.61678e-01
7.34000e+03 4.61980e-01
7.34100e+03 4.62072e-01
7.34200e+03 4.62163e-01
7.34300e+03 4.62254e-01
7.34400e+03 4.62345e-01
7.34500e+03 4.62434e-01
7.34600e+03 4.62331e-01
7.34700e+03 4.62226e-01
7.34800e+03 4.62121e-01
7.34900e+03 4.62014e-01
7.35000e+03 4.61906e-01
7.35100e+03 4.62002e-01
7.35200e+03 4.62097e-01
7.35300e+03 4.62190e-01
7.35400e+03 4.62282e-01
7.35500e+03 4.62373e-01
7.35600e+03 4.62270e-01
7.35700e+03 4.62166e-01
7.35800e+03 4.62061e-01
7.35900e+03 4.61956e-01
7.36000e+03 4.61850e-01
7.36100e+03 4.61737e-01
7.36200e+03 4.61624e-01
7.36300e+03 4.61511e-01
7.36400e+03 4.61398e-01
7.36500e+03 4.61285e-01
7.36600e+03 4.61366e-01
7.36700e+03 4.61447e-01
7.36800e+03 4.61528e-01
7.36900e+03 4.61608e-01
7.37000e+03 4.61689e-01
7.37100e+03 4.61965e-01
7.37200e+03 4.62241e-01
7.37300e+03 4.62517e-01
7.37400e+03 4.62793e-01
7.37500e+03 4.63069e-01
7.37600e+03 4.63249e-01
7.37700e+03 4.63429e-01
7.37800e+03 4.63608e-01
7.37900e+03 4.63788e-01
7.38000e+03 4.63968e-01
7.38100e+03 4.63956e-01
7.38200e+03 4.63944e-01
7.38300e+03 4.63932e-01
7.38400e+03 4.63920e-01
7.38500e+03 4.63909e-01
7.38600e+03 4.63993e-01
7.38700e+03 4.64077e-01
7.38800e+03 4.64161e-01
7.38900e+03 4.64246e-01
7.39000e+03 4.64330e-01
7.39100e+03 4.64315e-01
7.39200e+03 4.64301e-01
7.39300e+03 4.64286e-01
7.39400e+03 4.64272e-01
7.39500e+03 4.64258e-01
7.39600e+03 4.64339e-01
7.39700e+03 4.64421e-01
7.39800e+03 4.64503e-01
7.39900e+03 4.64584e-01
7.40000e+03 4.64666e-01
7.40100e+03 4.64755e-01
7.40200e+03 4.64845e-01
7.40300e+03 4.64934e-01
7.40400e+03 4.65023e-01
7.40500e+03 4.65113e-01
7.40600e+03 4.65202e-01
7.40700e+03 4.65291e-01
7.40800e+03 4.65381e-01
7.40900e+03 4.65470e-01
7.41000e+03 4.65559e-01
7.41100e+03 4.65542e-01
7.41200e+03 4.65524e-01
7.41300e+03 4.65507e-01
7.41400e+03 4.65490e-01
7.41500e+03 4.65472e-01
7.41600e+03 4.65551e-01
7.41700e+03 4.65629e-01
7.41800e+03 4.65708e-01
7.41900e+03 4.65787e-01
7.42000e+03 4.65865e-01
7.42100e+03 4.65837e-01
7.42200e+03 4.65808e-01
7.42300e+03 4.65779e-01
7.42400e+03 4.65751e-01
7.42500e+03 4.65722e-01
7.42600e+03 4.65694e-01
7.42700e+03 4.65665e-01
7.42800e+03 4.65636e-01
7.42900e+03 4.65608e-01
7.43000e+03 4.65579e-01
7.43100e+03 4.65667e-01
7.43200e+03 4.65754e-01
7.43300e+03 4.65841e-01
7.43400e+03 4.65928e-01
7.43500e+03 4.66016e-01
7.43600e+03 4.66007e-01
7.43700e+03 4.65998e-01
7.43800e+03 4.65989e-01
7.43900e+03 4.65981e-01
7.44000e+03 4.65972e-01
7.44100e+03 4.65953e-01
7.44200e+03 4.65934e-01
7.44300e+03 4.65914e-01
7.44400e+03 4.65895e-01
7.44500e+03 4.65876e-01
7.44600e+03 4.65857e-01
7.44700e+03 4.65837e-01
7.44800e+03 4.65818e-01
7.44900e+03 4.65799e-01
7.45000e+03 4.65779e-01
7.45100e+03 4.65769e-01
7.45200e+03 4.65758e-01
7.45300e+03 4.65747e-01
7.45400e+03 4.65736e-01
7.45500e+03 4.65725e-01
7.45600e+03 4.65714e-01
7.45700e+03 4.65703e-01
7.45800e+03 4.65692e-01
7.45900e+03 4.65681e-01
7.46000e+03 4.65670e-01
7.46100e+03 4.65634e-01
7.46200e+03 4.65598e-01
7.46300e+03 4.65562e-01
7.46400e+03 4.65526e-01
7.46500e+03 4.65490e-01
7.46600e+03 4.65454e-01
7.46700e+03 4.65418e-01
7.46800e+03 4.65381e-01
7.46900e+03 4.65345e-01
7.47000e+03 4.65309e-01
7.47100e+03 4.65410e-01
7.47200e+03 4.65511e-01
7.47300e+03 4.65611e-01
7.47400e+03 4.65712e-01
7.47500e+03 4.65813e-01
7.47600e+03 4.65817e-01
7.47700e+03 4.65822e-01
7.47800e+03 4.65827e-01
7.47900e+03 4.65832e-01
7.48000e+03 4.65837e-01
7.48100e+03 4.65796e-01
7.48200e+03 4.65756e-01
7.48300e+03 4.65715e-01
7.48400e+03 4.65675e-01
7.48500e+03 4.65635e-01
7.48600e+03 4.65594e-01
7.48700e+03 4.65554e-01
7.48800e+03 4.65514e-01
7.48900e+03 4.65473e-01
7.49000e+03 4.65433e-01
7.49100e+03 4.65435e-01
7.49200e+03 4.65438e-01
7.49300e+03 4.65440e-01
7.49400e+03 4.65442e-01
7.49500e+03 4.65445e-01
7.49600e+03 4.65447e-01
7.49700e+03 4.65449e-01
7.49800e+03 4.65452e-01
7.49900e+03 4.65454e-01
7.50000e+03 4.65457e-01
7.50100e+03 4.65426e-01
7.50200e+03 4.65395e-01
7.50300e+03 4.65364e-01
7.50400e+03 4.65333e-01
7.50500e+03 4.65302e-01
7.50600e+03 4.65366e-01
7.50700e+03 4.65431e-01
7.50800e+03 4.65496e-01
7.50900e+03 4.65561e-01
7.51000e+03 4.65625e-01
7.51100e+03 4.65612e-01
7.51200e+03 4.65599e-01
7.51300e+03 4.65585e-01
7.51400e+03 4.65572e-01
7.51500e+03 4.65559e-01
7.51600e+03 4.65545e-01
7.51700e+03 4.65532e-01
7.51800e+03 4.65519e-01
7.51900e+03 4.65505e-01
7.52000e+03 4.65492e-01
7.52100e+03 4.65477e-01
7.52200e+03 4.65463e-01
7.52300e+03 4.65448e-01
7.52400e+03 4.65433e-01
7.52500e+03 4.65418e-01
7.52600e+03 4.65404e-01
7.52700e+03 4.65389e-01
7.52800e+03 4.65374e-01
7.52900e+03 4.65359e-01
7.53000e+03 4.65345e-01
7.53100e+03 4.65400e-01
7.53200e+03 4.65455e-01
7.53300e+03 4.65509e-01
7.53400e+03 4.65564e-01
7.53500e+03 4.65619e-01
7.53600e+03 4.65578e-01
7.53700e+03 4.65536e-01
7.53800e+03 4.65494e-01
7.53900e+03 4.65452e-01
7.54000e+03 4.65411e-01
7.54100e+03 4.65375e-01
7.54200e+03 4.65340e-01
7.54300e+03 4.65305e-01
7.54400e+03 4.65271e-01
7.54500e+03 4.65237e-01
7.54600e+03 4.65205e-01
7.54700e+03 4.65173e-01
7.54800e+03 4.65143e-01
7.54900e+03 4.65113e-01
7.55000e+03 4.65084e-01
7.55100e+03 4.65046e-01
7.55200e+03 4.65009e-01
7.55300e+03 4.64972e-01
7.55400e+03 4.64937e-01
7.55500e+03 4.64902e-01
7.55600e+03 4.64869e-01
7.55700e+03 4.64836e-01
7.55800e+03 4.64803e-01
7.55900e+03 4.64772e-01
7.56000e+03 4.64741e-01
7.56100e+03 4.64746e-01
7.56200e+03 4.64752e-01
7.56300e+03 4.64758e-01
7.56400e+03 4.64764e-01
7.56500e+03 4.64769e-01
7.56600e+03 4.64870e-01
7.56700e+03 4.64970e-01
7.56800e+03 4.65070e-01
7.56900e+03 4.65170e-01
7.57000e+03 4.65270e-01
7.57100e+03 4.65260e-01
7.57200e+03 4.65250e-01
7.57300e+03 4.65240e-01
7.57400e+03 4.65230e-01
7.57500e+03 4.65219e-01
7.57600e+03 4.65209e-01
7.57700e+03 4.65199e-01
7.57800e+03 4.65189e-01
7.57900e+03 4.65178e-01
7.58000e+03 4.65168e-01
7.58100e+03 4.64782e-01
7.58200e+03 4.64395e-01
7.58300e+03 4.64008e-01
7.58400e+03 4.63622e-01
7.58500e+03 4.63235e-01
7.58600e+03 4.58937e-01
7.58700e+03 4.54639e-01
7.58800e+03 4.50342e-01
7.58900e+03 4.46045e-01
7.59000e+03 4.41748e-01
7.59100e+03 4.24561e-01
7.59200e+03 4.07376e-01
7.59300e+03 3.90191e-01
7.59400e+03 3.73006e-01
7.59500e+03 3.55822e-01
7.59600e+03 3.30721e-01
7.59700e+03 3.05622e-01
7.59800e+03 2.80523e-01
7.59900e+03 2.55426e-01
7.60000e+03 2.30331e-01
7.60100e+03 2.16973e-01
7.60200e+03 2.03615e-01
7.60300e+03 1.90258e-01
7.60400e+03 1.76901e-01
7.60500e+03 1.63544e-01
7.60600e+03 1.64969e-01
7.60700e+03 1.66393e-01
7.60800e+03 1.67817e-01
7.60900e+03 1.69241e-01
7.61000e+03 1.70664e-01
7.61100e+03 1.84185e-01
7.61200e+03 1.97704e-01
7.61300e+03 2.11220e-01
7.61400e+03 2.24734e-01
7.61500e+03 2.38246e-01
7.61600e+03 2.52422e-01
7.61700e+03 2.66596e-01
7.61800e+03 2.80767e-01
7.61900e+03 2.94936e-01
7.62000e+03 3.09102e-01
7.62100e+03 3.07093e-01
7.62200e+03 3.05085e-01
7.62300e+03 3.03077e-01
7.62400e+03 3.01069e-01
7.62500e+03 2.99061e-01
7.62600e+03 2.91435e-01
7.62700e+03 2.83808e-01
7.62800e+03 2.76182e-01
7.62900e+03 2.68556e-01
7.63000e+03 2.60931e-01
7.63100e+03 2.61002e-01
7.63200e+03 2.61072e-01
7.63300e+03 2.61143e-01
7.63400e+03 2.61214e-01
7.63500e+03 2.61284e-01
7.63600e+03 2.65543e-01
7.63700e+03 2.69800e-01
7.63800e+03 2.74057e-01
7.63900e+03 2.78313e-01
7.64000e+03 2.82568e-01
7.64100e+03 2.87687e-01
7.64200e+03 2.92805e-01
7.64300e+03 2.97922e-01
7.64400e+03 3.03039e-01
7.64500e+03 3.08154e-01
7.64600e+03 3.14221e-01
7.64700e+03 3.20286e-01
7.64800e+03 3.26351e-01
7.64900e+03 3.32415e-01
7.65000e+03 3.38478e-01
7.65100e+03 3.43895e-01
7.65200e+03 3.49312e-01
7.65300e+03 3.54729e-01
7.65400e+03 3.60146e-01
7.65500e+03 3.65563e-01
7.65600e+03 3.69840e-01
7.65700e+03 3.74116e-01
7.65800e+03 3.78392e-01
7.65900e+03 3.82667e-01
7.66000e+03 3.86943e-01
7.66100e+03 3.90591e-01
7.66200e+03 3.94237e-01
7.66300e+03 3.97883e-01
7.66400e+03 4.01527e-01
7.66500e+03 4.05170e-01
7.66600e+03 4.09002e-01
7.66700e+03 4.12832e-01
7.66800e+03 4.16662e-01
7.66900e+03 4.20490e-01
7.67000e+03 4.24317e-01
7.67100e+03 4.26851e-01
7.67200e+03 4.29384e-01
7.67300e+03 4.31917e-01
7.67400e+03 4.34450e-01
7.67500e+03 4.36982e-01
7.67600e+03 4.38376e-01
7.67700e+03 4.39769e-01
7.67800e+03 4.41162e-01
7.67900e+03 4.42554e-01
7.68000e+03 4.43947e-01
7.68100e+03 4.44905e-01
7.68200e+03 4.45863e-01
7.68300e+03 4.46821e-01
7.68400e+03 4.47779e-01
7.68500e+03 4.48737e-01
7.68600e+03 4.49410e-01
7.68700e+03 4.50082e-01
7.68800e+03 4.50754e-01
7.68900e+03 4.51426e-01
7.69000e+03 4.52099e-01
7.69100e+03 4.52617e-01
7.69200e+03 4.53136e-01
7.69300e+03 4.53655e-01
7.69400e+03 4.54175e-01
7.69500e+03 4.54696e-01
7.69600e+03 4.55407e-01
7.69700e+03 4.56120e-01
7.69800e+03 4.56833e-01
7.69900e+03 4.57548e-01
7.70000e+03 4.58264e-01
7.70100e+03 4.58707e-01
7.70200e+03 4.59152e-01
7.70300e+03 4.59597e-01
7.70400e+03 4.60044e-01
7.70500e+03 4.60492e-01
7.70600e+03 4.60657e-01
7.70700e+03 4.60823e-01
7.70800e+03 4.60990e-01
7.70900e+03 4.61158e-01
7.71000e+03 4.61326e-01
7.71100e+03 4.61421e-01
7.71200e+03 4.61515e-01
7.71300e+03 4.61609e-01
7.71400e+03 4.61702e-01
7.71500e+03 4.61795e-01
7.71600e+03 4.61792e-01
7.71700e+03 4.61789e-01
7.71800e+03 4.61786e-01
7.71900e+03 4.61782e-01
7.72000e+03 4.61778e-01
7.72100e+03 4.61761e-01
7.72200e+03 4.61745e-01
7.72300e+03 4.61728e-01
7.72400e+03 4.61710e-01
7.72500e+03 4.61693e-01
7.72600e+03 4.61675e-01
7.72700e+03 4.61657e-01
7.72800e+03 4.61638e-01
7.72900e+03 4.61620e-01
7.73000e+03 4.61601e-01
7.73100e+03 4.61666e-01
7.73200e+03 4.61731e-01
7.73300e+03 4.61796e-01
7.73400e+03 4.61862e-01
7.73500e+03 4.61927e-01
7.73600e+03 4.61898e-01
7.73700e+03 4.61870e-01
7.73800e+03 4.61842e-01
7.73900e+03 4.61814e-01
7.74000e+03 4.61786e-01
7.74100e+03 4.61780e-01
7.74200e+03 4.61775e-01
7.74300e+03 4.61768e-01
7.74400e+03 4.61761e-01
7.74500e+03 4.61753e-01
7.74600e+03 4.61744e-01
7.74700e+03 4.61734e-01
7.74800e+03 4.61724e-01
7.74900e+03 4.61712e-01
7.75000e+03 4.61700e-01
7.75100e+03 4.61667e-01
7.75200e+03 4.61632e-01
7.75300e+03 4.61597e-01
7.75400e+03 4.61562e-01
7.75500e+03 4.61525e-01
7.75600e+03 4.61487e-01
7.75700e+03 4.61449e-01
7.75800e+03 4.61409e-01
7.75900e+03 4.61370e-01
7.76000e+03 4.61330e-01
7.76100e+03 4.61302e-01
7.76200e+03 4.61275e-01
7.76300e+03 4.61248e-01
7.76400e+03 4.61220e-01
7.76500e+03 4.61194e-01
7.76600e+03 4.61167e-01
7.76700e+03 4.61141e-01
7.76800e+03 4.61115e-01
7.76900e+03 4.61088e-01
7.77000e+03 4.61062e-01
7.77100e+03 4.61023e-01
7.77200e+03 4.60985e-01
7.77300e+03 4.60946e-01
7.77400e+03 4.60907e-01
7.77500e+03 4.60868e-01
7.77600e+03 4.60829e-01
7.77700e+03 4.60791e-01
7.77800e+03 4.60752e-01
7.77900e+03 4.60713e-01
7.78000e+03 4.60674e-01
7.78100e+03 4.60638e-01
7.78200e+03 4.60602e-01
7.78300e+03 4.60566e-01
7.78400e+03 4.60530e-01
7.78500e+03 4.60494e-01
7.78600e+03 4.60457e-01
7.78700e+03 4.60421e-01
7.78800e+03 4.60385e-01
7.78900e+03 4.60349e-01
7.79000e+03 4.60313e-01
7.79100e+03 4.60392e-01
7.79200e+03 4.60471e-01
7.79300e+03 4.60551e-01
7.79400e+03 4.60630e-01
7.79500e+03 4.60709e-01
7.79600e+03 4.60694e-01
7.79700e+03 4.60679e-01
7.79800e+03 4.60664e-01
7.79900e+03 4.60649e-01
7.80000e+03 4.60634e-01
7.80100e+03 4.60553e-01
7.80200e+03 4.60472e-01
7.80300e+03 4.60391e-01
7.80400e+03 4.60310e-01
7.80500e+03 4.60229e-01
7.80600e+03 4.60149e-01
7.80700e+03 4.60068e-01
7.80800e+03 4.59987e-01
7.80900e+03 4.59906e-01
7.81000e+03 4.59825e-01
7.81100e+03 4.59829e-01
7.81200e+03 4.59832e-01
7.81300e+03 4.59836e-01
7.81400e+03 4.59839e-01
7.81500e+03 4.59843e-01
7.81600e+03 4.59846e-01
7.81700e+03 4.59850e-01
7.81800e+03 4.59853e-01
7.81900e+03 4.59857e-01
7.82000e+03 4.59860e-01
7.82100e+03 4.59825e-01
7.82200e+03 4.59789e-01
7.82300e+03 4.59754e-01
7.82400e+03 4.59718e-01
7.82500e+03 4.59682e-01
7.82600e+03 4.59647e-01
7.82700e+03 4.59611e-01
7.82800e+03 4.59576e-01
7.82900e+03 4.59540e-01
7.83000e+03 4.59505e-01
7.83100e+03 4.59461e-01
7.83200e+03 4.59416e-01
7.83300e+03 4.59372e-01
7.83400e+03 4.59328e-01
7.83500e+03 4.59283e-01
7.83600e+03 4.59239e-01
7.83700e+03 4.59195e-01
7.83800e+03 4.59150e-01
7.83900e+03 4.59106e-01
7.84000e+03 4.59062e-01
7.84100e+03 4.59011e-01
7.84200e+03 4.58959e-01
7.84300e+03 4.58908e-01
7.84400e+03 4.58857e-01
7.84500e+03 4.58805e-01
7.84600e+03 4.58754e-01
7.84700e+03 4.58703e-01
7.84800e+03 4.58651e-01
7.84900e+03 4.58600e-01
7.85000e+03 4.58549e-01
7.85100e+03 4.58548e-01
7.85200e+03 4.58548e-01
7.85300e+03 4.58547e-01
7.85400e+03 4.58546e-01
7.85500e+03 4.58545e-01
7.85600e+03 4.58545e-01
7.85700e+03 4.58544e-01
7.85800e+03 4.58543e-01
7.85900e+03 4.58543e-01
7.86000e+03 4.58542e-01
7.86100e+03 4.58405e-01
7.86200e+03 4.58268e-01
7.86300e+03 4.58132e-01
7.86400e+03 4.57995e-01
7.86500e+03 4.57858e-01
7.86600e+03 4.57815e-01
7.86700e+03 4.57772e-01
7.86800e+03 4.57729e-01
7.86900e+03 4.57687e-01
7.87000e+03 4.57644e-01
7.87100e+03 4.57527e-01
7.87200e+03 4.57410e-01
7.87300e+03 4.57293e-01
7.87400e+03 4.57176e-01
7.87500e+03 4.57059e-01
7.87600e+03 4.57036e-01
7.87700e+03 4.57013e-01
7.87800e+03 4.56990e-01
7.87900e+03 4.56967e-01
7.88000e+03 4.56943e-01
7.88100e+03 4.56799e-01
7.88200e+03 4.56655e-01
7.88300e+03 4.56511e-01
7.88400e+03 4.56366e-01
7.88500e+03 4.56222e-01
7.88600e+03 4.55984e-01
7.88700e+03 4.55746e-01
7.88800e+03 4.55509e-01
7.88900e+03 4.55271e-01
7.89000e+03 4.55033e-01
7.89100e+03 4.54793e-01
7.89200e+03 4.54553e-01
7.89300e+03 4.54313e-01
7.89400e+03 4.54073e-01
7.89500e+03 4.53833e-01
7.89600e+03 4.53780e-01
7.89700e+03 4.53727e-01
7.89800e+03 4.53675e-01
7.89900e+03 4.53622e-01
7.90000e+03 4.53569e-01
7.90100e+03 4.53559e-01
7.90200e+03 4.53549e-01
7.90300e+03 4.53539e-01
7.90400e+03 4.53529e-01
7.90500e+03 4.53519e-01
7.90600e+03 4.53509e-01
7.90700e+03 4.53499e-01
7.90800e+03 4.53489e-01
7.90900e+03 4.53479e-01
7.91000e+03 4.53468e-01
7.91100e+03 4.53644e-01
7.91200e+03 4.53820e-01
7.91300e+03 4.53995e-01
7.91400e+03 4.54171e-01
7.91500e+03 4.54346e-01
7.91600e+03 4.54335e-01
7.91700e+03 4.54323e-01
7.91800e+03 4.54312e-01
7.91900e+03 4.54300e-01
7.92000e+03 4.54289e-01
7.92100e+03 4.54140e-01
7.92200e+03 4.53991e-01
7.92300e+03 4.53842e-01
7.92400e+03 4.53693e-01
7.92500e+03 4.53544e-01
7.92600e+03 4.53582e-01
7.92700e+03 4.53620e-01
7.92800e+03 4.53658e-01
7.92900e+03 4.53696e-01
7.93000e+03 4.53733e-01
7.93100e+03 4.53997e-01
7.93200e+03 4.54260e-01
7.93300e+03 4.54524e-01
7.93400e+03 4.54787e-01
7.93500e+03 4.55051e-01
7.93600e+03 4.55314e-01
7.93700e+03 4.55578e-01
7.93800e+03 4.55841e-01
7.93900e+03 4.56104e-01
7.94000e+03 4.56368e-01
7.94100e+03 4.56311e-01
7.94200e+03 4.56255e-01
7.94300e+03 4.56198e-01
7.94400e+03 4.56142e-01
7.94500e+03 4.56085e-01
7.94600e+03 4.55936e-01
7.94700e+03 4.55786e-01
7.94800e+03 4.55636e-01
7.94900e+03 4.55487e-01
7.95000e+03 4.55337e-01
7.95100e+03 4.55117e-01
7.95200e+03 4.54896e-01
7.95300e+03 4.54676e-01
7.95400e+03 4.54455e-01
7.95500e+03 4.54235e-01
7.95600e+03 4.53735e-01
7.95700e+03 4.53235e-01
7.95800e+03 4.52736e-01
7.95900e+03 4.52236e-01
7.96000e+03 4.51736e-01
7.96100e+03 4.51522e-01
7.96200e+03 4.51308e-01
7.96300e+03 4.51094e-01
7.96400e+03 4.50880e-01
7.96500e+03 4.50665e-01
7.96600e+03 4.51010e-01
7.96700e+03 4.51354e-01
7.96800e+03 4.51699e-01
7.96900e+03 4.52043e-01
7.97000e+03 4.52387e-01
7.97100e+03 4.52624e-01
7.97200e+03 4.52860e-01
7.97300e+03 4.53096e-01
7.97400e+03 4.53332e-01
7.97500e+03 4.53568e-01
7.97600e+03 4.53618e-01
7.97700e+03 4.53667e-01
7.97800e+03 4.53717e-01
7.97900e+03 4.53767e-01
7.98000e+03 4.53817e-01
7.98100e+03 4.53807e-01
7.98200e+03 4.53798e-01
7.98300e+03 4.53788e-01
7.98400e+03 4.53779e-01
7.98500e+03 4.53769e-01
7.98600e+03 4.53760e-01
7.98700e+03 4.53750e-01
7.98800e+03 4.53740e-01
7.98900e+03 4.53731e-01
7.99000e+03 4.53721e-01
7.99100e+03 4.53690e-01
7.99200e+03 4.53659e-01
7.99300e+03 4.53628e-01
7.99400e+03 4.53597e-01
7.99500e+03 4.53566e-01
7.99600e+03 4.53350e-01
7.99700e+03 4.53133e-01
7.99800e+03 4.52916e-01
7.99900e+03 4.52699e-01
8.00000e+03 4.52483e-01
8.00100e+03 4.52279e-01
8.00200e+03 4.52076e-01
8.00300e+03 4.51873e-01
8.00400e+03 4.51669e-01
8.00500e+03 4.51466e-01
8.00600e+03 4.51449e-01
8.00700e+03 4.51431e-01
8.00800e+03 4.51414e-01
8.00900e+03 4.51396e-01
8.01000e+03 4.51379e-01
8.01100e+03 4.51372e-01
8.01200e+03 4.51365e-01
8.01300e+03 4.51358e-01
8.01400e+03 4.51351e-01
8.01500e+03 4.51344e-01
8.01600e+03 4.51430e-01
8.01700e+03 4.51516e-01
8.01800e+03 4.51602e-01
8.01900e+03 4.51688e-01
8.02000e+03 4.51774e-01
8.02100e+03 4.51750e-01
8.02200e+03 4.51726e-01
8.02300e+03 4.51703e-01
8.02400e+03 4.51679e-01
8.02500e+03 4.51655e-01
8.02600e+03 4.51631e-01
8.02700e+03 4.51608e-01
8.02800e+03 4.51584e-01
8.02900e+03 4.51560e-01
8.03000e+03 4.51537e-01
8.03100e+03 4.51642e-01
8.03200e+03 4.51747e-01
8.03300e+03 4.51853e-01
8.03400e+03 4.51958e-01
8.03500e+03 4.52063e-01
8.03600e+03 4.52076e-01
8.03700e+03 4.51873e-01
8.03800e+03 4.51670e-01
8.03900e+03 4.50773e-01
8.04000e+03 4.49875e-01
8.04100e+03 4.48963e-01
8.04200e+03 4.48051e-01
8.04300e+03 4.47139e-01
8.04400e+03 4.46228e-01
8.04500e+03 4.45340e-01
8.04600e+03 4.44634e-01
8.04700e+03 4.43904e-01
8.04800e+03 4.43173e-01
8.04900e+03 4.42442e-01
8.05000e+03 4.41709e-01
8.05100e+03 4.40964e-01
8.05200e+03 4.40217e-01
8.05300e+03 4.39470e-01
8.05400e+03 4.38722e-01
8.05500e+03 4.37998e-01
8.05600e+03 4.37094e-01
8.05700e+03 4.36166e-01
8.05800e+03 4.35239e-01
8.05900e+03 4.34311e-01
8.06000e+03 4.33383e-01
8.06100e+03 4.32450e-01
8.06200e+03 4.31517e-01
8.06300e+03 4.30608e-01
8.06400e+03 4.29699e-01
8.06500e+03 4.28766e-01
8.06600e+03 4.27833e-01
8.06700e+03 4.26900e-01
8.06800e+03 4.25968e-01
8.06900e+03 4.25035e-01
8.07000e+03 4.24102e-01
8.07100e+03 4.23209e-01
8.07200e+03 4.22316e-01
8.07300e+03 4.20726e-01
8.07400e+03 4.19135e-01
8.07500e+03 4.17305e-01
8.07600e+03 4.15475e-01
8.07700e+03 4.13669e-01
8.07800e+03 4.11863e-01
8.07900e+03 4.10033e-01
8.08000e+03 4.08202e-01
8.08100e+03 4.06268e-01
8.08200e+03 4.04335e-01
8.08300e+03 4.02427e-01
8.08400e+03 4.00519e-01
8.08500e+03 3.98589e-01
8.08600e+03 3.96660e-01
8.08700e+03 3.94755e-01
8.08800e+03 3.92852e-01
8.08900e+03 3.90926e-01
8.09000e+03 3.89000e-01
8.09100e+03 3.87135e-01
8.09200e+03 3.85271e-01
8.09300e+03 3.83384e-01
8.09400e+03 3.81497e-01
8.09500e+03 3.79635e-01
8.09600e+03 3.77851e-01
8.09700e+03 3.76043e-01
8.09800e+03 3.74234e-01
8.09900e+03 3.72450e-01
8.10000e+03 3.70665e-01
8.10100e+03 3.68847e-01
8.10200e+03 3.67028e-01
8.10300e+03 3.65233e-01
8.10400e+03 3.63438e-01
8.10500e+03 3.61619e-01
8.10600e+03 3.59652e-01
8.10700e+03 3.57711e-01
8.10800e+03 3.55771e-01
8.10900e+03 3.53809e-01
8.11000e+03 3.51849e-01
8.11100e+03 3.49844e-01
8.11200e+03 3.47842e-01
8.11300e+03 3.45818e-01
8.11400e+03 3.43796e-01
8.11500e+03 3.41800e-01
8.11600e+03 3.39877e-01
8.11700e+03 3.37931e-01
8.11800e+03 3.35987e-01
8.11900e+03 3.34067e-01
8.12000e+03 3.32150e-01
8.12100e+03 3.30287e-01
8.12200e+03 3.28425e-01
8.12300e+03 3.26587e-01
8.12400e+03 3.24750e-01
8.12500e+03 3.22890e-01
8.12600e+03 3.20566e-01
8.12700e+03 3.18271e-01
8.12800e+03 3.15981e-01
8.12900e+03 3.13674e-01
8.13000e+03 3.11373e-01
8.13100e+03 3.08592e-01
8.13200e+03 3.05822e-01
8.13300e+03 3.03087e-01
8.13400e+03 3.00364e-01
8.13500e+03 2.97629e-01
8.13600e+03 2.95469e-01
8.13700e+03 2.93338e-01
8.13800e+03 2.91211e-01
8.13900e+03 2.89066e-01
8.14000e+03 2.86926e-01
8.14100e+03 2.85028e-01
8.14200e+03 2.83132e-01
8.14300e+03 2.81216e-01
8.14400e+03 2.79301e-01
8.14500e+03 2.77411e-01
8.14600e+03 2.75111e-01
8.14700e+03 2.72795e-01
8.14800e+03 2.70487e-01
8.14900e+03 2.68208e-01
8.15000e+03 2.65936e-01
8.15100e+03 2.63562e-01
8.15200e+03 2.61196e-01
8.15300e+03 2.58861e-01
8.15400e+03 2.56535e-01
8.15500e+03 2.54194e-01
8.15600e+03 2.51918e-01
8.15700e+03 2.49671e-01
8.15800e+03 2.47433e-01
8.15900e+03 2.45179e-01
8.16000e+03 2.42934e-01
8.16100e+03 2.40957e-01
8.16200e+03 2.38985e-01
8.16300e+03 2.36995e-01
8.16400e+03 2.35009e-01
8.16500e+03 2.33050e-01
8.16600e+03 2.32125e-01
8.16700e+03 2.31168e-01
8.16800e+03 2.30201e-01
8.16900e+03 2.29245e-01
8.17000e+03 2.28280e-01
8.17100e+03 2.26583e-01
8.17200e+03 2.24887e-01
8.17300e+03 2.23213e-01
8.17400e+03 2.21539e-01
8.17500e+03 2.19843e-01
8.17600e+03 2.17285e-01
8.17700e+03 2.14763e-01
8.17800e+03 2.12254e-01
8.17900e+03 2.09736e-01
8.18000e+03 2.07231e-01
8.18100e+03 2.06193e-01
8.18200e+03 2.05145e-01
8.18300e+03 2.04109e-01
8.18400e+03 2.03063e-01
8.18500e+03 2.01984e-01
8.18600e+03 2.00762e-01
8.18700e+03 1.99555e-01
8.18800e+03 1.98340e-01
8.18900e+03 1.97095e-01
8.19000e+03 1.95841e-01
8.19100e+03 1.94191e-01
8.19200e+03 1.92540e-01
8.19300e+03 1.90865e-01
8.19400e+03 1.89190e-01
8.19500e+03 1.87537e-01
8.19600e+03 1.85843e-01
8.19700e+03 1.84126e-01
8.19800e+03 1.82409e-01
8.19900e+03 1.80715e-01
8.20000e+03 1.79020e-01
8.20100e+03 1.78233e-01
8.20200e+03 1.77428e-01
8.20300e+03 1.76627e-01
8.20400e+03 1.75809e-01
8.20500e+03 1.74950e-01
8.20600e+03 1.73853e-01
8.20700e+03 1.72766e-01
8.20800e+03 1.71666e-01
8.20900e+03 1.70529e-01
8.21000e+03 1.69378e-01
8.21100e+03 1.67530e-01
8.21200e+03 1.65684e-01
8.21300e+03 1.63816e-01
8.21400e+03 1.61950e-01
8.21500e+03 1.60109e-01
8.21600e+03 1.57972e-01
8.21700e+03 1.55821e-01
8.21800e+03 1.53678e-01
8.21900e+03 1.51566e-01
8.22000e+03 1.49463e-01
8.22100e+03 1.46457e-01
8.22200e+03 1.43481e-01
8.22300e+03 1.40557e-01
8.22400e+03 1.37662e-01
8.22500e+03 1.34773e-01
8.22600e+03 1.31534e-01
8.22700e+03 1.28356e-01
8.22800e+03 1.25216e-01
8.22900e+03 1.22093e-01
8.23000e+03 1.19010e-01
8.23100e+03 1.18036e-01
8.23200e+03 1.17045e-01
8.23300e+03 1.16059e-01
8.23400e+03 1.15056e-01
8.23500e+03 1.14014e-01
8.23600e+03 1.13697e-01
8.23700e+03 1.13363e-01
8.23800e+03 1.12991e-01
8.23900e+03 1.12558e-01
8.24000e+03 1.12086e-01
8.24100e+03 1.10848e-01
8.24200e+03 1.09595e-01
8.24300e+03 1.08305e-01
8.24400e+03 1.06999e-01
8.24500e+03 1.05702e-01
8.24600e+03 1.04062e-01
8.24700e+03 1.02395e-01
8.24800e+03 1.00724e-01
8.24900e+03 9.90734e-02
8.25000e+03 9.74187e-02
8.25100e+03 9.55416e-02
8.25200e+03 9.36680e-02
8.25300e+03 9.18213e-02
8.25400e+03 8.99781e-02
8.25500e+03 8.81150e-02
8.25600e+03 8.62555e-02
8.25700e+03 8.44228e-02
8.25800e+03 8.25935e-02
8.25900e+03 8.07445e-02
8.26000e+03 7.88990e-02
8.26100e+03 7.73498e-02
8.26200e+03 7.57919e-02
8.26300e+03 7.42018e-02
8.26400e+03 7.26030e-02
8.26500e+03 7.10189e-02
8.26600e+03 6.93105e-02
8.26700e+03 6.75757e-02
8.26800e+03 6.58380e-02
8.26900e+03 6.41212e-02
8.27000e+03 6.24015e-02
8.27100e+03 6.02998e-02
8.27200e+03 5.82163e-02
8.27300e+03 5.61744e-02
8.27400e+03 5.41505e-02
8.27500e+03 5.21216e-02
8.27600e+03 5.02184e-02
8.27700e+03 4.83489e-02
8.27800e+03 4.64900e-02
8.27900e+03 4.46190e-02
8.28000e+03 4.27588e-02
8.28100e+03 4.19827e-02
8.28200e+03 4.12031e-02
8.28300e+03 4.04201e-02
8.28400e+03 3.96336e-02
8.28500e+03 3.88665e-02
8.28600e+03 3.80227e-02
8.28700e+03 3.71559e-02
8.28800e+03 3.62890e-02
8.28900e+03 3.54219e-02
8.29000e+03 3.45548e-02
8.29100e+03 3.37094e-02
8.29200e+03 3.28627e-02
8.29300e+03 3.20377e-02
8.29400e+03 3.12115e-02
8.29500e+03 3.03611e-02
8.29600e+03 2.95472e-02
8.29700e+03 2.87299e-02
8.29800e+03 2.79090e-02
8.29900e+03 2.70846e-02
8.30000e+03 2.62567e-02
8.30100e+03 2.54115e-02
8.30200e+03 2.45653e-02
8.30300e+03 2.36951e-02
8.30400e+03 2.28239e-02
8.30500e+03 2.19519e-02
8.30600e+03 2.11100e-02
8.30700e+03 2.02646e-02
8.30800e+03 1.94158e-02
8.30900e+03 1.85869e-02
8.31000e+03 1.77545e-02
8.31100e+03 1.68570e-02
8.31200e+03 1.59600e-02
8.31300e+03 1.50636e-02
8.31400e+03 1.41677e-02
8.31500e+03 1.32723e-02
8.31600e+03 1.23490e-02
8.31700e+03 1.14537e-02
8.31800e+03 1.05629e-02
8.31900e+03 9.65344e-03
8.32000e+03 8.74859e-03
8.32100e+03 7.88186e-03
8.32200e+03 7.01228e-03
8.32300e+03 6.13984e-03
8.32400e+03 5.26455e-03
8.32500e+03 4.40975e-03
8.32600e+03 3.55439e-03
8.32700e+03 2.67174e-03
8.32800e+03 1.78513e-03
8.32900e+03 8.94546e-04
