# Filter name : LSST/LSST.g
# Description : LSST g filter (full)
# Photometric system : LSST
# FilterType : photon
# Band name : g
# Observatory : LSST
# Instrument : LSST
# Comments : Full throughput: system - mirrors, lenses, filter, detector, and the zenith atmosphere. Aerosols added to atmosphere Version 1.5  
# 
3.86400e+03 4.99572e-14
3.86500e+03 2.54262e-04
3.86600e+03 5.09039e-04
3.86700e+03 1.00570e-03
3.86800e+03 1.50336e-03
3.86900e+03 2.01547e-03
3.87000e+03 2.52861e-03
3.87100e+03 3.03006e-03
3.87200e+03 3.53276e-03
3.87300e+03 4.05021e-03
3.87400e+03 4.56896e-03
3.87500e+03 5.08899e-03
3.87600e+03 5.60871e-03
3.87700e+03 6.11587e-03
3.87800e+03 6.62401e-03
3.87900e+03 7.14670e-03
3.88000e+03 7.67039e-03
3.88100e+03 8.18144e-03
3.88200e+03 8.69346e-03
3.88300e+03 9.22010e-03
3.88400e+03 9.74774e-03
3.88500e+03 1.02627e-02
3.88600e+03 1.07817e-02
3.88700e+03 1.13157e-02
3.88800e+03 1.18510e-02
3.88900e+03 1.23738e-02
3.89000e+03 1.28979e-02
3.89100e+03 1.34325e-02
3.89200e+03 1.39680e-02
3.89300e+03 1.45045e-02
3.89400e+03 1.50420e-02
3.89500e+03 1.55666e-02
3.89600e+03 1.60922e-02
3.89700e+03 1.66326e-02
3.89800e+03 1.71740e-02
3.89900e+03 1.77025e-02
3.90000e+03 1.82320e-02
3.90100e+03 1.87826e-02
3.90200e+03 1.93345e-02
3.90300e+03 1.98739e-02
3.90400e+03 2.04147e-02
3.90500e+03 2.09708e-02
3.90600e+03 2.15222e-02
3.90700e+03 2.20747e-02
3.90800e+03 2.26283e-02
3.90900e+03 2.31690e-02
3.91000e+03 2.37108e-02
3.91100e+03 2.42657e-02
3.91200e+03 2.48217e-02
3.91300e+03 2.53645e-02
3.91400e+03 2.59084e-02
3.91500e+03 2.67350e-02
3.91600e+03 2.75631e-02
3.91700e+03 2.86468e-02
3.91800e+03 2.97325e-02
3.91900e+03 3.08201e-02
3.92000e+03 3.19096e-02
3.92100e+03 3.30109e-02
3.92200e+03 3.41148e-02
3.92300e+03 3.52213e-02
3.92400e+03 3.63303e-02
3.92500e+03 3.74418e-02
3.92600e+03 3.85451e-02
3.92700e+03 3.96504e-02
3.92800e+03 4.07576e-02
3.92900e+03 4.18667e-02
3.93000e+03 4.29778e-02
3.93100e+03 4.41063e-02
3.93200e+03 4.52369e-02
3.93300e+03 4.63551e-02
3.93400e+03 4.74754e-02
3.93500e+03 4.85976e-02
3.93600e+03 4.97358e-02
3.93700e+03 5.08765e-02
3.93800e+03 5.20198e-02
3.93900e+03 5.31658e-02
3.94000e+03 5.43144e-02
3.94100e+03 5.54495e-02
3.94200e+03 5.65865e-02
3.94300e+03 5.77257e-02
3.94400e+03 5.88670e-02
3.94500e+03 6.00104e-02
3.94600e+03 6.11559e-02
3.94700e+03 6.23036e-02
3.94800e+03 6.34534e-02
3.94900e+03 6.46200e-02
3.95000e+03 6.57888e-02
3.95100e+03 6.69409e-02
3.95200e+03 6.80951e-02
3.95300e+03 6.92515e-02
3.95400e+03 7.04100e-02
3.95500e+03 7.15707e-02
3.95600e+03 7.27337e-02
3.95700e+03 7.38990e-02
3.95800e+03 7.50665e-02
3.95900e+03 7.62362e-02
3.96000e+03 7.74080e-02
3.96100e+03 7.86046e-02
3.96200e+03 7.98039e-02
3.96300e+03 8.10059e-02
3.96400e+03 8.22104e-02
3.96500e+03 8.34321e-02
3.96600e+03 8.46331e-02
3.96700e+03 8.58211e-02
3.96800e+03 8.70110e-02
3.96900e+03 8.82027e-02
3.97000e+03 8.93961e-02
3.97100e+03 9.05933e-02
3.97200e+03 9.17922e-02
3.97300e+03 9.29927e-02
3.97400e+03 9.41947e-02
3.97500e+03 9.53983e-02
3.97600e+03 9.66034e-02
3.97700e+03 9.78101e-02
3.97800e+03 9.90183e-02
3.97900e+03 1.00228e-01
3.98000e+03 1.01439e-01
3.98100e+03 1.02664e-01
3.98200e+03 1.03890e-01
3.98300e+03 1.05102e-01
3.98400e+03 1.06317e-01
3.98500e+03 1.07533e-01
3.98600e+03 1.08781e-01
3.98700e+03 1.10031e-01
3.98800e+03 1.11284e-01
3.98900e+03 1.12539e-01
3.99000e+03 1.13796e-01
3.99100e+03 1.15024e-01
3.99200e+03 1.16254e-01
3.99300e+03 1.17485e-01
3.99400e+03 1.18718e-01
3.99500e+03 1.19954e-01
3.99600e+03 1.21191e-01
3.99700e+03 1.22430e-01
3.99800e+03 1.23672e-01
3.99900e+03 1.24930e-01
4.00000e+03 1.26190e-01
4.00100e+03 1.27430e-01
4.00200e+03 1.28672e-01
4.00300e+03 1.29916e-01
4.00400e+03 1.31162e-01
4.00500e+03 1.32409e-01
4.00600e+03 1.33658e-01
4.00700e+03 1.34909e-01
4.00800e+03 1.36161e-01
4.00900e+03 1.37416e-01
4.01000e+03 1.38672e-01
4.01100e+03 1.39965e-01
4.01200e+03 1.41260e-01
4.01300e+03 1.42558e-01
4.01400e+03 1.43858e-01
4.01500e+03 1.45176e-01
4.01600e+03 1.46457e-01
4.01700e+03 1.47724e-01
4.01800e+03 1.48993e-01
4.01900e+03 1.50263e-01
4.02000e+03 1.51535e-01
4.02100e+03 1.52816e-01
4.02200e+03 1.54098e-01
4.02300e+03 1.55383e-01
4.02400e+03 1.56669e-01
4.02500e+03 1.57958e-01
4.02600e+03 1.59248e-01
4.02700e+03 1.60540e-01
4.02800e+03 1.61833e-01
4.02900e+03 1.63129e-01
4.03000e+03 1.64427e-01
4.03100e+03 1.65746e-01
4.03200e+03 1.67067e-01
4.03300e+03 1.68375e-01
4.03400e+03 1.69684e-01
4.03500e+03 1.70995e-01
4.03600e+03 1.72309e-01
4.03700e+03 1.73624e-01
4.03800e+03 1.74941e-01
4.03900e+03 1.76260e-01
4.04000e+03 1.77581e-01
4.04100e+03 1.78884e-01
4.04200e+03 1.80188e-01
4.04300e+03 1.81494e-01
4.04400e+03 1.82801e-01
4.04500e+03 1.84110e-01
4.04600e+03 1.85471e-01
4.04700e+03 1.86834e-01
4.04800e+03 1.88199e-01
4.04900e+03 1.89583e-01
4.05000e+03 1.90969e-01
4.05100e+03 1.92298e-01
4.05200e+03 1.93628e-01
4.05300e+03 1.94961e-01
4.05400e+03 1.96295e-01
4.05500e+03 1.97631e-01
4.05600e+03 1.98969e-01
4.05700e+03 2.00308e-01
4.05800e+03 2.01650e-01
4.05900e+03 2.02993e-01
4.06000e+03 2.04338e-01
4.06100e+03 2.05689e-01
4.06200e+03 2.07043e-01
4.06300e+03 2.08398e-01
4.06400e+03 2.09755e-01
4.06500e+03 2.11130e-01
4.06600e+03 2.12507e-01
4.06700e+03 2.13870e-01
4.06800e+03 2.15234e-01
4.06900e+03 2.16601e-01
4.07000e+03 2.17969e-01
4.07100e+03 2.19329e-01
4.07200e+03 2.20691e-01
4.07300e+03 2.22054e-01
4.07400e+03 2.23419e-01
4.07500e+03 2.24786e-01
4.07600e+03 2.26155e-01
4.07700e+03 2.27525e-01
4.07800e+03 2.28897e-01
4.07900e+03 2.30271e-01
4.08000e+03 2.31647e-01
4.08100e+03 2.33046e-01
4.08200e+03 2.34447e-01
4.08300e+03 2.35834e-01
4.08400e+03 2.37223e-01
4.08500e+03 2.38613e-01
4.08600e+03 2.40005e-01
4.08700e+03 2.41400e-01
4.08800e+03 2.42795e-01
4.08900e+03 2.44193e-01
4.09000e+03 2.45593e-01
4.09100e+03 2.46983e-01
4.09200e+03 2.48376e-01
4.09300e+03 2.49770e-01
4.09400e+03 2.51166e-01
4.09500e+03 2.52563e-01
4.09600e+03 2.53963e-01
4.09700e+03 2.55364e-01
4.09800e+03 2.56766e-01
4.09900e+03 2.58187e-01
4.10000e+03 2.59610e-01
4.10100e+03 2.61015e-01
4.10200e+03 2.62422e-01
4.10300e+03 2.63831e-01
4.10400e+03 2.65241e-01
4.10500e+03 2.66653e-01
4.10600e+03 2.68138e-01
4.10700e+03 2.69626e-01
4.10800e+03 2.71115e-01
4.10900e+03 2.72608e-01
4.11000e+03 2.74102e-01
4.11100e+03 2.75534e-01
4.11200e+03 2.76967e-01
4.11300e+03 2.78402e-01
4.11400e+03 2.79839e-01
4.11500e+03 2.81294e-01
4.11600e+03 2.82751e-01
4.11700e+03 2.84193e-01
4.11800e+03 2.85637e-01
4.11900e+03 2.87083e-01
4.12000e+03 2.88530e-01
4.12100e+03 2.89966e-01
4.12200e+03 2.91403e-01
4.12300e+03 2.92373e-01
4.12400e+03 2.93344e-01
4.12500e+03 2.94149e-01
4.12600e+03 2.94954e-01
4.12700e+03 2.95778e-01
4.12800e+03 2.96602e-01
4.12900e+03 2.97427e-01
4.13000e+03 2.98253e-01
4.13100e+03 2.99076e-01
4.13200e+03 2.99901e-01
4.13300e+03 3.00743e-01
4.13400e+03 3.01586e-01
4.13500e+03 3.02414e-01
4.13600e+03 3.03242e-01
4.13700e+03 3.04088e-01
4.13800e+03 3.04935e-01
4.13900e+03 3.05766e-01
4.14000e+03 3.06598e-01
4.14100e+03 3.07432e-01
4.14200e+03 3.08267e-01
4.14300e+03 3.09086e-01
4.14400e+03 3.09906e-01
4.14500e+03 3.10744e-01
4.14600e+03 3.11582e-01
4.14700e+03 3.12421e-01
4.14800e+03 3.13262e-01
4.14900e+03 3.14086e-01
4.15000e+03 3.14911e-01
4.15100e+03 3.15743e-01
4.15200e+03 3.16576e-01
4.15300e+03 3.17392e-01
4.15400e+03 3.18210e-01
4.15500e+03 3.19045e-01
4.15600e+03 3.19882e-01
4.15700e+03 3.20548e-01
4.15800e+03 3.21214e-01
4.15900e+03 3.21403e-01
4.16000e+03 3.21591e-01
4.16100e+03 3.21805e-01
4.16200e+03 3.22020e-01
4.16300e+03 3.22234e-01
4.16400e+03 3.22449e-01
4.16500e+03 3.22663e-01
4.16600e+03 3.22878e-01
4.16700e+03 3.23093e-01
4.16800e+03 3.23308e-01
4.16900e+03 3.23523e-01
4.17000e+03 3.23739e-01
4.17100e+03 3.23919e-01
4.17200e+03 3.24100e-01
4.17300e+03 3.24281e-01
4.17400e+03 3.24462e-01
4.17500e+03 3.24643e-01
4.17600e+03 3.24824e-01
4.17700e+03 3.25005e-01
4.17800e+03 3.25186e-01
4.17900e+03 3.25367e-01
4.18000e+03 3.25549e-01
4.18100e+03 3.25752e-01
4.18200e+03 3.25956e-01
4.18300e+03 3.26160e-01
4.18400e+03 3.26364e-01
4.18500e+03 3.26568e-01
4.18600e+03 3.26772e-01
4.18700e+03 3.26976e-01
4.18800e+03 3.27180e-01
4.18900e+03 3.27384e-01
4.19000e+03 3.27589e-01
4.19100e+03 3.27786e-01
4.19200e+03 3.27983e-01
4.19300e+03 3.28181e-01
4.19400e+03 3.28378e-01
4.19500e+03 3.28576e-01
4.19600e+03 3.28774e-01
4.19700e+03 3.28971e-01
4.19800e+03 3.29169e-01
4.19900e+03 3.29367e-01
4.20000e+03 3.29565e-01
4.20100e+03 3.29751e-01
4.20200e+03 3.29936e-01
4.20300e+03 3.30122e-01
4.20400e+03 3.30308e-01
4.20500e+03 3.30494e-01
4.20600e+03 3.30680e-01
4.20700e+03 3.30866e-01
4.20800e+03 3.31052e-01
4.20900e+03 3.31238e-01
4.21000e+03 3.31424e-01
4.21100e+03 3.31608e-01
4.21200e+03 3.31792e-01
4.21300e+03 3.31976e-01
4.21400e+03 3.32160e-01
4.21500e+03 3.32344e-01
4.21600e+03 3.32529e-01
4.21700e+03 3.32713e-01
4.21800e+03 3.32897e-01
4.21900e+03 3.33082e-01
4.22000e+03 3.33266e-01
4.22100e+03 3.33450e-01
4.22200e+03 3.33635e-01
4.22300e+03 3.33819e-01
4.22400e+03 3.34003e-01
4.22500e+03 3.34188e-01
4.22600e+03 3.34373e-01
4.22700e+03 3.34557e-01
4.22800e+03 3.34742e-01
4.22900e+03 3.34927e-01
4.23000e+03 3.35112e-01
4.23100e+03 3.35214e-01
4.23200e+03 3.35316e-01
4.23300e+03 3.35418e-01
4.23400e+03 3.35520e-01
4.23500e+03 3.35623e-01
4.23600e+03 3.35811e-01
4.23700e+03 3.36000e-01
4.23800e+03 3.36188e-01
4.23900e+03 3.36377e-01
4.24000e+03 3.36566e-01
4.24100e+03 3.36753e-01
4.24200e+03 3.36940e-01
4.24300e+03 3.37128e-01
4.24400e+03 3.37316e-01
4.24500e+03 3.37503e-01
4.24600e+03 3.37691e-01
4.24700e+03 3.37879e-01
4.24800e+03 3.38067e-01
4.24900e+03 3.38255e-01
4.25000e+03 3.38443e-01
4.25100e+03 3.38643e-01
4.25200e+03 3.38843e-01
4.25300e+03 3.39043e-01
4.25400e+03 3.39243e-01
4.25500e+03 3.39443e-01
4.25600e+03 3.39644e-01
4.25700e+03 3.39844e-01
4.25800e+03 3.40045e-01
4.25900e+03 3.40245e-01
4.26000e+03 3.40446e-01
4.26100e+03 3.40626e-01
4.26200e+03 3.40806e-01
4.26300e+03 3.40986e-01
4.26400e+03 3.41166e-01
4.26500e+03 3.41346e-01
4.26600e+03 3.41526e-01
4.26700e+03 3.41706e-01
4.26800e+03 3.41886e-01
4.26900e+03 3.42067e-01
4.27000e+03 3.42247e-01
4.27100e+03 3.42406e-01
4.27200e+03 3.42565e-01
4.27300e+03 3.42724e-01
4.27400e+03 3.42884e-01
4.27500e+03 3.43043e-01
4.27600e+03 3.43115e-01
4.27700e+03 3.43187e-01
4.27800e+03 3.43259e-01
4.27900e+03 3.43331e-01
4.28000e+03 3.43403e-01
4.28100e+03 3.43670e-01
4.28200e+03 3.43936e-01
4.28300e+03 3.44203e-01
4.28400e+03 3.44470e-01
4.28500e+03 3.44737e-01
4.28600e+03 3.44916e-01
4.28700e+03 3.45096e-01
4.28800e+03 3.45276e-01
4.28900e+03 3.45456e-01
4.29000e+03 3.45635e-01
4.29100e+03 3.45832e-01
4.29200e+03 3.46029e-01
4.29300e+03 3.46226e-01
4.29400e+03 3.46423e-01
4.29500e+03 3.46620e-01
4.29600e+03 3.46730e-01
4.29700e+03 3.46840e-01
4.29800e+03 3.46949e-01
4.29900e+03 3.47059e-01
4.30000e+03 3.47168e-01
4.30100e+03 3.47338e-01
4.30200e+03 3.47508e-01
4.30300e+03 3.47677e-01
4.30400e+03 3.47847e-01
4.30500e+03 3.48017e-01
4.30600e+03 3.48187e-01
4.30700e+03 3.48357e-01
4.30800e+03 3.48527e-01
4.30900e+03 3.48697e-01
4.31000e+03 3.48867e-01
4.31100e+03 3.49037e-01
4.31200e+03 3.49207e-01
4.31300e+03 3.49377e-01
4.31400e+03 3.49547e-01
4.31500e+03 3.49717e-01
4.31600e+03 3.49887e-01
4.31700e+03 3.50057e-01
4.31800e+03 3.50227e-01
4.31900e+03 3.50398e-01
4.32000e+03 3.50568e-01
4.32100e+03 3.50758e-01
4.32200e+03 3.50949e-01
4.32300e+03 3.51139e-01
4.32400e+03 3.51330e-01
4.32500e+03 3.51520e-01
4.32600e+03 3.51623e-01
4.32700e+03 3.51725e-01
4.32800e+03 3.51827e-01
4.32900e+03 3.51930e-01
4.33000e+03 3.52032e-01
4.33100e+03 3.52191e-01
4.33200e+03 3.52349e-01
4.33300e+03 3.52508e-01
4.33400e+03 3.52667e-01
4.33500e+03 3.52826e-01
4.33600e+03 3.52985e-01
4.33700e+03 3.53145e-01
4.33800e+03 3.53304e-01
4.33900e+03 3.53464e-01
4.34000e+03 3.53624e-01
4.34100e+03 3.53702e-01
4.34200e+03 3.53780e-01
4.34300e+03 3.53858e-01
4.34400e+03 3.53935e-01
4.34500e+03 3.54012e-01
4.34600e+03 3.54177e-01
4.34700e+03 3.54341e-01
4.34800e+03 3.54504e-01
4.34900e+03 3.54667e-01
4.35000e+03 3.54829e-01
4.35100e+03 3.54986e-01
4.35200e+03 3.55143e-01
4.35300e+03 3.55298e-01
4.35400e+03 3.55454e-01
4.35500e+03 3.55608e-01
4.35600e+03 3.55762e-01
4.35700e+03 3.55916e-01
4.35800e+03 3.56070e-01
4.35900e+03 3.56223e-01
4.36000e+03 3.56376e-01
4.36100e+03 3.56531e-01
4.36200e+03 3.56686e-01
4.36300e+03 3.56841e-01
4.36400e+03 3.56996e-01
4.36500e+03 3.57150e-01
4.36600e+03 3.57305e-01
4.36700e+03 3.57458e-01
4.36800e+03 3.57612e-01
4.36900e+03 3.57764e-01
4.37000e+03 3.57917e-01
4.37100e+03 3.58056e-01
4.37200e+03 3.58195e-01
4.37300e+03 3.58333e-01
4.37400e+03 3.58472e-01
4.37500e+03 3.58610e-01
4.37600e+03 3.58749e-01
4.37700e+03 3.58887e-01
4.37800e+03 3.59026e-01
4.37900e+03 3.59165e-01
4.38000e+03 3.59305e-01
4.38100e+03 3.59354e-01
4.38200e+03 3.59403e-01
4.38300e+03 3.59453e-01
4.38400e+03 3.59504e-01
4.38500e+03 3.59555e-01
4.38600e+03 3.59696e-01
4.38700e+03 3.59837e-01
4.38800e+03 3.59978e-01
4.38900e+03 3.60120e-01
4.39000e+03 3.60262e-01
4.39100e+03 3.60313e-01
4.39200e+03 3.60364e-01
4.39300e+03 3.60416e-01
4.39400e+03 3.60468e-01
4.39500e+03 3.60520e-01
4.39600e+03 3.60663e-01
4.39700e+03 3.60806e-01
4.39800e+03 3.60950e-01
4.39900e+03 3.61095e-01
4.40000e+03 3.61240e-01
4.40100e+03 3.61398e-01
4.40200e+03 3.61556e-01
4.40300e+03 3.61715e-01
4.40400e+03 3.61875e-01
4.40500e+03 3.62035e-01
4.40600e+03 3.62197e-01
4.40700e+03 3.62359e-01
4.40800e+03 3.62521e-01
4.40900e+03 3.62684e-01
4.41000e+03 3.62848e-01
4.41100e+03 3.63006e-01
4.41200e+03 3.63164e-01
4.41300e+03 3.63322e-01
4.41400e+03 3.63480e-01
4.41500e+03 3.63637e-01
4.41600e+03 3.63795e-01
4.41700e+03 3.63952e-01
4.41800e+03 3.64110e-01
4.41900e+03 3.64267e-01
4.42000e+03 3.64425e-01
4.42100e+03 3.64568e-01
4.42200e+03 3.64711e-01
4.42300e+03 3.64855e-01
4.42400e+03 3.64998e-01
4.42500e+03 3.65142e-01
4.42600e+03 3.65195e-01
4.42700e+03 3.65249e-01
4.42800e+03 3.65302e-01
4.42900e+03 3.65356e-01
4.43000e+03 3.65410e-01
4.43100e+03 3.65549e-01
4.43200e+03 3.65689e-01
4.43300e+03 3.65829e-01
4.43400e+03 3.65969e-01
4.43500e+03 3.66109e-01
4.43600e+03 3.66248e-01
4.43700e+03 3.66388e-01
4.43800e+03 3.66528e-01
4.43900e+03 3.66668e-01
4.44000e+03 3.66808e-01
4.44100e+03 3.66846e-01
4.44200e+03 3.66885e-01
4.44300e+03 3.66923e-01
4.44400e+03 3.66961e-01
4.44500e+03 3.66999e-01
4.44600e+03 3.67037e-01
4.44700e+03 3.67075e-01
4.44800e+03 3.67113e-01
4.44900e+03 3.67152e-01
4.45000e+03 3.67190e-01
4.45100e+03 3.67351e-01
4.45200e+03 3.67512e-01
4.45300e+03 3.67674e-01
4.45400e+03 3.67835e-01
4.45500e+03 3.67996e-01
4.45600e+03 3.68158e-01
4.45700e+03 3.68319e-01
4.45800e+03 3.68481e-01
4.45900e+03 3.68642e-01
4.46000e+03 3.68804e-01
4.46100e+03 3.69033e-01
4.46200e+03 3.69263e-01
4.46300e+03 3.69492e-01
4.46400e+03 3.69722e-01
4.46500e+03 3.69952e-01
4.46600e+03 3.70000e-01
4.46700e+03 3.70049e-01
4.46800e+03 3.70098e-01
4.46900e+03 3.70147e-01
4.47000e+03 3.70196e-01
4.47100e+03 3.70334e-01
4.47200e+03 3.70473e-01
4.47300e+03 3.70612e-01
4.47400e+03 3.70751e-01
4.47500e+03 3.70890e-01
4.47600e+03 3.70938e-01
4.47700e+03 3.70987e-01
4.47800e+03 3.71035e-01
4.47900e+03 3.71083e-01
4.48000e+03 3.71132e-01
4.48100e+03 3.71281e-01
4.48200e+03 3.71430e-01
4.48300e+03 3.71580e-01
4.48400e+03 3.71729e-01
4.48500e+03 3.71879e-01
4.48600e+03 3.72029e-01
4.48700e+03 3.72179e-01
4.48800e+03 3.72330e-01
4.48900e+03 3.72481e-01
4.49000e+03 3.72631e-01
4.49100e+03 3.72754e-01
4.49200e+03 3.72876e-01
4.49300e+03 3.72998e-01
4.49400e+03 3.73119e-01
4.49500e+03 3.73239e-01
4.49600e+03 3.73359e-01
4.49700e+03 3.73479e-01
4.49800e+03 3.73597e-01
4.49900e+03 3.73715e-01
4.50000e+03 3.73832e-01
4.50100e+03 3.73867e-01
4.50200e+03 3.73901e-01
4.50300e+03 3.73934e-01
4.50400e+03 3.73966e-01
4.50500e+03 3.73998e-01
4.50600e+03 3.74120e-01
4.50700e+03 3.74241e-01
4.50800e+03 3.74362e-01
4.50900e+03 3.74483e-01
4.51000e+03 3.74603e-01
4.51100e+03 3.74711e-01
4.51200e+03 3.74819e-01
4.51300e+03 3.74927e-01
4.51400e+03 3.75035e-01
4.51500e+03 3.75143e-01
4.51600e+03 3.75160e-01
4.51700e+03 3.75177e-01
4.51800e+03 3.75194e-01
4.51900e+03 3.75210e-01
4.52000e+03 3.75226e-01
4.52100e+03 3.75350e-01
4.52200e+03 3.75473e-01
4.52300e+03 3.75596e-01
4.52400e+03 3.75719e-01
4.52500e+03 3.75842e-01
4.52600e+03 3.75964e-01
4.52700e+03 3.76086e-01
4.52800e+03 3.76208e-01
4.52900e+03 3.76330e-01
4.53000e+03 3.76451e-01
4.53100e+03 3.76491e-01
4.53200e+03 3.76530e-01
4.53300e+03 3.76570e-01
4.53400e+03 3.76610e-01
4.53500e+03 3.76650e-01
4.53600e+03 3.76781e-01
4.53700e+03 3.76913e-01
4.53800e+03 3.77044e-01
4.53900e+03 3.77175e-01
4.54000e+03 3.77307e-01
4.54100e+03 3.77416e-01
4.54200e+03 3.77526e-01
4.54300e+03 3.77636e-01
4.54400e+03 3.77748e-01
4.54500e+03 3.77860e-01
4.54600e+03 3.77973e-01
4.54700e+03 3.78087e-01
4.54800e+03 3.78201e-01
4.54900e+03 3.78317e-01
4.55000e+03 3.78434e-01
4.55100e+03 3.78458e-01
4.55200e+03 3.78484e-01
4.55300e+03 3.78510e-01
4.55400e+03 3.78536e-01
4.55500e+03 3.78563e-01
4.55600e+03 3.78683e-01
4.55700e+03 3.78802e-01
4.55800e+03 3.78923e-01
4.55900e+03 3.79043e-01
4.56000e+03 3.79164e-01
4.56100e+03 3.79186e-01
4.56200e+03 3.79209e-01
4.56300e+03 3.79231e-01
4.56400e+03 3.79253e-01
4.56500e+03 3.79275e-01
4.56600e+03 3.79388e-01
4.56700e+03 3.79500e-01
4.56800e+03 3.79613e-01
4.56900e+03 3.79725e-01
4.57000e+03 3.79838e-01
4.57100e+03 3.79975e-01
4.57200e+03 3.80112e-01
4.57300e+03 3.80249e-01
4.57400e+03 3.80387e-01
4.57500e+03 3.80524e-01
4.57600e+03 3.80569e-01
4.57700e+03 3.80615e-01
4.57800e+03 3.80661e-01
4.57900e+03 3.80707e-01
4.58000e+03 3.80753e-01
4.58100e+03 3.80778e-01
4.58200e+03 3.80802e-01
4.58300e+03 3.80827e-01
4.58400e+03 3.80852e-01
4.58500e+03 3.80877e-01
4.58600e+03 3.80993e-01
4.58700e+03 3.81110e-01
4.58800e+03 3.81227e-01
4.58900e+03 3.81344e-01
4.59000e+03 3.81461e-01
4.59100e+03 3.81590e-01
4.59200e+03 3.81720e-01
4.59300e+03 3.81849e-01
4.59400e+03 3.81978e-01
4.59500e+03 3.82107e-01
4.59600e+03 3.82143e-01
4.59700e+03 3.82180e-01
4.59800e+03 3.82215e-01
4.59900e+03 3.82251e-01
4.60000e+03 3.82285e-01
4.60100e+03 3.82405e-01
4.60200e+03 3.82524e-01
4.60300e+03 3.82642e-01
4.60400e+03 3.82760e-01
4.60500e+03 3.82877e-01
4.60600e+03 3.82901e-01
4.60700e+03 3.82925e-01
4.60800e+03 3.82949e-01
4.60900e+03 3.82972e-01
4.61000e+03 3.82994e-01
4.61100e+03 3.83088e-01
4.61200e+03 3.83180e-01
4.61300e+03 3.83272e-01
4.61400e+03 3.83364e-01
4.61500e+03 3.83456e-01
4.61600e+03 3.83456e-01
4.61700e+03 3.83455e-01
4.61800e+03 3.83453e-01
4.61900e+03 3.83452e-01
4.62000e+03 3.83449e-01
4.62100e+03 3.83560e-01
4.62200e+03 3.83671e-01
4.62300e+03 3.83781e-01
4.62400e+03 3.83892e-01
4.62500e+03 3.84002e-01
4.62600e+03 3.84113e-01
4.62700e+03 3.84224e-01
4.62800e+03 3.84335e-01
4.62900e+03 3.84446e-01
4.63000e+03 3.84557e-01
4.63100e+03 3.84576e-01
4.63200e+03 3.84594e-01
4.63300e+03 3.84612e-01
4.63400e+03 3.84630e-01
4.63500e+03 3.84649e-01
4.63600e+03 3.84759e-01
4.63700e+03 3.84868e-01
4.63800e+03 3.84977e-01
4.63900e+03 3.85086e-01
4.64000e+03 3.85195e-01
4.64100e+03 3.85195e-01
4.64200e+03 3.85194e-01
4.64300e+03 3.85194e-01
4.64400e+03 3.85195e-01
4.64500e+03 3.85195e-01
4.64600e+03 3.85289e-01
4.64700e+03 3.85382e-01
4.64800e+03 3.85477e-01
4.64900e+03 3.85573e-01
4.65000e+03 3.85670e-01
4.65100e+03 3.85777e-01
4.65200e+03 3.85886e-01
4.65300e+03 3.85995e-01
4.65400e+03 3.86106e-01
4.65500e+03 3.86218e-01
4.65600e+03 3.86331e-01
4.65700e+03 3.86445e-01
4.65800e+03 3.86560e-01
4.65900e+03 3.86675e-01
4.66000e+03 3.86791e-01
4.66100e+03 3.86922e-01
4.66200e+03 3.87054e-01
4.66300e+03 3.87186e-01
4.66400e+03 3.87317e-01
4.66500e+03 3.87449e-01
4.66600e+03 3.87487e-01
4.66700e+03 3.87526e-01
4.66800e+03 3.87565e-01
4.66900e+03 3.87604e-01
4.67000e+03 3.87643e-01
4.67100e+03 3.87752e-01
4.67200e+03 3.87861e-01
4.67300e+03 3.87971e-01
4.67400e+03 3.88080e-01
4.67500e+03 3.88189e-01
4.67600e+03 3.88207e-01
4.67700e+03 3.88224e-01
4.67800e+03 3.88241e-01
4.67900e+03 3.88259e-01
4.68000e+03 3.88276e-01
4.68100e+03 3.88386e-01
4.68200e+03 3.88496e-01
4.68300e+03 3.88606e-01
4.68400e+03 3.88715e-01
4.68500e+03 3.88825e-01
4.68600e+03 3.88843e-01
4.68700e+03 3.88861e-01
4.68800e+03 3.88879e-01
4.68900e+03 3.88897e-01
4.69000e+03 3.88915e-01
4.69100e+03 3.89019e-01
4.69200e+03 3.89124e-01
4.69300e+03 3.89228e-01
4.69400e+03 3.89332e-01
4.69500e+03 3.89437e-01
4.69600e+03 3.89449e-01
4.69700e+03 3.89462e-01
4.69800e+03 3.89474e-01
4.69900e+03 3.89487e-01
4.70000e+03 3.89499e-01
4.70100e+03 3.89597e-01
4.70200e+03 3.89695e-01
4.70300e+03 3.89793e-01
4.70400e+03 3.89891e-01
4.70500e+03 3.89989e-01
4.70600e+03 3.90087e-01
4.70700e+03 3.90185e-01
4.70800e+03 3.90283e-01
4.70900e+03 3.90381e-01
4.71000e+03 3.90479e-01
4.71100e+03 3.90511e-01
4.71200e+03 3.90544e-01
4.71300e+03 3.90577e-01
4.71400e+03 3.90609e-01
4.71500e+03 3.90642e-01
4.71600e+03 3.90767e-01
4.71700e+03 3.90891e-01
4.71800e+03 3.91016e-01
4.71900e+03 3.91141e-01
4.72000e+03 3.91265e-01
4.72100e+03 3.91270e-01
4.72200e+03 3.91274e-01
4.72300e+03 3.91278e-01
4.72400e+03 3.91283e-01
4.72500e+03 3.91287e-01
4.72600e+03 3.91384e-01
4.72700e+03 3.91480e-01
4.72800e+03 3.91576e-01
4.72900e+03 3.91673e-01
4.73000e+03 3.91769e-01
4.73100e+03 3.91783e-01
4.73200e+03 3.91796e-01
4.73300e+03 3.91810e-01
4.73400e+03 3.91823e-01
4.73500e+03 3.91837e-01
4.73600e+03 3.91942e-01
4.73700e+03 3.92048e-01
4.73800e+03 3.92154e-01
4.73900e+03 3.92259e-01
4.74000e+03 3.92365e-01
4.74100e+03 3.92386e-01
4.74200e+03 3.92407e-01
4.74300e+03 3.92428e-01
4.74400e+03 3.92450e-01
4.74500e+03 3.92471e-01
4.74600e+03 3.92492e-01
4.74700e+03 3.92513e-01
4.74800e+03 3.92534e-01
4.74900e+03 3.92556e-01
4.75000e+03 3.92577e-01
4.75100e+03 3.92671e-01
4.75200e+03 3.92766e-01
4.75300e+03 3.92860e-01
4.75400e+03 3.92955e-01
4.75500e+03 3.93049e-01
4.75600e+03 3.93052e-01
4.75700e+03 3.93054e-01
4.75800e+03 3.93057e-01
4.75900e+03 3.93059e-01
4.76000e+03 3.93061e-01
4.76100e+03 3.93158e-01
4.76200e+03 3.93254e-01
4.76300e+03 3.93351e-01
4.76400e+03 3.93447e-01
4.76500e+03 3.93544e-01
4.76600e+03 3.93548e-01
4.76700e+03 3.93553e-01
4.76800e+03 3.93557e-01
4.76900e+03 3.93561e-01
4.77000e+03 3.93566e-01
4.77100e+03 3.93580e-01
4.77200e+03 3.93594e-01
4.77300e+03 3.93607e-01
4.77400e+03 3.93621e-01
4.77500e+03 3.93635e-01
4.77600e+03 3.93741e-01
4.77700e+03 3.93847e-01
4.77800e+03 3.93953e-01
4.77900e+03 3.94060e-01
4.78000e+03 3.94166e-01
4.78100e+03 3.94177e-01
4.78200e+03 3.94189e-01
4.78300e+03 3.94201e-01
4.78400e+03 3.94213e-01
4.78500e+03 3.94225e-01
4.78600e+03 3.94237e-01
4.78700e+03 3.94248e-01
4.78800e+03 3.94260e-01
4.78900e+03 3.94272e-01
4.79000e+03 3.94284e-01
4.79100e+03 3.94287e-01
4.79200e+03 3.94290e-01
4.79300e+03 3.94293e-01
4.79400e+03 3.94296e-01
4.79500e+03 3.94300e-01
4.79600e+03 3.94303e-01
4.79700e+03 3.94306e-01
4.79800e+03 3.94309e-01
4.79900e+03 3.94312e-01
4.80000e+03 3.94315e-01
4.80100e+03 3.94411e-01
4.80200e+03 3.94506e-01
4.80300e+03 3.94601e-01
4.80400e+03 3.94696e-01
4.80500e+03 3.94792e-01
4.80600e+03 3.94795e-01
4.80700e+03 3.94798e-01
4.80800e+03 3.94801e-01
4.80900e+03 3.94804e-01
4.81000e+03 3.94807e-01
4.81100e+03 3.94900e-01
4.81200e+03 3.94994e-01
4.81300e+03 3.95087e-01
4.81400e+03 3.95181e-01
4.81500e+03 3.95274e-01
4.81600e+03 3.95275e-01
4.81700e+03 3.95276e-01
4.81800e+03 3.95277e-01
4.81900e+03 3.95279e-01
4.82000e+03 3.95280e-01
4.82100e+03 3.95394e-01
4.82200e+03 3.95508e-01
4.82300e+03 3.95622e-01
4.82400e+03 3.95737e-01
4.82500e+03 3.95851e-01
4.82600e+03 3.95873e-01
4.82700e+03 3.95895e-01
4.82800e+03 3.95917e-01
4.82900e+03 3.95939e-01
4.83000e+03 3.95961e-01
4.83100e+03 3.96056e-01
4.83200e+03 3.96150e-01
4.83300e+03 3.96245e-01
4.83400e+03 3.96340e-01
4.83500e+03 3.96434e-01
4.83600e+03 3.96530e-01
4.83700e+03 3.96625e-01
4.83800e+03 3.96721e-01
4.83900e+03 3.96816e-01
4.84000e+03 3.96912e-01
4.84100e+03 3.96912e-01
4.84200e+03 3.96912e-01
4.84300e+03 3.96911e-01
4.84400e+03 3.96910e-01
4.84500e+03 3.96908e-01
4.84600e+03 3.96998e-01
4.84700e+03 3.97087e-01
4.84800e+03 3.97175e-01
4.84900e+03 3.97262e-01
4.85000e+03 3.97349e-01
4.85100e+03 3.97334e-01
4.85200e+03 3.97319e-01
4.85300e+03 3.97302e-01
4.85400e+03 3.97285e-01
4.85500e+03 3.97267e-01
4.85600e+03 3.97341e-01
4.85700e+03 3.97414e-01
4.85800e+03 3.97487e-01
4.85900e+03 3.97559e-01
4.86000e+03 3.97631e-01
4.86100e+03 3.97723e-01
4.86200e+03 3.97814e-01
4.86300e+03 3.97905e-01
4.86400e+03 3.97996e-01
4.86500e+03 3.98087e-01
4.86600e+03 3.98086e-01
4.86700e+03 3.98084e-01
4.86800e+03 3.98082e-01
4.86900e+03 3.98080e-01
4.87000e+03 3.98078e-01
4.87100e+03 3.98161e-01
4.87200e+03 3.98244e-01
4.87300e+03 3.98326e-01
4.87400e+03 3.98409e-01
4.87500e+03 3.98492e-01
4.87600e+03 3.98482e-01
4.87700e+03 3.98472e-01
4.87800e+03 3.98463e-01
4.87900e+03 3.98454e-01
4.88000e+03 3.98444e-01
4.88100e+03 3.98428e-01
4.88200e+03 3.98413e-01
4.88300e+03 3.98397e-01
4.88400e+03 3.98382e-01
4.88500e+03 3.98368e-01
4.88600e+03 3.98353e-01
4.88700e+03 3.98338e-01
4.88800e+03 3.98323e-01
4.88900e+03 3.98309e-01
4.89000e+03 3.98294e-01
4.89100e+03 3.98375e-01
4.89200e+03 3.98456e-01
4.89300e+03 3.98537e-01
4.89400e+03 3.98619e-01
4.89500e+03 3.98702e-01
4.89600e+03 3.98693e-01
4.89700e+03 3.98685e-01
4.89800e+03 3.98677e-01
4.89900e+03 3.98670e-01
4.90000e+03 3.98665e-01
4.90100e+03 3.98738e-01
4.90200e+03 3.98813e-01
4.90300e+03 3.98888e-01
4.90400e+03 3.98964e-01
4.90500e+03 3.99041e-01
4.90600e+03 3.99027e-01
4.90700e+03 3.99013e-01
4.90800e+03 3.98999e-01
4.90900e+03 3.98986e-01
4.91000e+03 3.98974e-01
4.91100e+03 3.99055e-01
4.91200e+03 3.99137e-01
4.91300e+03 3.99218e-01
4.91400e+03 3.99299e-01
4.91500e+03 3.99380e-01
4.91600e+03 3.99368e-01
4.91700e+03 3.99356e-01
4.91800e+03 3.99345e-01
4.91900e+03 3.99333e-01
4.92000e+03 3.99321e-01
4.92100e+03 3.99422e-01
4.92200e+03 3.99523e-01
4.92300e+03 3.99624e-01
4.92400e+03 3.99725e-01
4.92500e+03 3.99826e-01
4.92600e+03 3.99835e-01
4.92700e+03 3.99844e-01
4.92800e+03 3.99852e-01
4.92900e+03 3.99861e-01
4.93000e+03 3.99870e-01
4.93100e+03 3.99862e-01
4.93200e+03 3.99853e-01
4.93300e+03 3.99844e-01
4.93400e+03 3.99836e-01
4.93500e+03 3.99827e-01
4.93600e+03 3.99911e-01
4.93700e+03 3.99994e-01
4.93800e+03 4.00078e-01
4.93900e+03 4.00161e-01
4.94000e+03 4.00245e-01
4.94100e+03 4.00230e-01
4.94200e+03 4.00216e-01
4.94300e+03 4.00201e-01
4.94400e+03 4.00187e-01
4.94500e+03 4.00173e-01
4.94600e+03 4.00158e-01
4.94700e+03 4.00144e-01
4.94800e+03 4.00129e-01
4.94900e+03 4.00115e-01
4.95000e+03 4.00101e-01
4.95100e+03 4.00190e-01
4.95200e+03 4.00280e-01
4.95300e+03 4.00369e-01
4.95400e+03 4.00459e-01
4.95500e+03 4.00548e-01
4.95600e+03 4.00545e-01
4.95700e+03 4.00543e-01
4.95800e+03 4.00540e-01
4.95900e+03 4.00538e-01
4.96000e+03 4.00535e-01
4.96100e+03 4.00529e-01
4.96200e+03 4.00523e-01
4.96300e+03 4.00517e-01
4.96400e+03 4.00511e-01
4.96500e+03 4.00505e-01
4.96600e+03 4.00499e-01
4.96700e+03 4.00493e-01
4.96800e+03 4.00487e-01
4.96900e+03 4.00481e-01
4.97000e+03 4.00475e-01
4.97100e+03 4.00573e-01
4.97200e+03 4.00671e-01
4.97300e+03 4.00768e-01
4.97400e+03 4.00866e-01
4.97500e+03 4.00964e-01
4.97600e+03 4.00969e-01
4.97700e+03 4.00975e-01
4.97800e+03 4.00980e-01
4.97900e+03 4.00986e-01
4.98000e+03 4.00992e-01
4.98100e+03 4.00981e-01
4.98200e+03 4.00971e-01
4.98300e+03 4.00961e-01
4.98400e+03 4.00951e-01
4.98500e+03 4.00941e-01
4.98600e+03 4.00931e-01
4.98700e+03 4.00920e-01
4.98800e+03 4.00910e-01
4.98900e+03 4.00900e-01
4.99000e+03 4.00890e-01
4.99100e+03 4.00967e-01
4.99200e+03 4.01044e-01
4.99300e+03 4.01122e-01
4.99400e+03 4.01199e-01
4.99500e+03 4.01276e-01
4.99600e+03 4.01261e-01
4.99700e+03 4.01246e-01
4.99800e+03 4.01232e-01
4.99900e+03 4.01217e-01
5.00000e+03 4.01202e-01
5.00100e+03 4.01107e-01
5.00200e+03 4.01011e-01
5.00300e+03 4.00916e-01
5.00400e+03 4.00821e-01
5.00500e+03 4.00726e-01
5.00600e+03 4.00722e-01
5.00700e+03 4.00719e-01
5.00800e+03 4.00716e-01
5.00900e+03 4.00713e-01
5.01000e+03 4.00710e-01
5.01100e+03 4.00705e-01
5.01200e+03 4.00701e-01
5.01300e+03 4.00697e-01
5.01400e+03 4.00693e-01
5.01500e+03 4.00688e-01
5.01600e+03 4.00684e-01
5.01700e+03 4.00680e-01
5.01800e+03 4.00675e-01
5.01900e+03 4.00671e-01
5.02000e+03 4.00667e-01
5.02100e+03 4.00648e-01
5.02200e+03 4.00630e-01
5.02300e+03 4.00612e-01
5.02400e+03 4.00593e-01
5.02500e+03 4.00575e-01
5.02600e+03 4.00464e-01
5.02700e+03 4.00354e-01
5.02800e+03 4.00243e-01
5.02900e+03 4.00133e-01
5.03000e+03 4.00022e-01
5.03100e+03 4.00021e-01
5.03200e+03 4.00019e-01
5.03300e+03 4.00017e-01
5.03400e+03 4.00016e-01
5.03500e+03 4.00014e-01
5.03600e+03 3.99921e-01
5.03700e+03 3.99828e-01
5.03800e+03 3.99736e-01
5.03900e+03 3.99644e-01
5.04000e+03 3.99551e-01
5.04100e+03 3.99626e-01
5.04200e+03 3.99700e-01
5.04300e+03 3.99774e-01
5.04400e+03 3.99847e-01
5.04500e+03 3.99919e-01
5.04600e+03 3.99990e-01
5.04700e+03 4.00060e-01
5.04800e+03 4.00129e-01
5.04900e+03 4.00196e-01
5.05000e+03 4.00262e-01
5.05100e+03 4.00246e-01
5.05200e+03 4.00230e-01
5.05300e+03 4.00212e-01
5.05400e+03 4.00193e-01
5.05500e+03 4.00173e-01
5.05600e+03 4.00153e-01
5.05700e+03 4.00132e-01
5.05800e+03 4.00111e-01
5.05900e+03 4.00090e-01
5.06000e+03 4.00068e-01
5.06100e+03 4.00156e-01
5.06200e+03 4.00245e-01
5.06300e+03 4.00333e-01
5.06400e+03 4.00422e-01
5.06500e+03 4.00511e-01
5.06600e+03 4.00601e-01
5.06700e+03 4.00690e-01
5.06800e+03 4.00780e-01
5.06900e+03 4.00869e-01
5.07000e+03 4.00958e-01
5.07100e+03 4.00931e-01
5.07200e+03 4.00905e-01
5.07300e+03 4.00878e-01
5.07400e+03 4.00851e-01
5.07500e+03 4.00823e-01
5.07600e+03 4.00888e-01
5.07700e+03 4.00952e-01
5.07800e+03 4.01017e-01
5.07900e+03 4.01081e-01
5.08000e+03 4.01146e-01
5.08100e+03 4.01114e-01
5.08200e+03 4.01082e-01
5.08300e+03 4.01050e-01
5.08400e+03 4.01019e-01
5.08500e+03 4.00988e-01
5.08600e+03 4.01049e-01
5.08700e+03 4.01110e-01
5.08800e+03 4.01170e-01
5.08900e+03 4.01231e-01
5.09000e+03 4.01292e-01
5.09100e+03 4.01370e-01
5.09200e+03 4.01448e-01
5.09300e+03 4.01527e-01
5.09400e+03 4.01607e-01
5.09500e+03 4.01687e-01
5.09600e+03 4.01675e-01
5.09700e+03 4.01665e-01
5.09800e+03 4.01655e-01
5.09900e+03 4.01646e-01
5.10000e+03 4.01638e-01
5.10100e+03 4.01720e-01
5.10200e+03 4.01803e-01
5.10300e+03 4.01886e-01
5.10400e+03 4.01970e-01
5.10500e+03 4.02055e-01
5.10600e+03 4.02049e-01
5.10700e+03 4.02044e-01
5.10800e+03 4.02039e-01
5.10900e+03 4.02035e-01
5.11000e+03 4.02031e-01
5.11100e+03 4.02119e-01
5.11200e+03 4.02208e-01
5.11300e+03 4.02296e-01
5.11400e+03 4.02385e-01
5.11500e+03 4.02473e-01
5.11600e+03 4.02469e-01
5.11700e+03 4.02465e-01
5.11800e+03 4.02461e-01
5.11900e+03 4.02457e-01
5.12000e+03 4.02453e-01
5.12100e+03 4.02456e-01
5.12200e+03 4.02460e-01
5.12300e+03 4.02463e-01
5.12400e+03 4.02467e-01
5.12500e+03 4.02470e-01
5.12600e+03 4.02566e-01
5.12700e+03 4.02661e-01
5.12800e+03 4.02756e-01
5.12900e+03 4.02851e-01
5.13000e+03 4.02946e-01
5.13100e+03 4.02927e-01
5.13200e+03 4.02908e-01
5.13300e+03 4.02889e-01
5.13400e+03 4.02869e-01
5.13500e+03 4.02850e-01
5.13600e+03 4.02831e-01
5.13700e+03 4.02812e-01
5.13800e+03 4.02793e-01
5.13900e+03 4.02773e-01
5.14000e+03 4.02754e-01
5.14100e+03 4.02859e-01
5.14200e+03 4.02964e-01
5.14300e+03 4.03069e-01
5.14400e+03 4.03174e-01
5.14500e+03 4.03280e-01
5.14600e+03 4.03293e-01
5.14700e+03 4.03306e-01
5.14800e+03 4.03320e-01
5.14900e+03 4.03333e-01
5.15000e+03 4.03347e-01
5.15100e+03 4.03345e-01
5.15200e+03 4.03342e-01
5.15300e+03 4.03340e-01
5.15400e+03 4.03338e-01
5.15500e+03 4.03336e-01
5.15600e+03 4.03334e-01
5.15700e+03 4.03332e-01
5.15800e+03 4.03330e-01
5.15900e+03 4.03328e-01
5.16000e+03 4.03325e-01
5.16100e+03 4.03418e-01
5.16200e+03 4.03512e-01
5.16300e+03 4.03605e-01
5.16400e+03 4.03698e-01
5.16500e+03 4.03791e-01
5.16600e+03 4.03792e-01
5.16700e+03 4.03794e-01
5.16800e+03 4.03795e-01
5.16900e+03 4.03797e-01
5.17000e+03 4.03798e-01
5.17100e+03 4.03784e-01
5.17200e+03 4.03770e-01
5.17300e+03 4.03756e-01
5.17400e+03 4.03742e-01
5.17500e+03 4.03729e-01
5.17600e+03 4.03715e-01
5.17700e+03 4.03701e-01
5.17800e+03 4.03687e-01
5.17900e+03 4.03673e-01
5.18000e+03 4.03659e-01
5.18100e+03 4.03639e-01
5.18200e+03 4.03620e-01
5.18300e+03 4.03600e-01
5.18400e+03 4.03581e-01
5.18500e+03 4.03561e-01
5.18600e+03 4.03542e-01
5.18700e+03 4.03522e-01
5.18800e+03 4.03503e-01
5.18900e+03 4.03483e-01
5.19000e+03 4.03464e-01
5.19100e+03 4.03563e-01
5.19200e+03 4.03663e-01
5.19300e+03 4.03763e-01
5.19400e+03 4.03863e-01
5.19500e+03 4.03963e-01
5.19600e+03 4.03971e-01
5.19700e+03 4.03980e-01
5.19800e+03 4.03988e-01
5.19900e+03 4.03996e-01
5.20000e+03 4.04005e-01
5.20100e+03 4.04015e-01
5.20200e+03 4.04026e-01
5.20300e+03 4.04036e-01
5.20400e+03 4.04047e-01
5.20500e+03 4.04058e-01
5.20600e+03 4.04068e-01
5.20700e+03 4.04079e-01
5.20800e+03 4.04089e-01
5.20900e+03 4.04100e-01
5.21000e+03 4.04110e-01
5.21100e+03 4.04094e-01
5.21200e+03 4.04077e-01
5.21300e+03 4.04060e-01
5.21400e+03 4.04044e-01
5.21500e+03 4.04027e-01
5.21600e+03 4.04010e-01
5.21700e+03 4.03993e-01
5.21800e+03 4.03977e-01
5.21900e+03 4.03960e-01
5.22000e+03 4.03943e-01
5.22100e+03 4.03934e-01
5.22200e+03 4.03925e-01
5.22300e+03 4.03916e-01
5.22400e+03 4.03906e-01
5.22500e+03 4.03897e-01
5.22600e+03 4.03888e-01
5.22700e+03 4.03878e-01
5.22800e+03 4.03869e-01
5.22900e+03 4.03860e-01
5.23000e+03 4.03850e-01
5.23100e+03 4.03855e-01
5.23200e+03 4.03860e-01
5.23300e+03 4.03864e-01
5.23400e+03 4.03869e-01
5.23500e+03 4.03873e-01
5.23600e+03 4.03878e-01
5.23700e+03 4.03883e-01
5.23800e+03 4.03887e-01
5.23900e+03 4.03892e-01
5.24000e+03 4.03896e-01
5.24100e+03 4.03901e-01
5.24200e+03 4.03906e-01
5.24300e+03 4.03910e-01
5.24400e+03 4.03915e-01
5.24500e+03 4.03919e-01
5.24600e+03 4.03924e-01
5.24700e+03 4.03928e-01
5.24800e+03 4.03933e-01
5.24900e+03 4.03938e-01
5.25000e+03 4.03942e-01
5.25100e+03 4.03835e-01
5.25200e+03 4.03729e-01
5.25300e+03 4.03622e-01
5.25400e+03 4.03515e-01
5.25500e+03 4.03409e-01
5.25600e+03 4.03393e-01
5.25700e+03 4.03378e-01
5.25800e+03 4.03363e-01
5.25900e+03 4.03348e-01
5.26000e+03 4.03333e-01
5.26100e+03 4.03339e-01
5.26200e+03 4.03345e-01
5.26300e+03 4.03351e-01
5.26400e+03 4.03357e-01
5.26500e+03 4.03362e-01
5.26600e+03 4.03368e-01
5.26700e+03 4.03374e-01
5.26800e+03 4.03380e-01
5.26900e+03 4.03386e-01
5.27000e+03 4.03392e-01
5.27100e+03 4.03407e-01
5.27200e+03 4.03422e-01
5.27300e+03 4.03437e-01
5.27400e+03 4.03452e-01
5.27500e+03 4.03468e-01
5.27600e+03 4.03483e-01
5.27700e+03 4.03498e-01
5.27800e+03 4.03513e-01
5.27900e+03 4.03528e-01
5.28000e+03 4.03543e-01
5.28100e+03 4.03540e-01
5.28200e+03 4.03536e-01
5.28300e+03 4.03532e-01
5.28400e+03 4.03529e-01
5.28500e+03 4.03525e-01
5.28600e+03 4.03521e-01
5.28700e+03 4.03517e-01
5.28800e+03 4.03514e-01
5.28900e+03 4.03510e-01
5.29000e+03 4.03506e-01
5.29100e+03 4.03514e-01
5.29200e+03 4.03522e-01
5.29300e+03 4.03530e-01
5.29400e+03 4.03537e-01
5.29500e+03 4.03545e-01
5.29600e+03 4.03553e-01
5.29700e+03 4.03561e-01
5.29800e+03 4.03568e-01
5.29900e+03 4.03576e-01
5.30000e+03 4.03584e-01
5.30100e+03 4.03591e-01
5.30200e+03 4.03597e-01
5.30300e+03 4.03604e-01
5.30400e+03 4.03611e-01
5.30500e+03 4.03617e-01
5.30600e+03 4.03624e-01
5.30700e+03 4.03631e-01
5.30800e+03 4.03637e-01
5.30900e+03 4.03644e-01
5.31000e+03 4.03651e-01
5.31100e+03 4.03656e-01
5.31200e+03 4.03662e-01
5.31300e+03 4.03668e-01
5.31400e+03 4.03674e-01
5.31500e+03 4.03679e-01
5.31600e+03 4.03685e-01
5.31700e+03 4.03691e-01
5.31800e+03 4.03697e-01
5.31900e+03 4.03702e-01
5.32000e+03 4.03708e-01
5.32100e+03 4.03689e-01
5.32200e+03 4.03669e-01
5.32300e+03 4.03650e-01
5.32400e+03 4.03631e-01
5.32500e+03 4.03611e-01
5.32600e+03 4.03592e-01
5.32700e+03 4.03572e-01
5.32800e+03 4.03553e-01
5.32900e+03 4.03534e-01
5.33000e+03 4.03514e-01
5.33100e+03 4.03628e-01
5.33200e+03 4.03741e-01
5.33300e+03 4.03855e-01
5.33400e+03 4.03968e-01
5.33500e+03 4.04081e-01
5.33600e+03 4.04103e-01
5.33700e+03 4.04125e-01
5.33800e+03 4.04147e-01
5.33900e+03 4.04169e-01
5.34000e+03 4.04191e-01
5.34100e+03 4.04197e-01
5.34200e+03 4.04203e-01
5.34300e+03 4.04209e-01
5.34400e+03 4.04215e-01
5.34500e+03 4.04221e-01
5.34600e+03 4.04319e-01
5.34700e+03 4.04417e-01
5.34800e+03 4.04514e-01
5.34900e+03 4.04612e-01
5.35000e+03 4.04710e-01
5.35100e+03 4.04727e-01
5.35200e+03 4.04744e-01
5.35300e+03 4.04761e-01
5.35400e+03 4.04778e-01
5.35500e+03 4.04796e-01
5.35600e+03 4.04905e-01
5.35700e+03 4.05013e-01
5.35800e+03 4.05122e-01
5.35900e+03 4.05231e-01
5.36000e+03 4.05340e-01
5.36100e+03 4.05334e-01
5.36200e+03 4.05329e-01
5.36300e+03 4.05323e-01
5.36400e+03 4.05317e-01
5.36500e+03 4.05311e-01
5.36600e+03 4.05306e-01
5.36700e+03 4.05300e-01
5.36800e+03 4.05294e-01
5.36900e+03 4.05289e-01
5.37000e+03 4.05283e-01
5.37100e+03 4.05315e-01
5.37200e+03 4.05348e-01
5.37300e+03 4.04777e-01
5.37400e+03 4.04205e-01
5.37500e+03 4.03460e-01
5.37600e+03 4.02807e-01
5.37700e+03 4.02131e-01
5.37800e+03 4.01455e-01
5.37900e+03 4.00778e-01
5.38000e+03 4.00101e-01
5.38100e+03 3.99301e-01
5.38200e+03 3.98501e-01
5.38300e+03 3.97701e-01
5.38400e+03 3.96901e-01
5.38500e+03 3.96122e-01
5.38600e+03 3.95344e-01
5.38700e+03 3.94545e-01
5.38800e+03 3.93746e-01
5.38900e+03 3.92947e-01
5.39000e+03 3.92147e-01
5.39100e+03 3.91364e-01
5.39200e+03 3.90580e-01
5.39300e+03 3.89796e-01
5.39400e+03 3.89011e-01
5.39500e+03 3.88247e-01
5.39600e+03 3.87482e-01
5.39700e+03 3.86695e-01
5.39800e+03 3.85907e-01
5.39900e+03 3.85118e-01
5.40000e+03 3.84329e-01
5.40100e+03 3.83522e-01
5.40200e+03 3.82714e-01
5.40300e+03 3.81906e-01
5.40400e+03 3.81096e-01
5.40500e+03 3.80308e-01
5.40600e+03 3.79432e-01
5.40700e+03 3.78534e-01
5.40800e+03 3.77636e-01
5.40900e+03 3.76738e-01
5.41000e+03 3.75839e-01
5.41100e+03 3.75042e-01
5.41200e+03 3.74244e-01
5.41300e+03 3.72842e-01
5.41400e+03 3.71439e-01
5.41500e+03 3.69842e-01
5.41600e+03 3.68246e-01
5.41700e+03 3.66629e-01
5.41800e+03 3.65011e-01
5.41900e+03 3.63415e-01
5.42000e+03 3.61819e-01
5.42100e+03 3.60219e-01
5.42200e+03 3.58620e-01
5.42300e+03 3.56998e-01
5.42400e+03 3.55377e-01
5.42500e+03 3.53777e-01
5.42600e+03 3.52257e-01
5.42700e+03 3.50737e-01
5.42800e+03 3.49215e-01
5.42900e+03 3.47671e-01
5.43000e+03 3.46126e-01
5.43100e+03 3.44526e-01
5.43200e+03 3.42927e-01
5.43300e+03 3.41328e-01
5.43400e+03 3.39729e-01
5.43500e+03 3.38108e-01
5.43600e+03 3.36487e-01
5.43700e+03 3.34888e-01
5.43800e+03 3.33289e-01
5.43900e+03 3.31690e-01
5.44000e+03 3.30092e-01
5.44100e+03 3.28481e-01
5.44200e+03 3.26870e-01
5.44300e+03 3.25281e-01
5.44400e+03 3.23693e-01
5.44500e+03 3.22084e-01
5.44600e+03 3.20476e-01
5.44700e+03 3.18890e-01
5.44800e+03 3.17305e-01
5.44900e+03 3.15720e-01
5.45000e+03 3.14136e-01
5.45100e+03 3.12508e-01
5.45200e+03 3.10880e-01
5.45300e+03 3.09274e-01
5.45400e+03 3.07669e-01
5.45500e+03 3.06064e-01
5.45600e+03 3.04459e-01
5.45700e+03 3.02833e-01
5.45800e+03 3.01208e-01
5.45900e+03 2.99604e-01
5.46000e+03 2.98000e-01
5.46100e+03 2.96424e-01
5.46200e+03 2.94847e-01
5.46300e+03 2.93249e-01
5.46400e+03 2.91651e-01
5.46500e+03 2.90073e-01
5.46600e+03 2.88495e-01
5.46700e+03 2.86895e-01
5.46800e+03 2.85295e-01
5.46900e+03 2.83716e-01
5.47000e+03 2.82137e-01
5.47100e+03 2.80623e-01
5.47200e+03 2.79107e-01
5.47300e+03 2.77569e-01
5.47400e+03 2.76029e-01
5.47500e+03 2.74511e-01
5.47600e+03 2.72929e-01
5.47700e+03 2.71348e-01
5.47800e+03 2.69766e-01
5.47900e+03 2.68162e-01
5.48000e+03 2.66558e-01
5.48100e+03 2.64959e-01
5.48200e+03 2.63361e-01
5.48300e+03 2.61762e-01
5.48400e+03 2.60163e-01
5.48500e+03 2.58542e-01
5.48600e+03 2.56921e-01
5.48700e+03 2.55322e-01
5.48800e+03 2.53722e-01
5.48900e+03 2.52101e-01
5.49000e+03 2.50480e-01
5.49100e+03 2.48881e-01
5.49200e+03 2.47281e-01
5.49300e+03 2.45682e-01
5.49400e+03 2.44082e-01
5.49500e+03 2.42461e-01
5.49600e+03 2.40894e-01
5.49700e+03 2.39348e-01
5.49800e+03 2.37801e-01
5.49900e+03 2.36253e-01
5.50000e+03 2.34704e-01
5.50100e+03 2.33088e-01
5.50200e+03 2.31471e-01
5.50300e+03 2.29876e-01
5.50400e+03 2.28280e-01
5.50500e+03 2.26685e-01
5.50600e+03 2.25089e-01
5.50700e+03 2.23471e-01
5.50800e+03 2.21853e-01
5.50900e+03 2.20257e-01
5.51000e+03 2.18660e-01
5.51100e+03 2.17063e-01
5.51200e+03 2.15466e-01
5.51300e+03 2.13847e-01
5.51400e+03 2.12227e-01
5.51500e+03 2.10630e-01
5.51600e+03 2.09032e-01
5.51700e+03 2.07412e-01
5.51800e+03 2.05792e-01
5.51900e+03 2.04193e-01
5.52000e+03 2.02595e-01
5.52100e+03 2.00994e-01
5.52200e+03 1.99393e-01
5.52300e+03 1.97770e-01
5.52400e+03 1.96147e-01
5.52500e+03 1.94545e-01
5.52600e+03 1.92944e-01
5.52700e+03 1.91342e-01
5.52800e+03 1.89740e-01
5.52900e+03 1.88116e-01
5.53000e+03 1.86492e-01
5.53100e+03 1.84893e-01
5.53200e+03 1.83294e-01
5.53300e+03 1.81694e-01
5.53400e+03 1.80095e-01
5.53500e+03 1.78473e-01
5.53600e+03 1.76851e-01
5.53700e+03 1.75251e-01
5.53800e+03 1.73650e-01
5.53900e+03 1.72028e-01
5.54000e+03 1.70405e-01
5.54100e+03 1.68805e-01
5.54200e+03 1.67204e-01
5.54300e+03 1.65603e-01
5.54400e+03 1.64002e-01
5.54500e+03 1.62379e-01
5.54600e+03 1.60792e-01
5.54700e+03 1.59226e-01
5.54800e+03 1.57659e-01
5.54900e+03 1.56091e-01
5.55000e+03 1.54522e-01
5.55100e+03 1.52892e-01
5.55200e+03 1.51261e-01
5.55300e+03 1.49652e-01
5.55400e+03 1.48043e-01
5.55500e+03 1.46434e-01
5.55600e+03 1.44824e-01
5.55700e+03 1.43193e-01
5.55800e+03 1.41562e-01
5.55900e+03 1.39952e-01
5.56000e+03 1.38342e-01
5.56100e+03 1.36687e-01
5.56200e+03 1.35033e-01
5.56300e+03 1.33401e-01
5.56400e+03 1.31770e-01
5.56500e+03 1.30139e-01
5.56600e+03 1.28537e-01
5.56700e+03 1.26913e-01
5.56800e+03 1.25289e-01
5.56900e+03 1.23686e-01
5.57000e+03 1.22084e-01
5.57100e+03 1.20482e-01
5.57200e+03 1.18880e-01
5.57300e+03 1.17256e-01
5.57400e+03 1.15631e-01
5.57500e+03 1.14028e-01
5.57600e+03 1.12425e-01
5.57700e+03 1.10821e-01
5.57800e+03 1.09217e-01
5.57900e+03 1.07591e-01
5.58000e+03 1.05964e-01
5.58100e+03 1.04349e-01
5.58200e+03 1.02734e-01
5.58300e+03 1.01119e-01
5.58400e+03 9.95033e-02
5.58500e+03 9.78661e-02
5.58600e+03 9.62289e-02
5.58700e+03 9.46135e-02
5.58800e+03 9.29981e-02
5.58900e+03 9.13608e-02
5.59000e+03 8.97235e-02
5.59100e+03 8.81118e-02
5.59200e+03 8.64999e-02
5.59300e+03 8.48879e-02
5.59400e+03 8.32758e-02
5.59500e+03 8.16416e-02
5.59600e+03 7.99892e-02
5.59700e+03 7.83592e-02
5.59800e+03 7.67298e-02
5.59900e+03 7.51009e-02
5.60000e+03 7.34726e-02
5.60100e+03 7.18438e-02
5.60200e+03 7.02147e-02
5.60300e+03 6.86070e-02
5.60400e+03 6.69990e-02
5.60500e+03 6.53905e-02
5.60600e+03 6.37817e-02
5.60700e+03 6.21507e-02
5.60800e+03 6.05193e-02
5.60900e+03 5.89094e-02
5.61000e+03 5.72991e-02
5.61100e+03 5.56621e-02
5.61200e+03 5.40250e-02
5.61300e+03 5.24097e-02
5.61400e+03 5.07942e-02
5.61500e+03 4.91786e-02
5.61600e+03 4.75522e-02
5.61700e+03 4.59045e-02
5.61800e+03 4.42574e-02
5.61900e+03 4.26328e-02
5.62000e+03 4.10088e-02
5.62100e+03 4.01803e-02
5.62200e+03 3.93517e-02
5.62300e+03 3.85449e-02
5.62400e+03 3.77380e-02
5.62500e+03 3.69092e-02
5.62600e+03 3.60804e-02
5.62700e+03 3.52734e-02
5.62800e+03 3.44664e-02
5.62900e+03 3.36374e-02
5.63000e+03 3.28084e-02
5.63100e+03 3.20035e-02
5.63200e+03 3.11985e-02
5.63300e+03 3.03715e-02
5.63400e+03 2.95442e-02
5.63500e+03 2.87387e-02
5.63600e+03 2.79330e-02
5.63700e+03 2.71053e-02
5.63800e+03 2.62774e-02
5.63900e+03 2.54493e-02
5.64000e+03 2.46210e-02
5.64100e+03 2.38084e-02
5.64200e+03 2.29960e-02
5.64300e+03 2.21621e-02
5.64400e+03 2.13283e-02
5.64500e+03 2.05167e-02
5.64600e+03 1.97097e-02
5.64700e+03 1.88808e-02
5.64800e+03 1.80518e-02
5.64900e+03 1.72445e-02
5.65000e+03 1.64371e-02
5.65100e+03 1.56077e-02
5.65200e+03 1.47781e-02
5.65300e+03 1.39485e-02
5.65400e+03 1.31187e-02
5.65500e+03 1.23106e-02
5.65600e+03 1.15025e-02
5.65700e+03 1.06723e-02
5.65800e+03 9.84200e-03
5.65900e+03 9.03346e-03
5.66000e+03 8.22479e-03
5.66100e+03 7.39441e-03
5.66200e+03 6.56383e-03
5.66300e+03 5.75495e-03
5.66400e+03 4.94588e-03
5.66500e+03 4.11474e-03
5.66600e+03 3.28341e-03
5.66700e+03 2.47378e-03
5.66800e+03 1.66397e-03
5.66900e+03 8.32081e-04
