# Filter name : LSST/LSST.y
# Description : LSST y filter (full)
# Photometric system : LSST
# FilterType : photon
# Band name : ------
# Observatory : LSST
# Instrument : LSST
# Comments : Full throughput: system - mirrors, lenses, filter, detector, and the zenith atmosphere. Aerosols added to atmosphere Version 1.5 
# 
9.08400e+03 4.96971e-13
9.08500e+03 3.59354e-04
9.08600e+03 7.18700e-04
9.08700e+03 1.45735e-03
9.08800e+03 2.19597e-03
9.08900e+03 2.93458e-03
9.09000e+03 3.67316e-03
9.09100e+03 4.39590e-03
9.09200e+03 5.11998e-03
9.09300e+03 5.86541e-03
9.09400e+03 6.61221e-03
9.09500e+03 7.36039e-03
9.09600e+03 8.10632e-03
9.09700e+03 8.83291e-03
9.09800e+03 9.56020e-03
9.09900e+03 1.03083e-02
9.10000e+03 1.10571e-02
9.10100e+03 1.17782e-02
9.10200e+03 1.24964e-02
9.10300e+03 1.31918e-02
9.10400e+03 1.38845e-02
9.10500e+03 1.45944e-02
9.10600e+03 1.53702e-02
9.10700e+03 1.61497e-02
9.10800e+03 1.69329e-02
9.10900e+03 1.76998e-02
9.11000e+03 1.84703e-02
9.11100e+03 1.92341e-02
9.11200e+03 1.99993e-02
9.11300e+03 2.07658e-02
9.11400e+03 2.15337e-02
9.11500e+03 2.22826e-02
9.11600e+03 2.29470e-02
9.11700e+03 2.36274e-02
9.11800e+03 2.43037e-02
9.11900e+03 2.49557e-02
9.12000e+03 2.56037e-02
9.12100e+03 2.64081e-02
9.12200e+03 2.72162e-02
9.12300e+03 2.80278e-02
9.12400e+03 2.88430e-02
9.12500e+03 2.96416e-02
9.12600e+03 3.01910e-02
9.12700e+03 3.07520e-02
9.12800e+03 3.13043e-02
9.12900e+03 3.18479e-02
9.13000e+03 3.23829e-02
9.13100e+03 3.28715e-02
9.13200e+03 3.33510e-02
9.13300e+03 3.38404e-02
9.13400e+03 3.43205e-02
9.13500e+03 3.51517e-02
9.13600e+03 3.64065e-02
9.13700e+03 3.80369e-02
9.13800e+03 3.96823e-02
9.13900e+03 4.13232e-02
9.14000e+03 4.29789e-02
9.14100e+03 4.47687e-02
9.14200e+03 4.65796e-02
9.14300e+03 4.84117e-02
9.14400e+03 5.02649e-02
9.14500e+03 5.21188e-02
9.14600e+03 5.34686e-02
9.14700e+03 5.48303e-02
9.14800e+03 5.61838e-02
9.14900e+03 5.75291e-02
9.15000e+03 5.88661e-02
9.15100e+03 5.96868e-02
9.15200e+03 6.04745e-02
9.15300e+03 6.12099e-02
9.15400e+03 6.19128e-02
9.15500e+03 6.26021e-02
9.15600e+03 6.41961e-02
9.15700e+03 6.57978e-02
9.15800e+03 6.74073e-02
9.15900e+03 6.90246e-02
9.16000e+03 7.06497e-02
9.16100e+03 7.28538e-02
9.16200e+03 7.50883e-02
9.16300e+03 7.73727e-02
9.16400e+03 7.96879e-02
9.16500e+03 8.20337e-02
9.16600e+03 8.35609e-02
9.16700e+03 8.50886e-02
9.16800e+03 8.66170e-02
9.16900e+03 8.81258e-02
9.17000e+03 8.96352e-02
9.17100e+03 9.04535e-02
9.17200e+03 9.12495e-02
9.17300e+03 9.20231e-02
9.17400e+03 9.27744e-02
9.17500e+03 9.35033e-02
9.17600e+03 9.46345e-02
9.17700e+03 9.57368e-02
9.17800e+03 9.68295e-02
9.17900e+03 9.79318e-02
9.18000e+03 9.90245e-02
9.18100e+03 1.01014e-01
9.18200e+03 1.03018e-01
9.18300e+03 1.05019e-01
9.18400e+03 1.07034e-01
9.18500e+03 1.09084e-01
9.18600e+03 1.11173e-01
9.18700e+03 1.13279e-01
9.18800e+03 1.15400e-01
9.18900e+03 1.17537e-01
9.19000e+03 1.19689e-01
9.19100e+03 1.21371e-01
9.19200e+03 1.23057e-01
9.19300e+03 1.24768e-01
9.19400e+03 1.26484e-01
9.19500e+03 1.28203e-01
9.19600e+03 1.29708e-01
9.19700e+03 1.31212e-01
9.19800e+03 1.32715e-01
9.19900e+03 1.34197e-01
9.20000e+03 1.35678e-01
9.20100e+03 1.37542e-01
9.20200e+03 1.39413e-01
9.20300e+03 1.41291e-01
9.20400e+03 1.43176e-01
9.20500e+03 1.45068e-01
9.20600e+03 1.46507e-01
9.20700e+03 1.47924e-01
9.20800e+03 1.49339e-01
9.20900e+03 1.50771e-01
9.21000e+03 1.52202e-01
9.21100e+03 1.53257e-01
9.21200e+03 1.54303e-01
9.21300e+03 1.55340e-01
9.21400e+03 1.56368e-01
9.21500e+03 1.57367e-01
9.21600e+03 1.58726e-01
9.21700e+03 1.60104e-01
9.21800e+03 1.61479e-01
9.21900e+03 1.62851e-01
9.22000e+03 1.64222e-01
9.22100e+03 1.65983e-01
9.22200e+03 1.67750e-01
9.22300e+03 1.69540e-01
9.22400e+03 1.71336e-01
9.22500e+03 1.73135e-01
9.22600e+03 1.74500e-01
9.22700e+03 1.75862e-01
9.22800e+03 1.77222e-01
9.22900e+03 1.78559e-01
9.23000e+03 1.79893e-01
9.23100e+03 1.81156e-01
9.23200e+03 1.82414e-01
9.23300e+03 1.83668e-01
9.23400e+03 1.84918e-01
9.23500e+03 1.86164e-01
9.23600e+03 1.87328e-01
9.23700e+03 1.88468e-01
9.23800e+03 1.89603e-01
9.23900e+03 1.90753e-01
9.24000e+03 1.91897e-01
9.24100e+03 1.93068e-01
9.24200e+03 1.94234e-01
9.24300e+03 1.95393e-01
9.24400e+03 1.96547e-01
9.24500e+03 1.97676e-01
9.24600e+03 1.98968e-01
9.24700e+03 2.00276e-01
9.24800e+03 2.01580e-01
9.24900e+03 2.02879e-01
9.25000e+03 2.04175e-01
9.25100e+03 2.05746e-01
9.25200e+03 2.07317e-01
9.25300e+03 2.08907e-01
9.25400e+03 2.10497e-01
9.25500e+03 2.12086e-01
9.25600e+03 2.13584e-01
9.25700e+03 2.15081e-01
9.25800e+03 2.16576e-01
9.25900e+03 2.18051e-01
9.26000e+03 2.19525e-01
9.26100e+03 2.20970e-01
9.26200e+03 2.22414e-01
9.26300e+03 2.23858e-01
9.26400e+03 2.25301e-01
9.26500e+03 2.26745e-01
9.26600e+03 2.28332e-01
9.26700e+03 2.29901e-01
9.26800e+03 2.31471e-01
9.26900e+03 2.33062e-01
9.27000e+03 2.34654e-01
9.27100e+03 2.34726e-01
9.27200e+03 2.34781e-01
9.27300e+03 2.34821e-01
9.27400e+03 2.34846e-01
9.27500e+03 2.34835e-01
9.27600e+03 2.34303e-01
9.27700e+03 2.33768e-01
9.27800e+03 2.33212e-01
9.27900e+03 2.32636e-01
9.28000e+03 2.32039e-01
9.28100e+03 2.32915e-01
9.28200e+03 2.33786e-01
9.28300e+03 2.34633e-01
9.28400e+03 2.35475e-01
9.28500e+03 2.36330e-01
9.28600e+03 2.36914e-01
9.28700e+03 2.37490e-01
9.28800e+03 2.38060e-01
9.28900e+03 2.38603e-01
9.29000e+03 2.39139e-01
9.29100e+03 2.39203e-01
9.29200e+03 2.39252e-01
9.29300e+03 2.39288e-01
9.29400e+03 2.39310e-01
9.29500e+03 2.39316e-01
9.29600e+03 2.38300e-01
9.29700e+03 2.37242e-01
9.29800e+03 2.36161e-01
9.29900e+03 2.35072e-01
9.30000e+03 2.33959e-01
9.30100e+03 2.33069e-01
9.30200e+03 2.32157e-01
9.30300e+03 2.31223e-01
9.30400e+03 2.30267e-01
9.30500e+03 2.29274e-01
9.30600e+03 2.28318e-01
9.30700e+03 2.27357e-01
9.30800e+03 2.26375e-01
9.30900e+03 2.25374e-01
9.31000e+03 2.24352e-01
9.31100e+03 2.23038e-01
9.31200e+03 2.21703e-01
9.31300e+03 2.20333e-01
9.31400e+03 2.18944e-01
9.31500e+03 2.17551e-01
9.31600e+03 2.14127e-01
9.31700e+03 2.10667e-01
9.31800e+03 2.07172e-01
9.31900e+03 2.03643e-01
9.32000e+03 2.00079e-01
9.32100e+03 1.99211e-01
9.32200e+03 1.98329e-01
9.32300e+03 1.97446e-01
9.32400e+03 1.96549e-01
9.32500e+03 1.95639e-01
9.32600e+03 1.96742e-01
9.32700e+03 1.97834e-01
9.32800e+03 1.98927e-01
9.32900e+03 2.00033e-01
9.33000e+03 2.01141e-01
9.33100e+03 2.00627e-01
9.33200e+03 2.00102e-01
9.33300e+03 1.99567e-01
9.33400e+03 1.99021e-01
9.33500e+03 1.98454e-01
9.33600e+03 1.94464e-01
9.33700e+03 1.90451e-01
9.33800e+03 1.86406e-01
9.33900e+03 1.82327e-01
9.34000e+03 1.78215e-01
9.34100e+03 1.77068e-01
9.34200e+03 1.75908e-01
9.34300e+03 1.74726e-01
9.34400e+03 1.73533e-01
9.34500e+03 1.72337e-01
9.34600e+03 1.78452e-01
9.34700e+03 1.84602e-01
9.34800e+03 1.90788e-01
9.34900e+03 1.97008e-01
9.35000e+03 2.03264e-01
9.35100e+03 2.05689e-01
9.35200e+03 2.08126e-01
9.35300e+03 2.10273e-01
9.35400e+03 2.12428e-01
9.35500e+03 2.14472e-01
9.35600e+03 2.13040e-01
9.35700e+03 2.11605e-01
9.35800e+03 2.10164e-01
9.35900e+03 2.08719e-01
9.36000e+03 2.07269e-01
9.36100e+03 2.08282e-01
9.36200e+03 2.09297e-01
9.36300e+03 2.10312e-01
9.36400e+03 2.11329e-01
9.36500e+03 2.12346e-01
9.36600e+03 2.11460e-01
9.36700e+03 2.10571e-01
9.36800e+03 2.09678e-01
9.36900e+03 2.08783e-01
9.37000e+03 2.07884e-01
9.37100e+03 2.10303e-01
9.37200e+03 2.12726e-01
9.37300e+03 2.15154e-01
9.37400e+03 2.17585e-01
9.37500e+03 2.20020e-01
9.37600e+03 2.21104e-01
9.37700e+03 2.22084e-01
9.37800e+03 2.23064e-01
9.37900e+03 2.23704e-01
9.38000e+03 2.24342e-01
9.38100e+03 2.25152e-01
9.38200e+03 2.25959e-01
9.38300e+03 2.26765e-01
9.38400e+03 2.27570e-01
9.38500e+03 2.28373e-01
9.38600e+03 2.34345e-01
9.38700e+03 2.40304e-01
9.38800e+03 2.46252e-01
9.38900e+03 2.52189e-01
9.39000e+03 2.58117e-01
9.39100e+03 2.64248e-01
9.39200e+03 2.70367e-01
9.39300e+03 2.76475e-01
9.39400e+03 2.82574e-01
9.39500e+03 2.88665e-01
9.39600e+03 2.87451e-01
9.39700e+03 2.86246e-01
9.39800e+03 2.85048e-01
9.39900e+03 2.83859e-01
9.40000e+03 2.82679e-01
9.40100e+03 2.79072e-01
9.40200e+03 2.75475e-01
9.40300e+03 2.71889e-01
9.40400e+03 2.68312e-01
9.40500e+03 2.64744e-01
9.40600e+03 2.64388e-01
9.40700e+03 2.64036e-01
9.40800e+03 2.63689e-01
9.40900e+03 2.63344e-01
9.41000e+03 2.63002e-01
9.41100e+03 2.64758e-01
9.41200e+03 2.66512e-01
9.41300e+03 2.68263e-01
9.41400e+03 2.70010e-01
9.41500e+03 2.71753e-01
9.41600e+03 2.71137e-01
9.41700e+03 2.70521e-01
9.41800e+03 2.69907e-01
9.41900e+03 2.69293e-01
9.42000e+03 2.68680e-01
9.42100e+03 2.63361e-01
9.42200e+03 2.58050e-01
9.42300e+03 2.52748e-01
9.42400e+03 2.47455e-01
9.42500e+03 2.42170e-01
9.42600e+03 2.38198e-01
9.42700e+03 2.34233e-01
9.42800e+03 2.30274e-01
9.42900e+03 2.26321e-01
9.43000e+03 2.22374e-01
9.43100e+03 2.25196e-01
9.43200e+03 2.28014e-01
9.43300e+03 2.30829e-01
9.43400e+03 2.33641e-01
9.43500e+03 2.36449e-01
9.43600e+03 2.33864e-01
9.43700e+03 2.31279e-01
9.43800e+03 2.28697e-01
9.43900e+03 2.26118e-01
9.44000e+03 2.23541e-01
9.44100e+03 2.21218e-01
9.44200e+03 2.18899e-01
9.44300e+03 2.16584e-01
9.44400e+03 2.14274e-01
9.44500e+03 2.11969e-01
9.44600e+03 2.17396e-01
9.44700e+03 2.22819e-01
9.44800e+03 2.28238e-01
9.44900e+03 2.33653e-01
9.45000e+03 2.39064e-01
9.45100e+03 2.39874e-01
9.45200e+03 2.40687e-01
9.45300e+03 2.41501e-01
9.45400e+03 2.42316e-01
9.45500e+03 2.43134e-01
9.45600e+03 2.39840e-01
9.45700e+03 2.36552e-01
9.45800e+03 2.33268e-01
9.45900e+03 2.29989e-01
9.46000e+03 2.26714e-01
9.46100e+03 2.27813e-01
9.46200e+03 2.28910e-01
9.46300e+03 2.30007e-01
9.46400e+03 2.31101e-01
9.46500e+03 2.32192e-01
9.46600e+03 2.35225e-01
9.46700e+03 2.38255e-01
9.46800e+03 2.41282e-01
9.46900e+03 2.44305e-01
9.47000e+03 2.47325e-01
9.47100e+03 2.46728e-01
9.47200e+03 2.46132e-01
9.47300e+03 2.45536e-01
9.47400e+03 2.44941e-01
9.47500e+03 2.44347e-01
9.47600e+03 2.39956e-01
9.47700e+03 2.35571e-01
9.47800e+03 2.31194e-01
9.47900e+03 2.26822e-01
9.48000e+03 2.22457e-01
9.48100e+03 2.24155e-01
9.48200e+03 2.25850e-01
9.48300e+03 2.27544e-01
9.48400e+03 2.29237e-01
9.48500e+03 2.30927e-01
9.48600e+03 2.36922e-01
9.48700e+03 2.42911e-01
9.48800e+03 2.48896e-01
9.48900e+03 2.54876e-01
9.49000e+03 2.60850e-01
9.49100e+03 2.57465e-01
9.49200e+03 2.54084e-01
9.49300e+03 2.50706e-01
9.49400e+03 2.47331e-01
9.49500e+03 2.43960e-01
9.49600e+03 2.39209e-01
9.49700e+03 2.34462e-01
9.49800e+03 2.29720e-01
9.49900e+03 2.24983e-01
9.50000e+03 2.20250e-01
9.50100e+03 2.23470e-01
9.50200e+03 2.26684e-01
9.50300e+03 2.29894e-01
9.50400e+03 2.33099e-01
9.50500e+03 2.36299e-01
9.50600e+03 2.42114e-01
9.50700e+03 2.47921e-01
9.50800e+03 2.53719e-01
9.50900e+03 2.59509e-01
9.51000e+03 2.65291e-01
9.51100e+03 2.64240e-01
9.51200e+03 2.63190e-01
9.51300e+03 2.62142e-01
9.51400e+03 2.61094e-01
9.51500e+03 2.60048e-01
9.51600e+03 2.53475e-01
9.51700e+03 2.46912e-01
9.51800e+03 2.40358e-01
9.51900e+03 2.33814e-01
9.52000e+03 2.27280e-01
9.52100e+03 2.25486e-01
9.52200e+03 2.23695e-01
9.52300e+03 2.21907e-01
9.52400e+03 2.20121e-01
9.52500e+03 2.18337e-01
9.52600e+03 2.21655e-01
9.52700e+03 2.24967e-01
9.52800e+03 2.28274e-01
9.52900e+03 2.31576e-01
9.53000e+03 2.34872e-01
9.53100e+03 2.36875e-01
9.53200e+03 2.38874e-01
9.53300e+03 2.40870e-01
9.53400e+03 2.42863e-01
9.53500e+03 2.44852e-01
9.53600e+03 2.45236e-01
9.53700e+03 2.45620e-01
9.53800e+03 2.46004e-01
9.53900e+03 2.46386e-01
9.54000e+03 2.46767e-01
9.54100e+03 2.45850e-01
9.54200e+03 2.44933e-01
9.54300e+03 2.44017e-01
9.54400e+03 2.43101e-01
9.54500e+03 2.42185e-01
9.54600e+03 2.42414e-01
9.54700e+03 2.42642e-01
9.54800e+03 2.42868e-01
9.54900e+03 2.43093e-01
9.55000e+03 2.43317e-01
9.55100e+03 2.42230e-01
9.55200e+03 2.41144e-01
9.55300e+03 2.40058e-01
9.55400e+03 2.38972e-01
9.55500e+03 2.37886e-01
9.55600e+03 2.36737e-01
9.55700e+03 2.35588e-01
9.55800e+03 2.34440e-01
9.55900e+03 2.33293e-01
9.56000e+03 2.32146e-01
9.56100e+03 2.32266e-01
9.56200e+03 2.32384e-01
9.56300e+03 2.32502e-01
9.56400e+03 2.32619e-01
9.56500e+03 2.32736e-01
9.56600e+03 2.33165e-01
9.56700e+03 2.33593e-01
9.56800e+03 2.34020e-01
9.56900e+03 2.34446e-01
9.57000e+03 2.34870e-01
9.57100e+03 2.38511e-01
9.57200e+03 2.42144e-01
9.57300e+03 2.45771e-01
9.57400e+03 2.49390e-01
9.57500e+03 2.53002e-01
9.57600e+03 2.53134e-01
9.57700e+03 2.53266e-01
9.57800e+03 2.53397e-01
9.57900e+03 2.53528e-01
9.58000e+03 2.53658e-01
9.58100e+03 2.51660e-01
9.58200e+03 2.49665e-01
9.58300e+03 2.47673e-01
9.58400e+03 2.45683e-01
9.58500e+03 2.43697e-01
9.58600e+03 2.41898e-01
9.58700e+03 2.40101e-01
9.58800e+03 2.38307e-01
9.58900e+03 2.36516e-01
9.59000e+03 2.34727e-01
9.59100e+03 2.33338e-01
9.59200e+03 2.31952e-01
9.59300e+03 2.30567e-01
9.59400e+03 2.29184e-01
9.59500e+03 2.27802e-01
9.59600e+03 2.29530e-01
9.59700e+03 2.31253e-01
9.59800e+03 2.32971e-01
9.59900e+03 2.34685e-01
9.60000e+03 2.36395e-01
9.60100e+03 2.38049e-01
9.60200e+03 2.39699e-01
9.60300e+03 2.41344e-01
9.60400e+03 2.42985e-01
9.60500e+03 2.44623e-01
9.60600e+03 2.45652e-01
9.60700e+03 2.46679e-01
9.60800e+03 2.47703e-01
9.60900e+03 2.48724e-01
9.61000e+03 2.49742e-01
9.61100e+03 2.50766e-01
9.61200e+03 2.51787e-01
9.61300e+03 2.52805e-01
9.61400e+03 2.53821e-01
9.61500e+03 2.54834e-01
9.61600e+03 2.53336e-01
9.61700e+03 2.51840e-01
9.61800e+03 2.50346e-01
9.61900e+03 2.48855e-01
9.62000e+03 2.47365e-01
9.62100e+03 2.44827e-01
9.62200e+03 2.42293e-01
9.62300e+03 2.39762e-01
9.62400e+03 2.37235e-01
9.62500e+03 2.34712e-01
9.62600e+03 2.36457e-01
9.62700e+03 2.38198e-01
9.62800e+03 2.39935e-01
9.62900e+03 2.41668e-01
9.63000e+03 2.43397e-01
9.63100e+03 2.45109e-01
9.63200e+03 2.46817e-01
9.63300e+03 2.48521e-01
9.63400e+03 2.50222e-01
9.63500e+03 2.51919e-01
9.63600e+03 2.51031e-01
9.63700e+03 2.50146e-01
9.63800e+03 2.49261e-01
9.63900e+03 2.48378e-01
9.64000e+03 2.47497e-01
9.64100e+03 2.47251e-01
9.64200e+03 2.47005e-01
9.64300e+03 2.46759e-01
9.64400e+03 2.46513e-01
9.64500e+03 2.46266e-01
9.64600e+03 2.46889e-01
9.64700e+03 2.47509e-01
9.64800e+03 2.48127e-01
9.64900e+03 2.48741e-01
9.65000e+03 2.49352e-01
9.65100e+03 2.50554e-01
9.65200e+03 2.51752e-01
9.65300e+03 2.52947e-01
9.65400e+03 2.54138e-01
9.65500e+03 2.55325e-01
9.65600e+03 2.54040e-01
9.65700e+03 2.52756e-01
9.65800e+03 2.51474e-01
9.65900e+03 2.50193e-01
9.66000e+03 2.48913e-01
9.66100e+03 2.46647e-01
9.66200e+03 2.44385e-01
9.66300e+03 2.42128e-01
9.66400e+03 2.39875e-01
9.66500e+03 2.37627e-01
9.66600e+03 2.38394e-01
9.66700e+03 2.39159e-01
9.66800e+03 2.39923e-01
9.66900e+03 2.40684e-01
9.67000e+03 2.41443e-01
9.67100e+03 2.45045e-01
9.67200e+03 2.48639e-01
9.67300e+03 2.52225e-01
9.67400e+03 2.55804e-01
9.67500e+03 2.59375e-01
9.67600e+03 2.60409e-01
9.67700e+03 2.61440e-01
9.67800e+03 2.62468e-01
9.67900e+03 2.63494e-01
9.68000e+03 2.64516e-01
9.68100e+03 2.63134e-01
9.68200e+03 2.61754e-01
9.68300e+03 2.60376e-01
9.68400e+03 2.59000e-01
9.68500e+03 2.57627e-01
9.68600e+03 2.58034e-01
9.68700e+03 2.58439e-01
9.68800e+03 2.58842e-01
9.68900e+03 2.59243e-01
9.69000e+03 2.59642e-01
9.69100e+03 2.60084e-01
9.69200e+03 2.60524e-01
9.69300e+03 2.60963e-01
9.69400e+03 2.61399e-01
9.69500e+03 2.61834e-01
9.69600e+03 2.61003e-01
9.69700e+03 2.60173e-01
9.69800e+03 2.59344e-01
9.69900e+03 2.58515e-01
9.70000e+03 2.57687e-01
9.70100e+03 2.57208e-01
9.70200e+03 2.56729e-01
9.70300e+03 2.56250e-01
9.70400e+03 2.55771e-01
9.70500e+03 2.55292e-01
9.70600e+03 2.55683e-01
9.70700e+03 2.56073e-01
9.70800e+03 2.56460e-01
9.70900e+03 2.56847e-01
9.71000e+03 2.57231e-01
9.71100e+03 2.56361e-01
9.71200e+03 2.55493e-01
9.71300e+03 2.54626e-01
9.71400e+03 2.53760e-01
9.71500e+03 2.52895e-01
9.71600e+03 2.52354e-01
9.71700e+03 2.51813e-01
9.71800e+03 2.51273e-01
9.71900e+03 2.50732e-01
9.72000e+03 2.50192e-01
9.72100e+03 2.49747e-01
9.72200e+03 2.49303e-01
9.72300e+03 2.48858e-01
9.72400e+03 2.48414e-01
9.72500e+03 2.47969e-01
9.72600e+03 2.46995e-01
9.72700e+03 2.46022e-01
9.72800e+03 2.45051e-01
9.72900e+03 2.44082e-01
9.73000e+03 2.43115e-01
9.73100e+03 2.42398e-01
9.73200e+03 2.41683e-01
9.73300e+03 2.40969e-01
9.73400e+03 2.40256e-01
9.73500e+03 2.39544e-01
9.73600e+03 2.39096e-01
9.73700e+03 2.38647e-01
9.73800e+03 2.38199e-01
9.73900e+03 2.37752e-01
9.74000e+03 2.37305e-01
9.74100e+03 2.36585e-01
9.74200e+03 2.35865e-01
9.74300e+03 2.35147e-01
9.74400e+03 2.34430e-01
9.74500e+03 2.33714e-01
9.74600e+03 2.32998e-01
9.74700e+03 2.32284e-01
9.74800e+03 2.31571e-01
9.74900e+03 2.30858e-01
9.75000e+03 2.30147e-01
9.75100e+03 2.30047e-01
9.75200e+03 2.29945e-01
9.75300e+03 2.29844e-01
9.75400e+03 2.29742e-01
9.75500e+03 2.29639e-01
9.75600e+03 2.29127e-01
9.75700e+03 2.28615e-01
9.75800e+03 2.28104e-01
9.75900e+03 2.27593e-01
9.76000e+03 2.27083e-01
9.76100e+03 2.27287e-01
9.76200e+03 2.27489e-01
9.76300e+03 2.27690e-01
9.76400e+03 2.27889e-01
9.76500e+03 2.28087e-01
9.76600e+03 2.29192e-01
9.76700e+03 2.30292e-01
9.76800e+03 2.31390e-01
9.76900e+03 2.32483e-01
9.77000e+03 2.33573e-01
9.77100e+03 2.33917e-01
9.77200e+03 2.34260e-01
9.77300e+03 2.34601e-01
9.77400e+03 2.34941e-01
9.77500e+03 2.35279e-01
9.77600e+03 2.34470e-01
9.77700e+03 2.33662e-01
9.77800e+03 2.32856e-01
9.77900e+03 2.32051e-01
9.78000e+03 2.31247e-01
9.78100e+03 2.30719e-01
9.78200e+03 2.30192e-01
9.78300e+03 2.29665e-01
9.78400e+03 2.29138e-01
9.78500e+03 2.28611e-01
9.78600e+03 2.28281e-01
9.78700e+03 2.27952e-01
9.78800e+03 2.27622e-01
9.78900e+03 2.27291e-01
9.79000e+03 2.26961e-01
9.79100e+03 2.26468e-01
9.79200e+03 2.25976e-01
9.79300e+03 2.25484e-01
9.79400e+03 2.24993e-01
9.79500e+03 2.24503e-01
9.79600e+03 2.24547e-01
9.79700e+03 2.24590e-01
9.79800e+03 2.24633e-01
9.79900e+03 2.24675e-01
9.80000e+03 2.24716e-01
9.80100e+03 2.24745e-01
9.80200e+03 2.24774e-01
9.80300e+03 2.24801e-01
9.80400e+03 2.24828e-01
9.80500e+03 2.24853e-01
9.80600e+03 2.25740e-01
9.80700e+03 2.26623e-01
9.80800e+03 2.27503e-01
9.80900e+03 2.28379e-01
9.81000e+03 2.29252e-01
9.81100e+03 2.29343e-01
9.81200e+03 2.29433e-01
9.81300e+03 2.29522e-01
9.81400e+03 2.29609e-01
9.81500e+03 2.29695e-01
9.81600e+03 2.29166e-01
9.81700e+03 2.28637e-01
9.81800e+03 2.28108e-01
9.81900e+03 2.27580e-01
9.82000e+03 2.27052e-01
9.82100e+03 2.26384e-01
9.82200e+03 2.25718e-01
9.82300e+03 2.25053e-01
9.82400e+03 2.24389e-01
9.82500e+03 2.23726e-01
9.82600e+03 2.23345e-01
9.82700e+03 2.22963e-01
9.82800e+03 2.22582e-01
9.82900e+03 2.22201e-01
9.83000e+03 2.21820e-01
9.83100e+03 2.22145e-01
9.83200e+03 2.22467e-01
9.83300e+03 2.22788e-01
9.83400e+03 2.23107e-01
9.83500e+03 2.23424e-01
9.83600e+03 2.23510e-01
9.83700e+03 2.23596e-01
9.83800e+03 2.23680e-01
9.83900e+03 2.23763e-01
9.84000e+03 2.23844e-01
9.84100e+03 2.23352e-01
9.84200e+03 2.22861e-01
9.84300e+03 2.22368e-01
9.84400e+03 2.21876e-01
9.84500e+03 2.21382e-01
9.84600e+03 2.20843e-01
9.84700e+03 2.20303e-01
9.84800e+03 2.19763e-01
9.84900e+03 2.19223e-01
9.85000e+03 2.18681e-01
9.85100e+03 2.18597e-01
9.85200e+03 2.18511e-01
9.85300e+03 2.18423e-01
9.85400e+03 2.18333e-01
9.85500e+03 2.18242e-01
9.85600e+03 2.18283e-01
9.85700e+03 2.18322e-01
9.85800e+03 2.18358e-01
9.85900e+03 2.18393e-01
9.86000e+03 2.18426e-01
9.86100e+03 2.18154e-01
9.86200e+03 2.17883e-01
9.86300e+03 2.17611e-01
9.86400e+03 2.17339e-01
9.86500e+03 2.17067e-01
9.86600e+03 2.16620e-01
9.86700e+03 2.16173e-01
9.86800e+03 2.15727e-01
9.86900e+03 2.15281e-01
9.87000e+03 2.14835e-01
9.87100e+03 2.14446e-01
9.87200e+03 2.14056e-01
9.87300e+03 2.13667e-01
9.87400e+03 2.13278e-01
9.87500e+03 2.12890e-01
9.87600e+03 2.12675e-01
9.87700e+03 2.12459e-01
9.87800e+03 2.12244e-01
9.87900e+03 2.12028e-01
9.88000e+03 2.11812e-01
9.88100e+03 2.11661e-01
9.88200e+03 2.11509e-01
9.88300e+03 2.11357e-01
9.88400e+03 2.11203e-01
9.88500e+03 2.11049e-01
9.88600e+03 2.10724e-01
9.88700e+03 2.10398e-01
9.88800e+03 2.10072e-01
9.88900e+03 2.09746e-01
9.89000e+03 2.09419e-01
9.89100e+03 2.09018e-01
9.89200e+03 2.08618e-01
9.89300e+03 2.08217e-01
9.89400e+03 2.07818e-01
9.89500e+03 2.07419e-01
9.89600e+03 2.06978e-01
9.89700e+03 2.06539e-01
9.89800e+03 2.06100e-01
9.89900e+03 2.05662e-01
9.90000e+03 2.05225e-01
9.90100e+03 2.04931e-01
9.90200e+03 2.04639e-01
9.90300e+03 2.04346e-01
9.90400e+03 2.04054e-01
9.90500e+03 2.03763e-01
9.90600e+03 2.03513e-01
9.90700e+03 2.03264e-01
9.90800e+03 2.03014e-01
9.90900e+03 2.02765e-01
9.91000e+03 2.02515e-01
9.91100e+03 2.02209e-01
9.91200e+03 2.01904e-01
9.91300e+03 2.01597e-01
9.91400e+03 2.01291e-01
9.91500e+03 2.00985e-01
9.91600e+03 2.00718e-01
9.91700e+03 2.00452e-01
9.91800e+03 2.00185e-01
9.91900e+03 1.99918e-01
9.92000e+03 1.99651e-01
9.92100e+03 1.99292e-01
9.92200e+03 1.98933e-01
9.92300e+03 1.98573e-01
9.92400e+03 1.98214e-01
9.92500e+03 1.97855e-01
9.92600e+03 1.97497e-01
9.92700e+03 1.97138e-01
9.92800e+03 1.96779e-01
9.92900e+03 1.96421e-01
9.93000e+03 1.96063e-01
9.93100e+03 1.95777e-01
9.93200e+03 1.95491e-01
9.93300e+03 1.95205e-01
9.93400e+03 1.94919e-01
9.93500e+03 1.94632e-01
9.93600e+03 1.94385e-01
9.93700e+03 1.94137e-01
9.93800e+03 1.93888e-01
9.93900e+03 1.93640e-01
9.94000e+03 1.93391e-01
9.94100e+03 1.93082e-01
9.94200e+03 1.92772e-01
9.94300e+03 1.92463e-01
9.94400e+03 1.92155e-01
9.94500e+03 1.91846e-01
9.94600e+03 1.91539e-01
9.94700e+03 1.91231e-01
9.94800e+03 1.90925e-01
9.94900e+03 1.90618e-01
9.95000e+03 1.90312e-01
9.95100e+03 1.90005e-01
9.95200e+03 1.89699e-01
9.95300e+03 1.89393e-01
9.95400e+03 1.89087e-01
9.95500e+03 1.88781e-01
9.95600e+03 1.88476e-01
9.95700e+03 1.88171e-01
9.95800e+03 1.87866e-01
9.95900e+03 1.87562e-01
9.96000e+03 1.87257e-01
9.96100e+03 1.86936e-01
9.96200e+03 1.86614e-01
9.96300e+03 1.86292e-01
9.96400e+03 1.85970e-01
9.96500e+03 1.85648e-01
9.96600e+03 1.85325e-01
9.96700e+03 1.85003e-01
9.96800e+03 1.84680e-01
9.96900e+03 1.84357e-01
9.97000e+03 1.84034e-01
9.97100e+03 1.83718e-01
9.97200e+03 1.83403e-01
9.97300e+03 1.83088e-01
9.97400e+03 1.82773e-01
9.97500e+03 1.82458e-01
9.97600e+03 1.82143e-01
9.97700e+03 1.81829e-01
9.97800e+03 1.81514e-01
9.97900e+03 1.81200e-01
9.98000e+03 1.80886e-01
9.98100e+03 1.80581e-01
9.98200e+03 1.80277e-01
9.98300e+03 1.79973e-01
9.98400e+03 1.79668e-01
9.98500e+03 1.79364e-01
9.98600e+03 1.79060e-01
9.98700e+03 1.78755e-01
9.98800e+03 1.78451e-01
9.98900e+03 1.78147e-01
9.99000e+03 1.77843e-01
9.99100e+03 1.77524e-01
9.99200e+03 1.77204e-01
9.99300e+03 1.76885e-01
9.99400e+03 1.76565e-01
9.99500e+03 1.76244e-01
9.99600e+03 1.75923e-01
9.99700e+03 1.75602e-01
9.99800e+03 1.75280e-01
9.99900e+03 1.74958e-01
1.00000e+04 1.74635e-01
1.00010e+04 1.74372e-01
1.00020e+04 1.74108e-01
1.00030e+04 1.73844e-01
1.00040e+04 1.73579e-01
1.00050e+04 1.73314e-01
1.00060e+04 1.72979e-01
1.00070e+04 1.72643e-01
1.00080e+04 1.72307e-01
1.00090e+04 1.71971e-01
1.00100e+04 1.71635e-01
1.00110e+04 1.71259e-01
1.00120e+04 1.70883e-01
1.00130e+04 1.70508e-01
1.00140e+04 1.70133e-01
1.00150e+04 1.69758e-01
1.00160e+04 1.69384e-01
1.00170e+04 1.69009e-01
1.00180e+04 1.68636e-01
1.00190e+04 1.68262e-01
1.00200e+04 1.67888e-01
1.00210e+04 1.67611e-01
1.00220e+04 1.67333e-01
1.00230e+04 1.67056e-01
1.00240e+04 1.66778e-01
1.00250e+04 1.66500e-01
1.00260e+04 1.66289e-01
1.00270e+04 1.66078e-01
1.00280e+04 1.65866e-01
1.00290e+04 1.65654e-01
1.00300e+04 1.65442e-01
1.00310e+04 1.65123e-01
1.00320e+04 1.64805e-01
1.00330e+04 1.64486e-01
1.00340e+04 1.64167e-01
1.00350e+04 1.63849e-01
1.00360e+04 1.63531e-01
1.00370e+04 1.63212e-01
1.00380e+04 1.62894e-01
1.00390e+04 1.62576e-01
1.00400e+04 1.62258e-01
1.00410e+04 1.61955e-01
1.00420e+04 1.61651e-01
1.00430e+04 1.61347e-01
1.00440e+04 1.61043e-01
1.00450e+04 1.60739e-01
1.00460e+04 1.60435e-01
1.00470e+04 1.60130e-01
1.00480e+04 1.59825e-01
1.00490e+04 1.59519e-01
1.00500e+04 1.59214e-01
1.00510e+04 1.58899e-01
1.00520e+04 1.58585e-01
1.00530e+04 1.58270e-01
1.00540e+04 1.57955e-01
1.00550e+04 1.57639e-01
1.00560e+04 1.57323e-01
1.00570e+04 1.57006e-01
1.00580e+04 1.56690e-01
1.00590e+04 1.56373e-01
1.00600e+04 1.56055e-01
1.00610e+04 1.55758e-01
1.00620e+04 1.55460e-01
1.00630e+04 1.55162e-01
1.00640e+04 1.54865e-01
1.00650e+04 1.54567e-01
1.00660e+04 1.54301e-01
1.00670e+04 1.54034e-01
1.00680e+04 1.53767e-01
1.00690e+04 1.53501e-01
1.00700e+04 1.53234e-01
1.00710e+04 1.52915e-01
1.00720e+04 1.52595e-01
1.00730e+04 1.52276e-01
1.00740e+04 1.51957e-01
1.00750e+04 1.51638e-01
1.00760e+04 1.51350e-01
1.00770e+04 1.51062e-01
1.00780e+04 1.50774e-01
1.00790e+04 1.50486e-01
1.00800e+04 1.50198e-01
1.00810e+04 1.49850e-01
1.00820e+04 1.49501e-01
1.00830e+04 1.49153e-01
1.00840e+04 1.48804e-01
1.00850e+04 1.48456e-01
1.00860e+04 1.48107e-01
1.00870e+04 1.47758e-01
1.00880e+04 1.47409e-01
1.00890e+04 1.47060e-01
1.00900e+04 1.46712e-01
1.00910e+04 1.46374e-01
1.00920e+04 1.46037e-01
1.00930e+04 1.45701e-01
1.00940e+04 1.45365e-01
1.00950e+04 1.45030e-01
1.00960e+04 1.44754e-01
1.00970e+04 1.44479e-01
1.00980e+04 1.44205e-01
1.00990e+04 1.43931e-01
1.01000e+04 1.43658e-01
1.01010e+04 1.43444e-01
1.01020e+04 1.43230e-01
1.01030e+04 1.43016e-01
1.01040e+04 1.42803e-01
1.01050e+04 1.42590e-01
1.01060e+04 1.42349e-01
1.01070e+04 1.42108e-01
1.01080e+04 1.41867e-01
1.01090e+04 1.41627e-01
1.01100e+04 1.41386e-01
1.01110e+04 1.41094e-01
1.01120e+04 1.40802e-01
1.01130e+04 1.40510e-01
1.01140e+04 1.40218e-01
1.01150e+04 1.39926e-01
1.01160e+04 1.39604e-01
1.01170e+04 1.39283e-01
1.01180e+04 1.38961e-01
1.01190e+04 1.38640e-01
1.01200e+04 1.38319e-01
1.01210e+04 1.38033e-01
1.01220e+04 1.37747e-01
1.01230e+04 1.37460e-01
1.01240e+04 1.37174e-01
1.01250e+04 1.36888e-01
1.01260e+04 1.36630e-01
1.01270e+04 1.36372e-01
1.01280e+04 1.36113e-01
1.01290e+04 1.35855e-01
1.01300e+04 1.35596e-01
1.01310e+04 1.35320e-01
1.01320e+04 1.35043e-01
1.01330e+04 1.34766e-01
1.01340e+04 1.34489e-01
1.01350e+04 1.34212e-01
1.01360e+04 1.33936e-01
1.01370e+04 1.33659e-01
1.01380e+04 1.33382e-01
1.01390e+04 1.33105e-01
1.01400e+04 1.32828e-01
1.01410e+04 1.32539e-01
1.01420e+04 1.32250e-01
1.01430e+04 1.31960e-01
1.01440e+04 1.31670e-01
1.01450e+04 1.31380e-01
1.01460e+04 1.31089e-01
1.01470e+04 1.30798e-01
1.01480e+04 1.30507e-01
1.01490e+04 1.30216e-01
1.01500e+04 1.29924e-01
1.01510e+04 1.29655e-01
1.01520e+04 1.29386e-01
1.01530e+04 1.29117e-01
1.01540e+04 1.28847e-01
1.01550e+04 1.28577e-01
1.01560e+04 1.28307e-01
1.01570e+04 1.28036e-01
1.01580e+04 1.27766e-01
1.01590e+04 1.27495e-01
1.01600e+04 1.27224e-01
1.01610e+04 1.26943e-01
1.01620e+04 1.26661e-01
1.01630e+04 1.26380e-01
1.01640e+04 1.26098e-01
1.01650e+04 1.25817e-01
1.01660e+04 1.25536e-01
1.01670e+04 1.25255e-01
1.01680e+04 1.24973e-01
1.01690e+04 1.24692e-01
1.01700e+04 1.24411e-01
1.01710e+04 1.24124e-01
1.01720e+04 1.23838e-01
1.01730e+04 1.23551e-01
1.01740e+04 1.23264e-01
1.01750e+04 1.22978e-01
1.01760e+04 1.22691e-01
1.01770e+04 1.22404e-01
1.01780e+04 1.22118e-01
1.01790e+04 1.21831e-01
1.01800e+04 1.21545e-01
1.01810e+04 1.21272e-01
1.01820e+04 1.20999e-01
1.01830e+04 1.20727e-01
1.01840e+04 1.20454e-01
1.01850e+04 1.20181e-01
1.01860e+04 1.19884e-01
1.01870e+04 1.19587e-01
1.01880e+04 1.19290e-01
1.01890e+04 1.18994e-01
1.01900e+04 1.18697e-01
1.01910e+04 1.18441e-01
1.01920e+04 1.18185e-01
1.01930e+04 1.17928e-01
1.01940e+04 1.17672e-01
1.01950e+04 1.17416e-01
1.01960e+04 1.17183e-01
1.01970e+04 1.16950e-01
1.01980e+04 1.16716e-01
1.01990e+04 1.16483e-01
1.02000e+04 1.16250e-01
1.02010e+04 1.15975e-01
1.02020e+04 1.15700e-01
1.02030e+04 1.15426e-01
1.02040e+04 1.15151e-01
1.02050e+04 1.14877e-01
1.02060e+04 1.14602e-01
1.02070e+04 1.14328e-01
1.02080e+04 1.14053e-01
1.02090e+04 1.13779e-01
1.02100e+04 1.13504e-01
1.02110e+04 1.13241e-01
1.02120e+04 1.12978e-01
1.02130e+04 1.12715e-01
1.02140e+04 1.12451e-01
1.02150e+04 1.12188e-01
1.02160e+04 1.11925e-01
1.02170e+04 1.11661e-01
1.02180e+04 1.11398e-01
1.02190e+04 1.11134e-01
1.02200e+04 1.10871e-01
1.02210e+04 1.10611e-01
1.02220e+04 1.10351e-01
1.02230e+04 1.10091e-01
1.02240e+04 1.09831e-01
1.02250e+04 1.09571e-01
1.02260e+04 1.09288e-01
1.02270e+04 1.09006e-01
1.02280e+04 1.08724e-01
1.02290e+04 1.08442e-01
1.02300e+04 1.08161e-01
1.02310e+04 1.07904e-01
1.02320e+04 1.07647e-01
1.02330e+04 1.07389e-01
1.02340e+04 1.07132e-01
1.02350e+04 1.06875e-01
1.02360e+04 1.06597e-01
1.02370e+04 1.06319e-01
1.02380e+04 1.06040e-01
1.02390e+04 1.05762e-01
1.02400e+04 1.05485e-01
1.02410e+04 1.05258e-01
1.02420e+04 1.05030e-01
1.02430e+04 1.04803e-01
1.02440e+04 1.04575e-01
1.02450e+04 1.04347e-01
1.02460e+04 1.04119e-01
1.02470e+04 1.03890e-01
1.02480e+04 1.03661e-01
1.02490e+04 1.03431e-01
1.02500e+04 1.03202e-01
1.02510e+04 1.02843e-01
1.02520e+04 1.02484e-01
1.02530e+04 1.02125e-01
1.02540e+04 1.01765e-01
1.02550e+04 1.01406e-01
1.02560e+04 1.01046e-01
1.02570e+04 1.00686e-01
1.02580e+04 1.00326e-01
1.02590e+04 9.99660e-02
1.02600e+04 9.96057e-02
1.02610e+04 9.92493e-02
1.02620e+04 9.88928e-02
1.02630e+04 9.85364e-02
1.02640e+04 9.81801e-02
1.02650e+04 9.78238e-02
1.02660e+04 9.74678e-02
1.02670e+04 9.71118e-02
1.02680e+04 9.67558e-02
1.02690e+04 9.64000e-02
1.02700e+04 9.60443e-02
1.02710e+04 9.57138e-02
1.02720e+04 9.53834e-02
1.02730e+04 9.50530e-02
1.02740e+04 9.47226e-02
1.02750e+04 9.43923e-02
1.02760e+04 9.40621e-02
1.02770e+04 9.37318e-02
1.02780e+04 9.34016e-02
1.02790e+04 9.30714e-02
1.02800e+04 9.27411e-02
1.02810e+04 9.24044e-02
1.02820e+04 9.20678e-02
1.02830e+04 9.17311e-02
1.02840e+04 9.13944e-02
1.02850e+04 9.10576e-02
1.02860e+04 9.07206e-02
1.02870e+04 9.03833e-02
1.02880e+04 9.00458e-02
1.02890e+04 8.97084e-02
1.02900e+04 8.93710e-02
1.02910e+04 8.90483e-02
1.02920e+04 8.87257e-02
1.02930e+04 8.84033e-02
1.02940e+04 8.80813e-02
1.02950e+04 8.77596e-02
1.02960e+04 8.74559e-02
1.02970e+04 8.71526e-02
1.02980e+04 8.68496e-02
1.02990e+04 8.65469e-02
1.03000e+04 8.62445e-02
1.03010e+04 8.59252e-02
1.03020e+04 8.56063e-02
1.03030e+04 8.52879e-02
1.03040e+04 8.49699e-02
1.03050e+04 8.46523e-02
1.03060e+04 8.43350e-02
1.03070e+04 8.40181e-02
1.03080e+04 8.37013e-02
1.03090e+04 8.33848e-02
1.03100e+04 8.30684e-02
1.03110e+04 8.27663e-02
1.03120e+04 8.24642e-02
1.03130e+04 8.21621e-02
1.03140e+04 8.18598e-02
1.03150e+04 8.15573e-02
1.03160e+04 8.12544e-02
1.03170e+04 8.09515e-02
1.03180e+04 8.06485e-02
1.03190e+04 8.03454e-02
1.03200e+04 8.00424e-02
1.03210e+04 7.97445e-02
1.03220e+04 7.94465e-02
1.03230e+04 7.91485e-02
1.03240e+04 7.88506e-02
1.03250e+04 7.85526e-02
1.03260e+04 7.82548e-02
1.03270e+04 7.79569e-02
1.03280e+04 7.76591e-02
1.03290e+04 7.73613e-02
1.03300e+04 7.70635e-02
1.03310e+04 7.67812e-02
1.03320e+04 7.64988e-02
1.03330e+04 7.62163e-02
1.03340e+04 7.59339e-02
1.03350e+04 7.56513e-02
1.03360e+04 7.53688e-02
1.03370e+04 7.50862e-02
1.03380e+04 7.48036e-02
1.03390e+04 7.45209e-02
1.03400e+04 7.42380e-02
1.03410e+04 7.39512e-02
1.03420e+04 7.36642e-02
1.03430e+04 7.33771e-02
1.03440e+04 7.30898e-02
1.03450e+04 7.28023e-02
1.03460e+04 7.25147e-02
1.03470e+04 7.22268e-02
1.03480e+04 7.19388e-02
1.03490e+04 7.16507e-02
1.03500e+04 7.13623e-02
1.03510e+04 7.11044e-02
1.03520e+04 7.08462e-02
1.03530e+04 7.05877e-02
1.03540e+04 7.03289e-02
1.03550e+04 7.00699e-02
1.03560e+04 6.98106e-02
1.03570e+04 6.95512e-02
1.03580e+04 6.92915e-02
1.03590e+04 6.90315e-02
1.03600e+04 6.87714e-02
1.03610e+04 6.84909e-02
1.03620e+04 6.82105e-02
1.03630e+04 6.79301e-02
1.03640e+04 6.76498e-02
1.03650e+04 6.73697e-02
1.03660e+04 6.70897e-02
1.03670e+04 6.68099e-02
1.03680e+04 6.65301e-02
1.03690e+04 6.62503e-02
1.03700e+04 6.59707e-02
1.03710e+04 6.57109e-02
1.03720e+04 6.54511e-02
1.03730e+04 6.51912e-02
1.03740e+04 6.49313e-02
1.03750e+04 6.46713e-02
1.03760e+04 6.44113e-02
1.03770e+04 6.41513e-02
1.03780e+04 6.38913e-02
1.03790e+04 6.36312e-02
1.03800e+04 6.33711e-02
1.03810e+04 6.31201e-02
1.03820e+04 6.28690e-02
1.03830e+04 6.26179e-02
1.03840e+04 6.23669e-02
1.03850e+04 6.21158e-02
1.03860e+04 6.18647e-02
1.03870e+04 6.16135e-02
1.03880e+04 6.13624e-02
1.03890e+04 6.11113e-02
1.03900e+04 6.08601e-02
1.03910e+04 6.06020e-02
1.03920e+04 6.03439e-02
1.03930e+04 6.00858e-02
1.03940e+04 5.98278e-02
1.03950e+04 5.95699e-02
1.03960e+04 5.93120e-02
1.03970e+04 5.90541e-02
1.03980e+04 5.87963e-02
1.03990e+04 5.85385e-02
1.04000e+04 5.82808e-02
1.04010e+04 5.80444e-02
1.04020e+04 5.78080e-02
1.04030e+04 5.75716e-02
1.04040e+04 5.73351e-02
1.04050e+04 5.70986e-02
1.04060e+04 5.68620e-02
1.04070e+04 5.66254e-02
1.04080e+04 5.63888e-02
1.04090e+04 5.61521e-02
1.04100e+04 5.59154e-02
1.04110e+04 5.56793e-02
1.04120e+04 5.54432e-02
1.04130e+04 5.52071e-02
1.04140e+04 5.49708e-02
1.04150e+04 5.47346e-02
1.04160e+04 5.44983e-02
1.04170e+04 5.42620e-02
1.04180e+04 5.40256e-02
1.04190e+04 5.37892e-02
1.04200e+04 5.35527e-02
1.04210e+04 5.33233e-02
1.04220e+04 5.30940e-02
1.04230e+04 5.28646e-02
1.04240e+04 5.26353e-02
1.04250e+04 5.24059e-02
1.04260e+04 5.21766e-02
1.04270e+04 5.19472e-02
1.04280e+04 5.17178e-02
1.04290e+04 5.14884e-02
1.04300e+04 5.12591e-02
1.04310e+04 5.10292e-02
1.04320e+04 5.07993e-02
1.04330e+04 5.05695e-02
1.04340e+04 5.03396e-02
1.04350e+04 5.01098e-02
1.04360e+04 4.98800e-02
1.04370e+04 4.96502e-02
1.04380e+04 4.94205e-02
1.04390e+04 4.91907e-02
1.04400e+04 4.89610e-02
1.04410e+04 4.87408e-02
1.04420e+04 4.85205e-02
1.04430e+04 4.83003e-02
1.04440e+04 4.80799e-02
1.04450e+04 4.78596e-02
1.04460e+04 4.76295e-02
1.04470e+04 4.73995e-02
1.04480e+04 4.71695e-02
1.04490e+04 4.69396e-02
1.04500e+04 4.67096e-02
1.04510e+04 4.64970e-02
1.04520e+04 4.62842e-02
1.04530e+04 4.60713e-02
1.04540e+04 4.58582e-02
1.04550e+04 4.56449e-02
1.04560e+04 4.54315e-02
1.04570e+04 4.52179e-02
1.04580e+04 4.50041e-02
1.04590e+04 4.47903e-02
1.04600e+04 4.45763e-02
1.04610e+04 4.43639e-02
1.04620e+04 4.41516e-02
1.04630e+04 4.39393e-02
1.04640e+04 4.37271e-02
1.04650e+04 4.35150e-02
1.04660e+04 4.33029e-02
1.04670e+04 4.30909e-02
1.04680e+04 4.28790e-02
1.04690e+04 4.26672e-02
1.04700e+04 4.24554e-02
1.04710e+04 4.22577e-02
1.04720e+04 4.20599e-02
1.04730e+04 4.18622e-02
1.04740e+04 4.16645e-02
1.04750e+04 4.14668e-02
1.04760e+04 4.12691e-02
1.04770e+04 4.10714e-02
1.04780e+04 4.08737e-02
1.04790e+04 4.06760e-02
1.04800e+04 4.04783e-02
1.04810e+04 4.02792e-02
1.04820e+04 4.00802e-02
1.04830e+04 3.98811e-02
1.04840e+04 3.96820e-02
1.04850e+04 3.94828e-02
1.04860e+04 3.92756e-02
1.04870e+04 3.90683e-02
1.04880e+04 3.88611e-02
1.04890e+04 3.86540e-02
1.04900e+04 3.84468e-02
1.04910e+04 3.82563e-02
1.04920e+04 3.80658e-02
1.04930e+04 3.78753e-02
1.04940e+04 3.76849e-02
1.04950e+04 3.74945e-02
1.04960e+04 3.73043e-02
1.04970e+04 3.71141e-02
1.04980e+04 3.69240e-02
1.04990e+04 3.67340e-02
1.05000e+04 3.65441e-02
1.05010e+04 3.63612e-02
1.05020e+04 3.61784e-02
1.05030e+04 3.59956e-02
1.05040e+04 3.58130e-02
1.05050e+04 3.56305e-02
1.05060e+04 3.54480e-02
1.05070e+04 3.52656e-02
1.05080e+04 3.50833e-02
1.05090e+04 3.49010e-02
1.05100e+04 3.47188e-02
1.05110e+04 3.45354e-02
1.05120e+04 3.43520e-02
1.05130e+04 3.41687e-02
1.05140e+04 3.39853e-02
1.05150e+04 3.38018e-02
1.05160e+04 3.36184e-02
1.05170e+04 3.34349e-02
1.05180e+04 3.32514e-02
1.05190e+04 3.30679e-02
1.05200e+04 3.28844e-02
1.05210e+04 3.27071e-02
1.05220e+04 3.25299e-02
1.05230e+04 3.23528e-02
1.05240e+04 3.21757e-02
1.05250e+04 3.19987e-02
1.05260e+04 3.18281e-02
1.05270e+04 3.16575e-02
1.05280e+04 3.14869e-02
1.05290e+04 3.13163e-02
1.05300e+04 3.11457e-02
1.05310e+04 3.09791e-02
1.05320e+04 3.08126e-02
1.05330e+04 3.06461e-02
1.05340e+04 3.04795e-02
1.05350e+04 3.03130e-02
1.05360e+04 3.01465e-02
1.05370e+04 2.99799e-02
1.05380e+04 2.98134e-02
1.05390e+04 2.96469e-02
1.05400e+04 2.94803e-02
1.05410e+04 2.93155e-02
1.05420e+04 2.91507e-02
1.05430e+04 2.89859e-02
1.05440e+04 2.88212e-02
1.05450e+04 2.86566e-02
1.05460e+04 2.84977e-02
1.05470e+04 2.83389e-02
1.05480e+04 2.81800e-02
1.05490e+04 2.80211e-02
1.05500e+04 2.78621e-02
1.05510e+04 2.77064e-02
1.05520e+04 2.75506e-02
1.05530e+04 2.73948e-02
1.05540e+04 2.72391e-02
1.05550e+04 2.70834e-02
1.05560e+04 2.69222e-02
1.05570e+04 2.67611e-02
1.05580e+04 2.66001e-02
1.05590e+04 2.64391e-02
1.05600e+04 2.62783e-02
1.05610e+04 2.61289e-02
1.05620e+04 2.59795e-02
1.05630e+04 2.58301e-02
1.05640e+04 2.56807e-02
1.05650e+04 2.55313e-02
1.05660e+04 2.53768e-02
1.05670e+04 2.52224e-02
1.05680e+04 2.50680e-02
1.05690e+04 2.49137e-02
1.05700e+04 2.47595e-02
1.05710e+04 2.46197e-02
1.05720e+04 2.44798e-02
1.05730e+04 2.43400e-02
1.05740e+04 2.42001e-02
1.05750e+04 2.40601e-02
1.05760e+04 2.39153e-02
1.05770e+04 2.37705e-02
1.05780e+04 2.36257e-02
1.05790e+04 2.34809e-02
1.05800e+04 2.33362e-02
1.05810e+04 2.31992e-02
1.05820e+04 2.30622e-02
1.05830e+04 2.29252e-02
1.05840e+04 2.27882e-02
1.05850e+04 2.26512e-02
1.05860e+04 2.25142e-02
1.05870e+04 2.23772e-02
1.05880e+04 2.22401e-02
1.05890e+04 2.21031e-02
1.05900e+04 2.19661e-02
1.05910e+04 2.18387e-02
1.05920e+04 2.17114e-02
1.05930e+04 2.15841e-02
1.05940e+04 2.14568e-02
1.05950e+04 2.13295e-02
1.05960e+04 2.12065e-02
1.05970e+04 2.10835e-02
1.05980e+04 2.09605e-02
1.05990e+04 2.08374e-02
1.06000e+04 2.07143e-02
1.06010e+04 2.05886e-02
1.06020e+04 2.04629e-02
1.06030e+04 2.03371e-02
1.06040e+04 2.02114e-02
1.06050e+04 2.00857e-02
1.06060e+04 1.99559e-02
1.06070e+04 1.98261e-02
1.06080e+04 1.96964e-02
1.06090e+04 1.95668e-02
1.06100e+04 1.94372e-02
1.06110e+04 1.93171e-02
1.06120e+04 1.91970e-02
1.06130e+04 1.90769e-02
1.06140e+04 1.89568e-02
1.06150e+04 1.88368e-02
1.06160e+04 1.87167e-02
1.06170e+04 1.85966e-02
1.06180e+04 1.84765e-02
1.06190e+04 1.83564e-02
1.06200e+04 1.82363e-02
1.06210e+04 1.81250e-02
1.06220e+04 1.80136e-02
1.06230e+04 1.79024e-02
1.06240e+04 1.77911e-02
1.06250e+04 1.76799e-02
1.06260e+04 1.75723e-02
1.06270e+04 1.74646e-02
1.06280e+04 1.73570e-02
1.06290e+04 1.72493e-02
1.06300e+04 1.71417e-02
1.06310e+04 1.70343e-02
1.06320e+04 1.69268e-02
1.06330e+04 1.68194e-02
1.06340e+04 1.67120e-02
1.06350e+04 1.66045e-02
1.06360e+04 1.64937e-02
1.06370e+04 1.63829e-02
1.06380e+04 1.62721e-02
1.06390e+04 1.61613e-02
1.06400e+04 1.60506e-02
1.06410e+04 1.59540e-02
1.06420e+04 1.58573e-02
1.06430e+04 1.57607e-02
1.06440e+04 1.56640e-02
1.06450e+04 1.55674e-02
1.06460e+04 1.54707e-02
1.06470e+04 1.53740e-02
1.06480e+04 1.52774e-02
1.06490e+04 1.51807e-02
1.06500e+04 1.50840e-02
1.06510e+04 1.49873e-02
1.06520e+04 1.48906e-02
1.06530e+04 1.47939e-02
1.06540e+04 1.46972e-02
1.06550e+04 1.46005e-02
1.06560e+04 1.45037e-02
1.06570e+04 1.44070e-02
1.06580e+04 1.43103e-02
1.06590e+04 1.42135e-02
1.06600e+04 1.41168e-02
1.06610e+04 1.40316e-02
1.06620e+04 1.39465e-02
1.06630e+04 1.38613e-02
1.06640e+04 1.37762e-02
1.06650e+04 1.36910e-02
1.06660e+04 1.36058e-02
1.06670e+04 1.35206e-02
1.06680e+04 1.34354e-02
1.06690e+04 1.33502e-02
1.06700e+04 1.32650e-02
1.06710e+04 1.31801e-02
1.06720e+04 1.30952e-02
1.06730e+04 1.30103e-02
1.06740e+04 1.29254e-02
1.06750e+04 1.28405e-02
1.06760e+04 1.27556e-02
1.06770e+04 1.26706e-02
1.06780e+04 1.25857e-02
1.06790e+04 1.25007e-02
1.06800e+04 1.24157e-02
1.06810e+04 1.23439e-02
1.06820e+04 1.22720e-02
1.06830e+04 1.22001e-02
1.06840e+04 1.21282e-02
1.06850e+04 1.20562e-02
1.06860e+04 1.19842e-02
1.06870e+04 1.19122e-02
1.06880e+04 1.18401e-02
1.06890e+04 1.17681e-02
1.06900e+04 1.16960e-02
1.06910e+04 1.16283e-02
1.06920e+04 1.15606e-02
1.06930e+04 1.14929e-02
1.06940e+04 1.14252e-02
1.06950e+04 1.13575e-02
1.06960e+04 1.12920e-02
1.06970e+04 1.12265e-02
1.06980e+04 1.11610e-02
1.06990e+04 1.10954e-02
1.07000e+04 1.10298e-02
1.07010e+04 1.09622e-02
1.07020e+04 1.08945e-02
1.07030e+04 1.08269e-02
1.07040e+04 1.07592e-02
1.07050e+04 1.06915e-02
1.07060e+04 1.06237e-02
1.07070e+04 1.05560e-02
1.07080e+04 1.04882e-02
1.07090e+04 1.04205e-02
1.07100e+04 1.03527e-02
1.07110e+04 1.02956e-02
1.07120e+04 1.02384e-02
1.07130e+04 1.01813e-02
1.07140e+04 1.01242e-02
1.07150e+04 1.00670e-02
1.07160e+04 1.00099e-02
1.07170e+04 9.95272e-03
1.07180e+04 9.89557e-03
1.07190e+04 9.83841e-03
1.07200e+04 9.78124e-03
1.07210e+04 9.72960e-03
1.07220e+04 9.67795e-03
1.07230e+04 9.62630e-03
1.07240e+04 9.57465e-03
1.07250e+04 9.52299e-03
1.07260e+04 9.47326e-03
1.07270e+04 9.42350e-03
1.07280e+04 9.37372e-03
1.07290e+04 9.32391e-03
1.07300e+04 9.27409e-03
1.07310e+04 9.22512e-03
1.07320e+04 9.17612e-03
1.07330e+04 9.12709e-03
1.07340e+04 9.07802e-03
1.07350e+04 9.02892e-03
1.07360e+04 8.97798e-03
1.07370e+04 8.92702e-03
1.07380e+04 8.87606e-03
1.07390e+04 8.82508e-03
1.07400e+04 8.77409e-03
1.07410e+04 8.72233e-03
1.07420e+04 8.67062e-03
1.07430e+04 8.61898e-03
1.07440e+04 8.56739e-03
1.07450e+04 8.51587e-03
1.07460e+04 8.47127e-03
1.07470e+04 8.42666e-03
1.07480e+04 8.38204e-03
1.07490e+04 8.33739e-03
1.07500e+04 8.29274e-03
1.07510e+04 8.25160e-03
1.07520e+04 8.21040e-03
1.07530e+04 8.16915e-03
1.07540e+04 8.12785e-03
1.07550e+04 8.08649e-03
1.07560e+04 8.04182e-03
1.07570e+04 7.99714e-03
1.07580e+04 7.95244e-03
1.07590e+04 7.90772e-03
1.07600e+04 7.86299e-03
1.07610e+04 7.81828e-03
1.07620e+04 7.77355e-03
1.07630e+04 7.72880e-03
1.07640e+04 7.68404e-03
1.07650e+04 7.63925e-03
1.07660e+04 7.58986e-03
1.07670e+04 7.54049e-03
1.07680e+04 7.49117e-03
1.07690e+04 7.44187e-03
1.07700e+04 7.39262e-03
1.07710e+04 7.34719e-03
1.07720e+04 7.30182e-03
1.07730e+04 7.25650e-03
1.07740e+04 7.21124e-03
1.07750e+04 7.16604e-03
1.07760e+04 7.12812e-03
1.07770e+04 7.09018e-03
1.07780e+04 7.05220e-03
1.07790e+04 7.01421e-03
1.07800e+04 6.97618e-03
1.07810e+04 6.93445e-03
1.07820e+04 6.89267e-03
1.07830e+04 6.85082e-03
1.07840e+04 6.80892e-03
1.07850e+04 6.76696e-03
1.07860e+04 6.72223e-03
1.07870e+04 6.67749e-03
1.07880e+04 6.63273e-03
1.07890e+04 6.58795e-03
1.07900e+04 6.54314e-03
1.07910e+04 6.50366e-03
1.07920e+04 6.46417e-03
1.07930e+04 6.42465e-03
1.07940e+04 6.38511e-03
1.07950e+04 6.34554e-03
1.07960e+04 6.30086e-03
1.07970e+04 6.25622e-03
1.07980e+04 6.21162e-03
1.07990e+04 6.16706e-03
1.08000e+04 6.12254e-03
1.08010e+04 6.07822e-03
1.08020e+04 6.03393e-03
1.08030e+04 5.98969e-03
1.08040e+04 5.94549e-03
1.08050e+04 5.90133e-03
1.08060e+04 5.86198e-03
1.08070e+04 5.82261e-03
1.08080e+04 5.78321e-03
1.08090e+04 5.74380e-03
1.08100e+04 5.70437e-03
1.08110e+04 5.66931e-03
1.08120e+04 5.63425e-03
1.08130e+04 5.59919e-03
1.08140e+04 5.56414e-03
1.08150e+04 5.52910e-03
1.08160e+04 5.49741e-03
1.08170e+04 5.46568e-03
1.08180e+04 5.43391e-03
1.08190e+04 5.40210e-03
1.08200e+04 5.37025e-03
1.08210e+04 5.33821e-03
1.08220e+04 5.30614e-03
1.08230e+04 5.27404e-03
1.08240e+04 5.24190e-03
1.08250e+04 5.20973e-03
1.08260e+04 5.17125e-03
1.08270e+04 5.13282e-03
1.08280e+04 5.09445e-03
1.08290e+04 5.05612e-03
1.08300e+04 5.01785e-03
1.08310e+04 4.97319e-03
1.08320e+04 4.92859e-03
1.08330e+04 4.88408e-03
1.08340e+04 4.83963e-03
1.08350e+04 4.79525e-03
1.08360e+04 4.75772e-03
1.08370e+04 4.72013e-03
1.08380e+04 4.68250e-03
1.08390e+04 4.64482e-03
1.08400e+04 4.60709e-03
1.08410e+04 4.58089e-03
1.08420e+04 4.55466e-03
1.08430e+04 4.52839e-03
1.08440e+04 4.50210e-03
1.08450e+04 4.47579e-03
1.08460e+04 4.44584e-03
1.08470e+04 4.41592e-03
1.08480e+04 4.38602e-03
1.08490e+04 4.35615e-03
1.08500e+04 4.32630e-03
1.08510e+04 4.28768e-03
1.08520e+04 4.24913e-03
1.08530e+04 4.21065e-03
1.08540e+04 4.17225e-03
1.08550e+04 4.13393e-03
1.08560e+04 4.09067e-03
1.08570e+04 4.04757e-03
1.08580e+04 4.00462e-03
1.08590e+04 3.96183e-03
1.08600e+04 3.91918e-03
1.08610e+04 3.88924e-03
1.08620e+04 3.85931e-03
1.08630e+04 3.82941e-03
1.08640e+04 3.79953e-03
1.08650e+04 3.76967e-03
1.08660e+04 3.74909e-03
1.08670e+04 3.72840e-03
1.08680e+04 3.70758e-03
1.08690e+04 3.68665e-03
1.08700e+04 3.66560e-03
1.08710e+04 3.64386e-03
1.08720e+04 3.62200e-03
1.08730e+04 3.60004e-03
1.08740e+04 3.57797e-03
1.08750e+04 3.55579e-03
1.08760e+04 3.52922e-03
1.08770e+04 3.50262e-03
1.08780e+04 3.47597e-03
1.08790e+04 3.44929e-03
1.08800e+04 3.42256e-03
1.08810e+04 3.39170e-03
1.08820e+04 3.36086e-03
1.08830e+04 3.33005e-03
1.08840e+04 3.29928e-03
1.08850e+04 3.26854e-03
1.08860e+04 3.23586e-03
1.08870e+04 3.20325e-03
1.08880e+04 3.17070e-03
1.08890e+04 3.13823e-03
1.08900e+04 3.10581e-03
1.08910e+04 3.07523e-03
1.08920e+04 3.04469e-03
1.08930e+04 3.01417e-03
1.08940e+04 2.98369e-03
1.08950e+04 2.95325e-03
1.08960e+04 2.92343e-03
1.08970e+04 2.89364e-03
1.08980e+04 2.86387e-03
1.08990e+04 2.83413e-03
1.09000e+04 2.80440e-03
1.09010e+04 2.77962e-03
1.09020e+04 2.75487e-03
1.09030e+04 2.73015e-03
1.09040e+04 2.70546e-03
1.09050e+04 2.68080e-03
1.09060e+04 2.66218e-03
1.09070e+04 2.64348e-03
1.09080e+04 2.62471e-03
1.09090e+04 2.60587e-03
1.09100e+04 2.58696e-03
1.09110e+04 2.56664e-03
1.09120e+04 2.54627e-03
1.09130e+04 2.52586e-03
1.09140e+04 2.50540e-03
1.09150e+04 2.48489e-03
1.09160e+04 2.45585e-03
1.09170e+04 2.42692e-03
1.09180e+04 2.39810e-03
1.09190e+04 2.36940e-03
1.09200e+04 2.34080e-03
1.09210e+04 2.31265e-03
1.09220e+04 2.28461e-03
1.09230e+04 2.25667e-03
1.09240e+04 2.22883e-03
1.09250e+04 2.20110e-03
1.09260e+04 2.18071e-03
1.09270e+04 2.16027e-03
1.09280e+04 2.13979e-03
1.09290e+04 2.11926e-03
1.09300e+04 2.09868e-03
1.09310e+04 2.08052e-03
1.09320e+04 2.06226e-03
1.09330e+04 2.04390e-03
1.09340e+04 2.02544e-03
1.09350e+04 2.00689e-03
1.09360e+04 1.98418e-03
1.09370e+04 1.96147e-03
1.09380e+04 1.93875e-03
1.09390e+04 1.91603e-03
1.09400e+04 1.89330e-03
1.09410e+04 1.87261e-03
1.09420e+04 1.85199e-03
1.09430e+04 1.83142e-03
1.09440e+04 1.81093e-03
1.09450e+04 1.79049e-03
1.09460e+04 1.77341e-03
1.09470e+04 1.75633e-03
1.09480e+04 1.73926e-03
1.09490e+04 1.72218e-03
1.09500e+04 1.70510e-03
1.09510e+04 1.68783e-03
1.09520e+04 1.67056e-03
1.09530e+04 1.65330e-03
1.09540e+04 1.63604e-03
1.09550e+04 1.61879e-03
1.09560e+04 1.60022e-03
1.09570e+04 1.58168e-03
1.09580e+04 1.56317e-03
1.09590e+04 1.54469e-03
1.09600e+04 1.52625e-03
1.09610e+04 1.51182e-03
1.09620e+04 1.49734e-03
1.09630e+04 1.48280e-03
1.09640e+04 1.46820e-03
1.09650e+04 1.45354e-03
1.09660e+04 1.43853e-03
1.09670e+04 1.42348e-03
1.09680e+04 1.40837e-03
1.09690e+04 1.39321e-03
1.09700e+04 1.37800e-03
1.09710e+04 1.35810e-03
1.09720e+04 1.33826e-03
1.09730e+04 1.31849e-03
1.09740e+04 1.29879e-03
1.09750e+04 1.27915e-03
1.09760e+04 1.26037e-03
1.09770e+04 1.24163e-03
1.09780e+04 1.22294e-03
1.09790e+04 1.20430e-03
1.09800e+04 1.18571e-03
1.09810e+04 1.17392e-03
1.09820e+04 1.16213e-03
1.09830e+04 1.15036e-03
1.09840e+04 1.13860e-03
1.09850e+04 1.22128e-03
1.09860e+04 1.26849e-03
1.09870e+04 1.28314e-03
1.09880e+04 1.26762e-03
1.09890e+04 1.22534e-03
