# Filter name : LSST/LSST.r
# Description : LSST r filter (full)
# Photometric system : LSST
# FilterType : photon
# Band name : r
# Observatory : LSST
# Instrument : LSST
# Comments : Full throughput: system - mirrors, lenses, filter, detector, and the zenith atmosphere. Aerosols added to atmosphere Version 1.5 
# 
5.37000e+03 4.41911e-13
5.37100e+03 8.20127e-04
5.37200e+03 1.64039e-03
5.37300e+03 2.46078e-03
5.37400e+03 3.28130e-03
5.37500e+03 4.10196e-03
5.37600e+03 4.92386e-03
5.37700e+03 5.76787e-03
5.37800e+03 6.61240e-03
5.37900e+03 7.43583e-03
5.38000e+03 8.25976e-03
5.38100e+03 9.08141e-03
5.38200e+03 9.90306e-03
5.38300e+03 1.07247e-02
5.38400e+03 1.15464e-02
5.38500e+03 1.23680e-02
5.38600e+03 1.31897e-02
5.38700e+03 1.40114e-02
5.38800e+03 1.48330e-02
5.38900e+03 1.56763e-02
5.39000e+03 1.65197e-02
5.39100e+03 1.73421e-02
5.39200e+03 1.81645e-02
5.39300e+03 1.89870e-02
5.39400e+03 1.98095e-02
5.39500e+03 2.06321e-02
5.39600e+03 2.14547e-02
5.39700e+03 2.22773e-02
5.39800e+03 2.30999e-02
5.39900e+03 2.39225e-02
5.40000e+03 2.47452e-02
5.40100e+03 2.55883e-02
5.40200e+03 2.64314e-02
5.40300e+03 2.72527e-02
5.40400e+03 2.80740e-02
5.40500e+03 2.88951e-02
5.40600e+03 2.97094e-02
5.40700e+03 3.05231e-02
5.40800e+03 3.13364e-02
5.40900e+03 3.21492e-02
5.41000e+03 3.29615e-02
5.41100e+03 3.37825e-02
5.41200e+03 3.46034e-02
5.41300e+03 3.54460e-02
5.41400e+03 3.62885e-02
5.41500e+03 3.71095e-02
5.41600e+03 3.79306e-02
5.41700e+03 3.87516e-02
5.41800e+03 3.95727e-02
5.41900e+03 4.03939e-02
5.42000e+03 4.12150e-02
5.42100e+03 4.28565e-02
5.42200e+03 4.44980e-02
5.42300e+03 4.61611e-02
5.42400e+03 4.78242e-02
5.42500e+03 4.94658e-02
5.42600e+03 5.11188e-02
5.42700e+03 5.27726e-02
5.42800e+03 5.44270e-02
5.42900e+03 5.61038e-02
5.43000e+03 5.77813e-02
5.43100e+03 5.94250e-02
5.43200e+03 6.10686e-02
5.43300e+03 6.27123e-02
5.43400e+03 6.43560e-02
5.43500e+03 6.60214e-02
5.43600e+03 6.76867e-02
5.43700e+03 6.93305e-02
5.43800e+03 7.09742e-02
5.43900e+03 7.26181e-02
5.44000e+03 7.42621e-02
5.44100e+03 7.59297e-02
5.44200e+03 7.75975e-02
5.44300e+03 7.92440e-02
5.44400e+03 8.08909e-02
5.44500e+03 8.25380e-02
5.44600e+03 8.41856e-02
5.44700e+03 8.58335e-02
5.44800e+03 8.74817e-02
5.44900e+03 8.91519e-02
5.45000e+03 9.08225e-02
5.45100e+03 9.24651e-02
5.45200e+03 9.41077e-02
5.45300e+03 9.57504e-02
5.45400e+03 9.73932e-02
5.45500e+03 9.90577e-02
5.45600e+03 1.00722e-01
5.45700e+03 1.02365e-01
5.45800e+03 1.04008e-01
5.45900e+03 1.05651e-01
5.46000e+03 1.07294e-01
5.46100e+03 1.08969e-01
5.46200e+03 1.10644e-01
5.46300e+03 1.12297e-01
5.46400e+03 1.13951e-01
5.46500e+03 1.15605e-01
5.46600e+03 1.17259e-01
5.46700e+03 1.18935e-01
5.46800e+03 1.20612e-01
5.46900e+03 1.22267e-01
5.47000e+03 1.23922e-01
5.47100e+03 1.25607e-01
5.47200e+03 1.27292e-01
5.47300e+03 1.29000e-01
5.47400e+03 1.30710e-01
5.47500e+03 1.32398e-01
5.47600e+03 1.34058e-01
5.47700e+03 1.35717e-01
5.47800e+03 1.37377e-01
5.47900e+03 1.39059e-01
5.48000e+03 1.40741e-01
5.48100e+03 1.42393e-01
5.48200e+03 1.44046e-01
5.48300e+03 1.45698e-01
5.48400e+03 1.47350e-01
5.48500e+03 1.49024e-01
5.48600e+03 1.50699e-01
5.48700e+03 1.52351e-01
5.48800e+03 1.54004e-01
5.48900e+03 1.55657e-01
5.49000e+03 1.57309e-01
5.49100e+03 1.58984e-01
5.49200e+03 1.60659e-01
5.49300e+03 1.62312e-01
5.49400e+03 1.63966e-01
5.49500e+03 1.65619e-01
5.49600e+03 1.67310e-01
5.49700e+03 1.69002e-01
5.49800e+03 1.70695e-01
5.49900e+03 1.72411e-01
5.50000e+03 1.74127e-01
5.50100e+03 1.75788e-01
5.50200e+03 1.77449e-01
5.50300e+03 1.79111e-01
5.50400e+03 1.80773e-01
5.50500e+03 1.82456e-01
5.50600e+03 1.84140e-01
5.50700e+03 1.85802e-01
5.50800e+03 1.87464e-01
5.50900e+03 1.89127e-01
5.51000e+03 1.90790e-01
5.51100e+03 1.92474e-01
5.51200e+03 1.94158e-01
5.51300e+03 1.95821e-01
5.51400e+03 1.97484e-01
5.51500e+03 1.99148e-01
5.51600e+03 2.00811e-01
5.51700e+03 2.02497e-01
5.51800e+03 2.04182e-01
5.51900e+03 2.05846e-01
5.52000e+03 2.07510e-01
5.52100e+03 2.09173e-01
5.52200e+03 2.10835e-01
5.52300e+03 2.12519e-01
5.52400e+03 2.14204e-01
5.52500e+03 2.15866e-01
5.52600e+03 2.17529e-01
5.52700e+03 2.19192e-01
5.52800e+03 2.20856e-01
5.52900e+03 2.22541e-01
5.53000e+03 2.24226e-01
5.53100e+03 2.25893e-01
5.53200e+03 2.27561e-01
5.53300e+03 2.29229e-01
5.53400e+03 2.30897e-01
5.53500e+03 2.32587e-01
5.53600e+03 2.34278e-01
5.53700e+03 2.35946e-01
5.53800e+03 2.37615e-01
5.53900e+03 2.39284e-01
5.54000e+03 2.40954e-01
5.54100e+03 2.42646e-01
5.54200e+03 2.44339e-01
5.54300e+03 2.46009e-01
5.54400e+03 2.47681e-01
5.54500e+03 2.49352e-01
5.54600e+03 2.51080e-01
5.54700e+03 2.52809e-01
5.54800e+03 2.54539e-01
5.54900e+03 2.56292e-01
5.55000e+03 2.58046e-01
5.55100e+03 2.59713e-01
5.55200e+03 2.61380e-01
5.55300e+03 2.63047e-01
5.55400e+03 2.64714e-01
5.55500e+03 2.66403e-01
5.55600e+03 2.68093e-01
5.55700e+03 2.69760e-01
5.55800e+03 2.71428e-01
5.55900e+03 2.73096e-01
5.56000e+03 2.74764e-01
5.56100e+03 2.76408e-01
5.56200e+03 2.78051e-01
5.56300e+03 2.79672e-01
5.56400e+03 2.81292e-01
5.56500e+03 2.82912e-01
5.56600e+03 2.84596e-01
5.56700e+03 2.86302e-01
5.56800e+03 2.88008e-01
5.56900e+03 2.89693e-01
5.57000e+03 2.91378e-01
5.57100e+03 2.93067e-01
5.57200e+03 2.94756e-01
5.57300e+03 2.96468e-01
5.57400e+03 2.98179e-01
5.57500e+03 2.99870e-01
5.57600e+03 3.01561e-01
5.57700e+03 3.03252e-01
5.57800e+03 3.04943e-01
5.57900e+03 3.06657e-01
5.58000e+03 3.08371e-01
5.58100e+03 3.10034e-01
5.58200e+03 3.11696e-01
5.58300e+03 3.13358e-01
5.58400e+03 3.15021e-01
5.58500e+03 3.16705e-01
5.58600e+03 3.18390e-01
5.58700e+03 3.20052e-01
5.58800e+03 3.21715e-01
5.58900e+03 3.23377e-01
5.59000e+03 3.25040e-01
5.59100e+03 3.26739e-01
5.59200e+03 3.28438e-01
5.59300e+03 3.30115e-01
5.59400e+03 3.31792e-01
5.59500e+03 3.33470e-01
5.59600e+03 3.35072e-01
5.59700e+03 3.36674e-01
5.59800e+03 3.38275e-01
5.59900e+03 3.39897e-01
5.60000e+03 3.41519e-01
5.60100e+03 3.43217e-01
5.60200e+03 3.44917e-01
5.60300e+03 3.46616e-01
5.60400e+03 3.48316e-01
5.60500e+03 3.50038e-01
5.60600e+03 3.51761e-01
5.60700e+03 3.53462e-01
5.60800e+03 3.55163e-01
5.60900e+03 3.56865e-01
5.61000e+03 3.58567e-01
5.61100e+03 3.60263e-01
5.61200e+03 3.61959e-01
5.61300e+03 3.63633e-01
5.61400e+03 3.65307e-01
5.61500e+03 3.66982e-01
5.61600e+03 3.68573e-01
5.61700e+03 3.70185e-01
5.61800e+03 3.71797e-01
5.61900e+03 3.73386e-01
5.62000e+03 3.74975e-01
5.62100e+03 3.76646e-01
5.62200e+03 3.78318e-01
5.62300e+03 3.80011e-01
5.62400e+03 3.81704e-01
5.62500e+03 3.83376e-01
5.62600e+03 3.85047e-01
5.62700e+03 3.86522e-01
5.62800e+03 3.87998e-01
5.62900e+03 3.88840e-01
5.63000e+03 3.89682e-01
5.63100e+03 3.90552e-01
5.63200e+03 3.91423e-01
5.63300e+03 3.92294e-01
5.63400e+03 3.93166e-01
5.63500e+03 3.94037e-01
5.63600e+03 3.94909e-01
5.63700e+03 3.95802e-01
5.63800e+03 3.96696e-01
5.63900e+03 3.97568e-01
5.64000e+03 3.98441e-01
5.64100e+03 3.99212e-01
5.64200e+03 3.99982e-01
5.64300e+03 4.00753e-01
5.64400e+03 4.01523e-01
5.64500e+03 4.02293e-01
5.64600e+03 4.03154e-01
5.64700e+03 4.04015e-01
5.64800e+03 4.04876e-01
5.64900e+03 4.05737e-01
5.65000e+03 4.06599e-01
5.65100e+03 4.07482e-01
5.65200e+03 4.08366e-01
5.65300e+03 4.09228e-01
5.65400e+03 4.10090e-01
5.65500e+03 4.10952e-01
5.65600e+03 4.11814e-01
5.65700e+03 4.12677e-01
5.65800e+03 4.13539e-01
5.65900e+03 4.14402e-01
5.66000e+03 4.15265e-01
5.66100e+03 4.16143e-01
5.66200e+03 4.17022e-01
5.66300e+03 4.17288e-01
5.66400e+03 4.17555e-01
5.66500e+03 4.17602e-01
5.66600e+03 4.17650e-01
5.66700e+03 4.17697e-01
5.66800e+03 4.17745e-01
5.66900e+03 4.17792e-01
5.67000e+03 4.17840e-01
5.67100e+03 4.17850e-01
5.67200e+03 4.17860e-01
5.67300e+03 4.17869e-01
5.67400e+03 4.17879e-01
5.67500e+03 4.17889e-01
5.67600e+03 4.17899e-01
5.67700e+03 4.17909e-01
5.67800e+03 4.17919e-01
5.67900e+03 4.17929e-01
5.68000e+03 4.17939e-01
5.68100e+03 4.17881e-01
5.68200e+03 4.17824e-01
5.68300e+03 4.17767e-01
5.68400e+03 4.17710e-01
5.68500e+03 4.17653e-01
5.68600e+03 4.17596e-01
5.68700e+03 4.17539e-01
5.68800e+03 4.17482e-01
5.68900e+03 4.17425e-01
5.69000e+03 4.17368e-01
5.69100e+03 4.17398e-01
5.69200e+03 4.17428e-01
5.69300e+03 4.17458e-01
5.69400e+03 4.17489e-01
5.69500e+03 4.17519e-01
5.69600e+03 4.17549e-01
5.69700e+03 4.17579e-01
5.69800e+03 4.17609e-01
5.69900e+03 4.17640e-01
5.70000e+03 4.17670e-01
5.70100e+03 4.17802e-01
5.70200e+03 4.17934e-01
5.70300e+03 4.18066e-01
5.70400e+03 4.18198e-01
5.70500e+03 4.18330e-01
5.70600e+03 4.18368e-01
5.70700e+03 4.18405e-01
5.70800e+03 4.18443e-01
5.70900e+03 4.18480e-01
5.71000e+03 4.18517e-01
5.71100e+03 4.18566e-01
5.71200e+03 4.18615e-01
5.71300e+03 4.18664e-01
5.71400e+03 4.18713e-01
5.71500e+03 4.18762e-01
5.71600e+03 4.18810e-01
5.71700e+03 4.18859e-01
5.71800e+03 4.18908e-01
5.71900e+03 4.18957e-01
5.72000e+03 4.19006e-01
5.72100e+03 4.19024e-01
5.72200e+03 4.19043e-01
5.72300e+03 4.19061e-01
5.72400e+03 4.19079e-01
5.72500e+03 4.19098e-01
5.72600e+03 4.19116e-01
5.72700e+03 4.19135e-01
5.72800e+03 4.19153e-01
5.72900e+03 4.19172e-01
5.73000e+03 4.19190e-01
5.73100e+03 4.19316e-01
5.73200e+03 4.19443e-01
5.73300e+03 4.19569e-01
5.73400e+03 4.19695e-01
5.73500e+03 4.19822e-01
5.73600e+03 4.19853e-01
5.73700e+03 4.19885e-01
5.73800e+03 4.19916e-01
5.73900e+03 4.19948e-01
5.74000e+03 4.19979e-01
5.74100e+03 4.20011e-01
5.74200e+03 4.20042e-01
5.74300e+03 4.20074e-01
5.74400e+03 4.20106e-01
5.74500e+03 4.20138e-01
5.74600e+03 4.20169e-01
5.74700e+03 4.20201e-01
5.74800e+03 4.20233e-01
5.74900e+03 4.20264e-01
5.75000e+03 4.20296e-01
5.75100e+03 4.20424e-01
5.75200e+03 4.20552e-01
5.75300e+03 4.20680e-01
5.75400e+03 4.20808e-01
5.75500e+03 4.20936e-01
5.75600e+03 4.20968e-01
5.75700e+03 4.21001e-01
5.75800e+03 4.21034e-01
5.75900e+03 4.21067e-01
5.76000e+03 4.21099e-01
5.76100e+03 4.21226e-01
5.76200e+03 4.21353e-01
5.76300e+03 4.21480e-01
5.76400e+03 4.21607e-01
5.76500e+03 4.21734e-01
5.76600e+03 4.21765e-01
5.76700e+03 4.21797e-01
5.76800e+03 4.21829e-01
5.76900e+03 4.21860e-01
5.77000e+03 4.21892e-01
5.77100e+03 4.22005e-01
5.77200e+03 4.22118e-01
5.77300e+03 4.22232e-01
5.77400e+03 4.22345e-01
5.77500e+03 4.22458e-01
5.77600e+03 4.22476e-01
5.77700e+03 4.22494e-01
5.77800e+03 4.22512e-01
5.77900e+03 4.22530e-01
5.78000e+03 4.22548e-01
5.78100e+03 4.22684e-01
5.78200e+03 4.22820e-01
5.78300e+03 4.22956e-01
5.78400e+03 4.23093e-01
5.78500e+03 4.23229e-01
5.78600e+03 4.23269e-01
5.78700e+03 4.23310e-01
5.78800e+03 4.23351e-01
5.78900e+03 4.23392e-01
5.79000e+03 4.23433e-01
5.79100e+03 4.23559e-01
5.79200e+03 4.23686e-01
5.79300e+03 4.23812e-01
5.79400e+03 4.23939e-01
5.79500e+03 4.24065e-01
5.79600e+03 4.24097e-01
5.79700e+03 4.24128e-01
5.79800e+03 4.24159e-01
5.79900e+03 4.24190e-01
5.80000e+03 4.24221e-01
5.80100e+03 4.24238e-01
5.80200e+03 4.24255e-01
5.80300e+03 4.24273e-01
5.80400e+03 4.24290e-01
5.80500e+03 4.24307e-01
5.80600e+03 4.24419e-01
5.80700e+03 4.24532e-01
5.80800e+03 4.24644e-01
5.80900e+03 4.24757e-01
5.81000e+03 4.24870e-01
5.81100e+03 4.24890e-01
5.81200e+03 4.24910e-01
5.81300e+03 4.24930e-01
5.81400e+03 4.24950e-01
5.81500e+03 4.24970e-01
5.81600e+03 4.25086e-01
5.81700e+03 4.25202e-01
5.81800e+03 4.25318e-01
5.81900e+03 4.25433e-01
5.82000e+03 4.25549e-01
5.82100e+03 4.25565e-01
5.82200e+03 4.25581e-01
5.82300e+03 4.25597e-01
5.82400e+03 4.25613e-01
5.82500e+03 4.25629e-01
5.82600e+03 4.25740e-01
5.82700e+03 4.25852e-01
5.82800e+03 4.25964e-01
5.82900e+03 4.26075e-01
5.83000e+03 4.26187e-01
5.83100e+03 4.26216e-01
5.83200e+03 4.26245e-01
5.83300e+03 4.26274e-01
5.83400e+03 4.26303e-01
5.83500e+03 4.26332e-01
5.83600e+03 4.26361e-01
5.83700e+03 4.26389e-01
5.83800e+03 4.26418e-01
5.83900e+03 4.26446e-01
5.84000e+03 4.26475e-01
5.84100e+03 4.26522e-01
5.84200e+03 4.26569e-01
5.84300e+03 4.26617e-01
5.84400e+03 4.26665e-01
5.84500e+03 4.26714e-01
5.84600e+03 4.26858e-01
5.84700e+03 4.27003e-01
5.84800e+03 4.27148e-01
5.84900e+03 4.27294e-01
5.85000e+03 4.27441e-01
5.85100e+03 4.27468e-01
5.85200e+03 4.27495e-01
5.85300e+03 4.27523e-01
5.85400e+03 4.27553e-01
5.85500e+03 4.27583e-01
5.85600e+03 4.27614e-01
5.85700e+03 4.27647e-01
5.85800e+03 4.27681e-01
5.85900e+03 4.27715e-01
5.86000e+03 4.27751e-01
5.86100e+03 4.27775e-01
5.86200e+03 4.27800e-01
5.86300e+03 4.27826e-01
5.86400e+03 4.27851e-01
5.86500e+03 4.27877e-01
5.86600e+03 4.27902e-01
5.86700e+03 4.27928e-01
5.86800e+03 4.27953e-01
5.86900e+03 4.27979e-01
5.87000e+03 4.28005e-01
5.87100e+03 4.27959e-01
5.87200e+03 4.27914e-01
5.87300e+03 4.27868e-01
5.87400e+03 4.27823e-01
5.87500e+03 4.27777e-01
5.87600e+03 4.27634e-01
5.87700e+03 4.27492e-01
5.87800e+03 4.27350e-01
5.87900e+03 4.27209e-01
5.88000e+03 4.27067e-01
5.88100e+03 4.26824e-01
5.88200e+03 4.26580e-01
5.88300e+03 4.26337e-01
5.88400e+03 4.26094e-01
5.88500e+03 4.25852e-01
5.88600e+03 4.25706e-01
5.88700e+03 4.25561e-01
5.88800e+03 4.25416e-01
5.88900e+03 4.25271e-01
5.89000e+03 4.25125e-01
5.89100e+03 4.25164e-01
5.89200e+03 4.25201e-01
5.89300e+03 4.25237e-01
5.89400e+03 4.25271e-01
5.89500e+03 4.25304e-01
5.89600e+03 4.25239e-01
5.89700e+03 4.25172e-01
5.89800e+03 4.25103e-01
5.89900e+03 4.25032e-01
5.90000e+03 4.24959e-01
5.90100e+03 4.25174e-01
5.90200e+03 4.25387e-01
5.90300e+03 4.25599e-01
5.90400e+03 4.25808e-01
5.90500e+03 4.26016e-01
5.90600e+03 4.26221e-01
5.90700e+03 4.26426e-01
5.90800e+03 4.26628e-01
5.90900e+03 4.26829e-01
5.91000e+03 4.27029e-01
5.91100e+03 4.26939e-01
5.91200e+03 4.26849e-01
5.91300e+03 4.26758e-01
5.91400e+03 4.26667e-01
5.91500e+03 4.26578e-01
5.91600e+03 4.26393e-01
5.91700e+03 4.26208e-01
5.91800e+03 4.26023e-01
5.91900e+03 4.25839e-01
5.92000e+03 4.25655e-01
5.92100e+03 4.25675e-01
5.92200e+03 4.25696e-01
5.92300e+03 4.25716e-01
5.92400e+03 4.25737e-01
5.92500e+03 4.25758e-01
5.92600e+03 4.26068e-01
5.92700e+03 4.26377e-01
5.92800e+03 4.26686e-01
5.92900e+03 4.26995e-01
5.93000e+03 4.27304e-01
5.93100e+03 4.27426e-01
5.93200e+03 4.27549e-01
5.93300e+03 4.27671e-01
5.93400e+03 4.27794e-01
5.93500e+03 4.27917e-01
5.93600e+03 4.27750e-01
5.93700e+03 4.27583e-01
5.93800e+03 4.27417e-01
5.93900e+03 4.27250e-01
5.94000e+03 4.27085e-01
5.94100e+03 4.26709e-01
5.94200e+03 4.26335e-01
5.94300e+03 4.25961e-01
5.94400e+03 4.25590e-01
5.94500e+03 4.25219e-01
5.94600e+03 4.25428e-01
5.94700e+03 4.25639e-01
5.94800e+03 4.25851e-01
5.94900e+03 4.26064e-01
5.95000e+03 4.26279e-01
5.95100e+03 4.26600e-01
5.95200e+03 4.26923e-01
5.95300e+03 4.27248e-01
5.95400e+03 4.27574e-01
5.95500e+03 4.27901e-01
5.95600e+03 4.28038e-01
5.95700e+03 4.28175e-01
5.95800e+03 4.28315e-01
5.95900e+03 4.28455e-01
5.96000e+03 4.28597e-01
5.96100e+03 4.28646e-01
5.96200e+03 4.28696e-01
5.96300e+03 4.28746e-01
5.96400e+03 4.28796e-01
5.96500e+03 4.28847e-01
5.96600e+03 4.28800e-01
5.96700e+03 4.28753e-01
5.96800e+03 4.28706e-01
5.96900e+03 4.28660e-01
5.97000e+03 4.28613e-01
5.97100e+03 4.28671e-01
5.97200e+03 4.28728e-01
5.97300e+03 4.28786e-01
5.97400e+03 4.28843e-01
5.97500e+03 4.28900e-01
5.97600e+03 4.29054e-01
5.97700e+03 4.29208e-01
5.97800e+03 4.29362e-01
5.97900e+03 4.29516e-01
5.98000e+03 4.29670e-01
5.98100e+03 4.29705e-01
5.98200e+03 4.29741e-01
5.98300e+03 4.29777e-01
5.98400e+03 4.29813e-01
5.98500e+03 4.29849e-01
5.98600e+03 4.29886e-01
5.98700e+03 4.29924e-01
5.98800e+03 4.29962e-01
5.98900e+03 4.30000e-01
5.99000e+03 4.30038e-01
5.99100e+03 4.30188e-01
5.99200e+03 4.30337e-01
5.99300e+03 4.30485e-01
5.99400e+03 4.30631e-01
5.99500e+03 4.30775e-01
5.99600e+03 4.30821e-01
5.99700e+03 4.30865e-01
5.99800e+03 4.30907e-01
5.99900e+03 4.30947e-01
6.00000e+03 4.30985e-01
6.00100e+03 4.31112e-01
6.00200e+03 4.31237e-01
6.00300e+03 4.31360e-01
6.00400e+03 4.31481e-01
6.00500e+03 4.31600e-01
6.00600e+03 4.31621e-01
6.00700e+03 4.31639e-01
6.00800e+03 4.31656e-01
6.00900e+03 4.31672e-01
6.01000e+03 4.31687e-01
6.01100e+03 4.31716e-01
6.01200e+03 4.31745e-01
6.01300e+03 4.31774e-01
6.01400e+03 4.31803e-01
6.01500e+03 4.31833e-01
6.01600e+03 4.31864e-01
6.01700e+03 4.31895e-01
6.01800e+03 4.31926e-01
6.01900e+03 4.31958e-01
6.02000e+03 4.31989e-01
6.02100e+03 4.32094e-01
6.02200e+03 4.32199e-01
6.02300e+03 4.32304e-01
6.02400e+03 4.32410e-01
6.02500e+03 4.32515e-01
6.02600e+03 4.32523e-01
6.02700e+03 4.32531e-01
6.02800e+03 4.32539e-01
6.02900e+03 4.32547e-01
6.03000e+03 4.32555e-01
6.03100e+03 4.32579e-01
6.03200e+03 4.32604e-01
6.03300e+03 4.32629e-01
6.03400e+03 4.32654e-01
6.03500e+03 4.32679e-01
6.03600e+03 4.32801e-01
6.03700e+03 4.32922e-01
6.03800e+03 4.33044e-01
6.03900e+03 4.33167e-01
6.04000e+03 4.33290e-01
6.04100e+03 4.33291e-01
6.04200e+03 4.33292e-01
6.04300e+03 4.33294e-01
6.04400e+03 4.33298e-01
6.04500e+03 4.33302e-01
6.04600e+03 4.33405e-01
6.04700e+03 4.33509e-01
6.04800e+03 4.33614e-01
6.04900e+03 4.33719e-01
6.05000e+03 4.33826e-01
6.05100e+03 4.33861e-01
6.05200e+03 4.33896e-01
6.05300e+03 4.33932e-01
6.05400e+03 4.33968e-01
6.05500e+03 4.34005e-01
6.05600e+03 4.34139e-01
6.05700e+03 4.34274e-01
6.05800e+03 4.34409e-01
6.05900e+03 4.34544e-01
6.06000e+03 4.34680e-01
6.06100e+03 4.34724e-01
6.06200e+03 4.34768e-01
6.06300e+03 4.34812e-01
6.06400e+03 4.34855e-01
6.06500e+03 4.34899e-01
6.06600e+03 4.35040e-01
6.06700e+03 4.35180e-01
6.06800e+03 4.35320e-01
6.06900e+03 4.35461e-01
6.07000e+03 4.35602e-01
6.07100e+03 4.35631e-01
6.07200e+03 4.35660e-01
6.07300e+03 4.35689e-01
6.07400e+03 4.35718e-01
6.07500e+03 4.35747e-01
6.07600e+03 4.35873e-01
6.07700e+03 4.35999e-01
6.07800e+03 4.36125e-01
6.07900e+03 4.36252e-01
6.08000e+03 4.36378e-01
6.08100e+03 4.36402e-01
6.08200e+03 4.36427e-01
6.08300e+03 4.36451e-01
6.08400e+03 4.36476e-01
6.08500e+03 4.36500e-01
6.08600e+03 4.36622e-01
6.08700e+03 4.36744e-01
6.08800e+03 4.36866e-01
6.08900e+03 4.36987e-01
6.09000e+03 4.37109e-01
6.09100e+03 4.37150e-01
6.09200e+03 4.37191e-01
6.09300e+03 4.37233e-01
6.09400e+03 4.37274e-01
6.09500e+03 4.37315e-01
6.09600e+03 4.37454e-01
6.09700e+03 4.37592e-01
6.09800e+03 4.37731e-01
6.09900e+03 4.37869e-01
6.10000e+03 4.38008e-01
6.10100e+03 4.38150e-01
6.10200e+03 4.38292e-01
6.10300e+03 4.38434e-01
6.10400e+03 4.38575e-01
6.10500e+03 4.38717e-01
6.10600e+03 4.38762e-01
6.10700e+03 4.38806e-01
6.10800e+03 4.38851e-01
6.10900e+03 4.38895e-01
6.11000e+03 4.38940e-01
6.11100e+03 4.39057e-01
6.11200e+03 4.39174e-01
6.11300e+03 4.39291e-01
6.11400e+03 4.39408e-01
6.11500e+03 4.39525e-01
6.11600e+03 4.39544e-01
6.11700e+03 4.39563e-01
6.11800e+03 4.39583e-01
6.11900e+03 4.39602e-01
6.12000e+03 4.39622e-01
6.12100e+03 4.39762e-01
6.12200e+03 4.39903e-01
6.12300e+03 4.40043e-01
6.12400e+03 4.40184e-01
6.12500e+03 4.40324e-01
6.12600e+03 4.40367e-01
6.12700e+03 4.40410e-01
6.12800e+03 4.40453e-01
6.12900e+03 4.40496e-01
6.13000e+03 4.40539e-01
6.13100e+03 4.40669e-01
6.13200e+03 4.40798e-01
6.13300e+03 4.40928e-01
6.13400e+03 4.41057e-01
6.13500e+03 4.41187e-01
6.13600e+03 4.41316e-01
6.13700e+03 4.41446e-01
6.13800e+03 4.41575e-01
6.13900e+03 4.41705e-01
6.14000e+03 4.41835e-01
6.14100e+03 4.41855e-01
6.14200e+03 4.41875e-01
6.14300e+03 4.41895e-01
6.14400e+03 4.41915e-01
6.14500e+03 4.41935e-01
6.14600e+03 4.42053e-01
6.14700e+03 4.42171e-01
6.14800e+03 4.42289e-01
6.14900e+03 4.42407e-01
6.15000e+03 4.42524e-01
6.15100e+03 4.42561e-01
6.15200e+03 4.42597e-01
6.15300e+03 4.42633e-01
6.15400e+03 4.42669e-01
6.15500e+03 4.42705e-01
6.15600e+03 4.42839e-01
6.15700e+03 4.42973e-01
6.15800e+03 4.43107e-01
6.15900e+03 4.43241e-01
6.16000e+03 4.43375e-01
6.16100e+03 4.43426e-01
6.16200e+03 4.43478e-01
6.16300e+03 4.43529e-01
6.16400e+03 4.43581e-01
6.16500e+03 4.43632e-01
6.16600e+03 4.43782e-01
6.16700e+03 4.43931e-01
6.16800e+03 4.44081e-01
6.16900e+03 4.44230e-01
6.17000e+03 4.44380e-01
6.17100e+03 4.44411e-01
6.17200e+03 4.44443e-01
6.17300e+03 4.44475e-01
6.17400e+03 4.44506e-01
6.17500e+03 4.44538e-01
6.17600e+03 4.44668e-01
6.17700e+03 4.44797e-01
6.17800e+03 4.44927e-01
6.17900e+03 4.45056e-01
6.18000e+03 4.45186e-01
6.18100e+03 4.45213e-01
6.18200e+03 4.45239e-01
6.18300e+03 4.45266e-01
6.18400e+03 4.45293e-01
6.18500e+03 4.45319e-01
6.18600e+03 4.45346e-01
6.18700e+03 4.45372e-01
6.18800e+03 4.45399e-01
6.18900e+03 4.45425e-01
6.19000e+03 4.45452e-01
6.19100e+03 4.45583e-01
6.19200e+03 4.45715e-01
6.19300e+03 4.45846e-01
6.19400e+03 4.45977e-01
6.19500e+03 4.46108e-01
6.19600e+03 4.46141e-01
6.19700e+03 4.46175e-01
6.19800e+03 4.46208e-01
6.19900e+03 4.46241e-01
6.20000e+03 4.46274e-01
6.20100e+03 4.46393e-01
6.20200e+03 4.46512e-01
6.20300e+03 4.46630e-01
6.20400e+03 4.46749e-01
6.20500e+03 4.46868e-01
6.20600e+03 4.46889e-01
6.20700e+03 4.46909e-01
6.20800e+03 4.46930e-01
6.20900e+03 4.46951e-01
6.21000e+03 4.46971e-01
6.21100e+03 4.47017e-01
6.21200e+03 4.47062e-01
6.21300e+03 4.47108e-01
6.21400e+03 4.47153e-01
6.21500e+03 4.47199e-01
6.21600e+03 4.47343e-01
6.21700e+03 4.47486e-01
6.21800e+03 4.47630e-01
6.21900e+03 4.47774e-01
6.22000e+03 4.47918e-01
6.22100e+03 4.47953e-01
6.22200e+03 4.47987e-01
6.22300e+03 4.48021e-01
6.22400e+03 4.48056e-01
6.22500e+03 4.48090e-01
6.22600e+03 4.48223e-01
6.22700e+03 4.48356e-01
6.22800e+03 4.48489e-01
6.22900e+03 4.48622e-01
6.23000e+03 4.48755e-01
6.23100e+03 4.48782e-01
6.23200e+03 4.48809e-01
6.23300e+03 4.48836e-01
6.23400e+03 4.48864e-01
6.23500e+03 4.48891e-01
6.23600e+03 4.48918e-01
6.23700e+03 4.48944e-01
6.23800e+03 4.48971e-01
6.23900e+03 4.48997e-01
6.24000e+03 4.49024e-01
6.24100e+03 4.49150e-01
6.24200e+03 4.49275e-01
6.24300e+03 4.49402e-01
6.24400e+03 4.49528e-01
6.24500e+03 4.49656e-01
6.24600e+03 4.49685e-01
6.24700e+03 4.49714e-01
6.24800e+03 4.49744e-01
6.24900e+03 4.49774e-01
6.25000e+03 4.49805e-01
6.25100e+03 4.49848e-01
6.25200e+03 4.49891e-01
6.25300e+03 4.49935e-01
6.25400e+03 4.49981e-01
6.25500e+03 4.50027e-01
6.25600e+03 4.50174e-01
6.25700e+03 4.50321e-01
6.25800e+03 4.50470e-01
6.25900e+03 4.50620e-01
6.26000e+03 4.50771e-01
6.26100e+03 4.50816e-01
6.26200e+03 4.50861e-01
6.26300e+03 4.50908e-01
6.26400e+03 4.50954e-01
6.26500e+03 4.51001e-01
6.26600e+03 4.50948e-01
6.26700e+03 4.50896e-01
6.26800e+03 4.50843e-01
6.26900e+03 4.50791e-01
6.27000e+03 4.50739e-01
6.27100e+03 4.49884e-01
6.27200e+03 4.49028e-01
6.27300e+03 4.48173e-01
6.27400e+03 4.47317e-01
6.27500e+03 4.46460e-01
6.27600e+03 4.45110e-01
6.27700e+03 4.43759e-01
6.27800e+03 4.42409e-01
6.27900e+03 4.41058e-01
6.28000e+03 4.39707e-01
6.28100e+03 4.40252e-01
6.28200e+03 4.40797e-01
6.28300e+03 4.41342e-01
6.28400e+03 4.41887e-01
6.28500e+03 4.42433e-01
6.28600e+03 4.43276e-01
6.28700e+03 4.44121e-01
6.28800e+03 4.44966e-01
6.28900e+03 4.45811e-01
6.29000e+03 4.46655e-01
6.29100e+03 4.46710e-01
6.29200e+03 4.46763e-01
6.29300e+03 4.46814e-01
6.29400e+03 4.46864e-01
6.29500e+03 4.46912e-01
6.29600e+03 4.47057e-01
6.29700e+03 4.47201e-01
6.29800e+03 4.47342e-01
6.29900e+03 4.47482e-01
6.30000e+03 4.47619e-01
6.30100e+03 4.48040e-01
6.30200e+03 4.48459e-01
6.30300e+03 4.48875e-01
6.30400e+03 4.49290e-01
6.30500e+03 4.49703e-01
6.30600e+03 4.50015e-01
6.30700e+03 4.50325e-01
6.30800e+03 4.50634e-01
6.30900e+03 4.50941e-01
6.31000e+03 4.51247e-01
6.31100e+03 4.51459e-01
6.31200e+03 4.51670e-01
6.31300e+03 4.51882e-01
6.31400e+03 4.52093e-01
6.31500e+03 4.52305e-01
6.31600e+03 4.52519e-01
6.31700e+03 4.52732e-01
6.31800e+03 4.52946e-01
6.31900e+03 4.53160e-01
6.32000e+03 4.53374e-01
6.32100e+03 4.53587e-01
6.32200e+03 4.53800e-01
6.32300e+03 4.54013e-01
6.32400e+03 4.54226e-01
6.32500e+03 4.54439e-01
6.32600e+03 4.54553e-01
6.32700e+03 4.54667e-01
6.32800e+03 4.54780e-01
6.32900e+03 4.54893e-01
6.33000e+03 4.55007e-01
6.33100e+03 4.55121e-01
6.33200e+03 4.55236e-01
6.33300e+03 4.55350e-01
6.33400e+03 4.55465e-01
6.33500e+03 4.55580e-01
6.33600e+03 4.55695e-01
6.33700e+03 4.55809e-01
6.33800e+03 4.55924e-01
6.33900e+03 4.56040e-01
6.34000e+03 4.56156e-01
6.34100e+03 4.56174e-01
6.34200e+03 4.56193e-01
6.34300e+03 4.56214e-01
6.34400e+03 4.56235e-01
6.34500e+03 4.56258e-01
6.34600e+03 4.56381e-01
6.34700e+03 4.56505e-01
6.34800e+03 4.56631e-01
6.34900e+03 4.56757e-01
6.35000e+03 4.56885e-01
6.35100e+03 4.56916e-01
6.35200e+03 4.56949e-01
6.35300e+03 4.56982e-01
6.35400e+03 4.57015e-01
6.35500e+03 4.57049e-01
6.35600e+03 4.57183e-01
6.35700e+03 4.57317e-01
6.35800e+03 4.57451e-01
6.35900e+03 4.57586e-01
6.36000e+03 4.57721e-01
6.36100e+03 4.57746e-01
6.36200e+03 4.57771e-01
6.36300e+03 4.57796e-01
6.36400e+03 4.57821e-01
6.36500e+03 4.57846e-01
6.36600e+03 4.57969e-01
6.36700e+03 4.58093e-01
6.36800e+03 4.58216e-01
6.36900e+03 4.58340e-01
6.37000e+03 4.58464e-01
6.37100e+03 4.58497e-01
6.37200e+03 4.58531e-01
6.37300e+03 4.58565e-01
6.37400e+03 4.58598e-01
6.37500e+03 4.58632e-01
6.37600e+03 4.58765e-01
6.37700e+03 4.58898e-01
6.37800e+03 4.59031e-01
6.37900e+03 4.59164e-01
6.38000e+03 4.59297e-01
6.38100e+03 4.59321e-01
6.38200e+03 4.59344e-01
6.38300e+03 4.59368e-01
6.38400e+03 4.59392e-01
6.38500e+03 4.59415e-01
6.38600e+03 4.59539e-01
6.38700e+03 4.59662e-01
6.38800e+03 4.59785e-01
6.38900e+03 4.59908e-01
6.39000e+03 4.60031e-01
6.39100e+03 4.60057e-01
6.39200e+03 4.60082e-01
6.39300e+03 4.60108e-01
6.39400e+03 4.60133e-01
6.39500e+03 4.60159e-01
6.39600e+03 4.60184e-01
6.39700e+03 4.60210e-01
6.39800e+03 4.60235e-01
6.39900e+03 4.60261e-01
6.40000e+03 4.60286e-01
6.40100e+03 4.60414e-01
6.40200e+03 4.60541e-01
6.40300e+03 4.60668e-01
6.40400e+03 4.60795e-01
6.40500e+03 4.60922e-01
6.40600e+03 4.60950e-01
6.40700e+03 4.60978e-01
6.40800e+03 4.61005e-01
6.40900e+03 4.61033e-01
6.41000e+03 4.61061e-01
6.41100e+03 4.61195e-01
6.41200e+03 4.61329e-01
6.41300e+03 4.61463e-01
6.41400e+03 4.61598e-01
6.41500e+03 4.61732e-01
6.41600e+03 4.61767e-01
6.41700e+03 4.61802e-01
6.41800e+03 4.61836e-01
6.41900e+03 4.61871e-01
6.42000e+03 4.61906e-01
6.42100e+03 4.61936e-01
6.42200e+03 4.61967e-01
6.42300e+03 4.61997e-01
6.42400e+03 4.62028e-01
6.42500e+03 4.62059e-01
6.42600e+03 4.62189e-01
6.42700e+03 4.62319e-01
6.42800e+03 4.62449e-01
6.42900e+03 4.62580e-01
6.43000e+03 4.62710e-01
6.43100e+03 4.62736e-01
6.43200e+03 4.62762e-01
6.43300e+03 4.62788e-01
6.43400e+03 4.62814e-01
6.43500e+03 4.62840e-01
6.43600e+03 4.62866e-01
6.43700e+03 4.62892e-01
6.43800e+03 4.62918e-01
6.43900e+03 4.62944e-01
6.44000e+03 4.62970e-01
6.44100e+03 4.63104e-01
6.44200e+03 4.63239e-01
6.44300e+03 4.63374e-01
6.44400e+03 4.63509e-01
6.44500e+03 4.63644e-01
6.44600e+03 4.63679e-01
6.44700e+03 4.63714e-01
6.44800e+03 4.63750e-01
6.44900e+03 4.63785e-01
6.45000e+03 4.63820e-01
6.45100e+03 4.63847e-01
6.45200e+03 4.63874e-01
6.45300e+03 4.63901e-01
6.45400e+03 4.63928e-01
6.45500e+03 4.63955e-01
6.45600e+03 4.63883e-01
6.45700e+03 4.63810e-01
6.45800e+03 4.63737e-01
6.45900e+03 4.63664e-01
6.46000e+03 4.63591e-01
6.46100e+03 4.63510e-01
6.46200e+03 4.63428e-01
6.46300e+03 4.63346e-01
6.46400e+03 4.63264e-01
6.46500e+03 4.63182e-01
6.46600e+03 4.63000e-01
6.46700e+03 4.62818e-01
6.46800e+03 4.62636e-01
6.46900e+03 4.62455e-01
6.47000e+03 4.62273e-01
6.47100e+03 4.62209e-01
6.47200e+03 4.62146e-01
6.47300e+03 4.62083e-01
6.47400e+03 4.62020e-01
6.47500e+03 4.61957e-01
6.47600e+03 4.61893e-01
6.47700e+03 4.61830e-01
6.47800e+03 4.61767e-01
6.47900e+03 4.61704e-01
6.48000e+03 4.61640e-01
6.48100e+03 4.61867e-01
6.48200e+03 4.62094e-01
6.48300e+03 4.62321e-01
6.48400e+03 4.62548e-01
6.48500e+03 4.62775e-01
6.48600e+03 4.62903e-01
6.48700e+03 4.63030e-01
6.48800e+03 4.63159e-01
6.48900e+03 4.63287e-01
6.49000e+03 4.63415e-01
6.49100e+03 4.63442e-01
6.49200e+03 4.63468e-01
6.49300e+03 4.63494e-01
6.49400e+03 4.63520e-01
6.49500e+03 4.63544e-01
6.49600e+03 4.63868e-01
6.49700e+03 4.64192e-01
6.49800e+03 4.64514e-01
6.49900e+03 4.64835e-01
6.50000e+03 4.65156e-01
6.50100e+03 4.65325e-01
6.50200e+03 4.65494e-01
6.50300e+03 4.65662e-01
6.50400e+03 4.65828e-01
6.50500e+03 4.65994e-01
6.50600e+03 4.65859e-01
6.50700e+03 4.65723e-01
6.50800e+03 4.65586e-01
6.50900e+03 4.65449e-01
6.51000e+03 4.65311e-01
6.51100e+03 4.65003e-01
6.51200e+03 4.64695e-01
6.51300e+03 4.64386e-01
6.51400e+03 4.64077e-01
6.51500e+03 4.63769e-01
6.51600e+03 4.63661e-01
6.51700e+03 4.63552e-01
6.51800e+03 4.63443e-01
6.51900e+03 4.63334e-01
6.52000e+03 4.63225e-01
6.52100e+03 4.63588e-01
6.52200e+03 4.63951e-01
6.52300e+03 4.64314e-01
6.52400e+03 4.64676e-01
6.52500e+03 4.65038e-01
6.52600e+03 4.65199e-01
6.52700e+03 4.65360e-01
6.52800e+03 4.65521e-01
6.52900e+03 4.65681e-01
6.53000e+03 4.65842e-01
6.53100e+03 4.65792e-01
6.53200e+03 4.65743e-01
6.53300e+03 4.65694e-01
6.53400e+03 4.65646e-01
6.53500e+03 4.65597e-01
6.53600e+03 4.65649e-01
6.53700e+03 4.65700e-01
6.53800e+03 4.65752e-01
6.53900e+03 4.65804e-01
6.54000e+03 4.65856e-01
6.54100e+03 4.65737e-01
6.54200e+03 4.65618e-01
6.54300e+03 4.65501e-01
6.54400e+03 4.65384e-01
6.54500e+03 4.65269e-01
6.54600e+03 4.65255e-01
6.54700e+03 4.65241e-01
6.54800e+03 4.65229e-01
6.54900e+03 4.65218e-01
6.55000e+03 4.65209e-01
6.55100e+03 4.65198e-01
6.55200e+03 4.65188e-01
6.55300e+03 4.65180e-01
6.55400e+03 4.65172e-01
6.55500e+03 4.65166e-01
6.55600e+03 4.65259e-01
6.55700e+03 4.65354e-01
6.55800e+03 4.65449e-01
6.55900e+03 4.65544e-01
6.56000e+03 4.65640e-01
6.56100e+03 4.65717e-01
6.56200e+03 4.65793e-01
6.56300e+03 4.65869e-01
6.56400e+03 4.65946e-01
6.56500e+03 4.66022e-01
6.56600e+03 4.66097e-01
6.56700e+03 4.66172e-01
6.56800e+03 4.66247e-01
6.56900e+03 4.66323e-01
6.57000e+03 4.66398e-01
6.57100e+03 4.66385e-01
6.57200e+03 4.66371e-01
6.57300e+03 4.66358e-01
6.57400e+03 4.66345e-01
6.57500e+03 4.66331e-01
6.57600e+03 4.66418e-01
6.57700e+03 4.66504e-01
6.57800e+03 4.66590e-01
6.57900e+03 4.66677e-01
6.58000e+03 4.66763e-01
6.58100e+03 4.66899e-01
6.58200e+03 4.67034e-01
6.58300e+03 4.67170e-01
6.58400e+03 4.67306e-01
6.58500e+03 4.67442e-01
6.58600e+03 4.67578e-01
6.58700e+03 4.67714e-01
6.58800e+03 4.67850e-01
6.58900e+03 4.67986e-01
6.59000e+03 4.68122e-01
6.59100e+03 4.68164e-01
6.59200e+03 4.68206e-01
6.59300e+03 4.68248e-01
6.59400e+03 4.68289e-01
6.59500e+03 4.68331e-01
6.59600e+03 4.68473e-01
6.59700e+03 4.68615e-01
6.59800e+03 4.68757e-01
6.59900e+03 4.68899e-01
6.60000e+03 4.69041e-01
6.60100e+03 4.69005e-01
6.60200e+03 4.68970e-01
6.60300e+03 4.68935e-01
6.60400e+03 4.68900e-01
6.60500e+03 4.68864e-01
6.60600e+03 4.68929e-01
6.60700e+03 4.68993e-01
6.60800e+03 4.69058e-01
6.60900e+03 4.69123e-01
6.61000e+03 4.69187e-01
6.61100e+03 4.69174e-01
6.61200e+03 4.69161e-01
6.61300e+03 4.69148e-01
6.61400e+03 4.69135e-01
6.61500e+03 4.69122e-01
6.61600e+03 4.69209e-01
6.61700e+03 4.69295e-01
6.61800e+03 4.69382e-01
6.61900e+03 4.69469e-01
6.62000e+03 4.69555e-01
6.62100e+03 4.69538e-01
6.62200e+03 4.69521e-01
6.62300e+03 4.69504e-01
6.62400e+03 4.69487e-01
6.62500e+03 4.69470e-01
6.62600e+03 4.69453e-01
6.62700e+03 4.69436e-01
6.62800e+03 4.69419e-01
6.62900e+03 4.69402e-01
6.63000e+03 4.69385e-01
6.63100e+03 4.69458e-01
6.63200e+03 4.69531e-01
6.63300e+03 4.69604e-01
6.63400e+03 4.69677e-01
6.63500e+03 4.69750e-01
6.63600e+03 4.69723e-01
6.63700e+03 4.69698e-01
6.63800e+03 4.69672e-01
6.63900e+03 4.69646e-01
6.64000e+03 4.69620e-01
6.64100e+03 4.69621e-01
6.64200e+03 4.69622e-01
6.64300e+03 4.69622e-01
6.64400e+03 4.69621e-01
6.64500e+03 4.69620e-01
6.64600e+03 4.69717e-01
6.64700e+03 4.69813e-01
6.64800e+03 4.69909e-01
6.64900e+03 4.70003e-01
6.65000e+03 4.70097e-01
6.65100e+03 4.70058e-01
6.65200e+03 4.70018e-01
6.65300e+03 4.69977e-01
6.65400e+03 4.69935e-01
6.65500e+03 4.69892e-01
6.65600e+03 4.69848e-01
6.65700e+03 4.69804e-01
6.65800e+03 4.69759e-01
6.65900e+03 4.69713e-01
6.66000e+03 4.69667e-01
6.66100e+03 4.69737e-01
6.66200e+03 4.69806e-01
6.66300e+03 4.69876e-01
6.66400e+03 4.69946e-01
6.66500e+03 4.70016e-01
6.66600e+03 4.69987e-01
6.66700e+03 4.69959e-01
6.66800e+03 4.69931e-01
6.66900e+03 4.69903e-01
6.67000e+03 4.69875e-01
6.67100e+03 4.69841e-01
6.67200e+03 4.69806e-01
6.67300e+03 4.69771e-01
6.67400e+03 4.69736e-01
6.67500e+03 4.69700e-01
6.67600e+03 4.69763e-01
6.67700e+03 4.69825e-01
6.67800e+03 4.69886e-01
6.67900e+03 4.69946e-01
6.68000e+03 4.70006e-01
6.68100e+03 4.70021e-01
6.68200e+03 4.70036e-01
6.68300e+03 4.70051e-01
6.68400e+03 4.70066e-01
6.68500e+03 4.70080e-01
6.68600e+03 4.70094e-01
6.68700e+03 4.70107e-01
6.68800e+03 4.70121e-01
6.68900e+03 4.70135e-01
6.69000e+03 4.70149e-01
6.69100e+03 4.70263e-01
6.69200e+03 4.70378e-01
6.69300e+03 4.70494e-01
6.69400e+03 4.70612e-01
6.69500e+03 4.70732e-01
6.69600e+03 4.70753e-01
6.69700e+03 4.70776e-01
6.69800e+03 4.70801e-01
6.69900e+03 4.70827e-01
6.70000e+03 4.70854e-01
6.70100e+03 4.70810e-01
6.70200e+03 4.70767e-01
6.70300e+03 4.70725e-01
6.70400e+03 4.70684e-01
6.70500e+03 4.70644e-01
6.70600e+03 4.70703e-01
6.70700e+03 4.70764e-01
6.70800e+03 4.70825e-01
6.70900e+03 4.70886e-01
6.71000e+03 4.70948e-01
6.71100e+03 4.70950e-01
6.71200e+03 4.70952e-01
6.71300e+03 4.70953e-01
6.71400e+03 4.70955e-01
6.71500e+03 4.70956e-01
6.71600e+03 4.70956e-01
6.71700e+03 4.70957e-01
6.71800e+03 4.70957e-01
6.71900e+03 4.70958e-01
6.72000e+03 4.70958e-01
6.72100e+03 4.71010e-01
6.72200e+03 4.71062e-01
6.72300e+03 4.71114e-01
6.72400e+03 4.71166e-01
6.72500e+03 4.71218e-01
6.72600e+03 4.71171e-01
6.72700e+03 4.71123e-01
6.72800e+03 4.71076e-01
6.72900e+03 4.71028e-01
6.73000e+03 4.70981e-01
6.73100e+03 4.70958e-01
6.73200e+03 4.70936e-01
6.73300e+03 4.70913e-01
6.73400e+03 4.70891e-01
6.73500e+03 4.70868e-01
6.73600e+03 4.70845e-01
6.73700e+03 4.70823e-01
6.73800e+03 4.70800e-01
6.73900e+03 4.70777e-01
6.74000e+03 4.70755e-01
6.74100e+03 4.70856e-01
6.74200e+03 4.70958e-01
6.74300e+03 4.71060e-01
6.74400e+03 4.71162e-01
6.74500e+03 4.71263e-01
6.74600e+03 4.71266e-01
6.74700e+03 4.71268e-01
6.74800e+03 4.71271e-01
6.74900e+03 4.71273e-01
6.75000e+03 4.71275e-01
6.75100e+03 4.71236e-01
6.75200e+03 4.71197e-01
6.75300e+03 4.71158e-01
6.75400e+03 4.71119e-01
6.75500e+03 4.71080e-01
6.75600e+03 4.71041e-01
6.75700e+03 4.71002e-01
6.75800e+03 4.70963e-01
6.75900e+03 4.70924e-01
6.76000e+03 4.70885e-01
6.76100e+03 4.70981e-01
6.76200e+03 4.71076e-01
6.76300e+03 4.71171e-01
6.76400e+03 4.71266e-01
6.76500e+03 4.71361e-01
6.76600e+03 4.71357e-01
6.76700e+03 4.71106e-01
6.76800e+03 4.70855e-01
6.76900e+03 4.69912e-01
6.77000e+03 4.68969e-01
6.77100e+03 4.68036e-01
6.77200e+03 4.67103e-01
6.77300e+03 4.66170e-01
6.77400e+03 4.65237e-01
6.77500e+03 4.64303e-01
6.77600e+03 4.63468e-01
6.77700e+03 4.62632e-01
6.77800e+03 4.61795e-01
6.77900e+03 4.60958e-01
6.78000e+03 4.60121e-01
6.78100e+03 4.59160e-01
6.78200e+03 4.58200e-01
6.78300e+03 4.57264e-01
6.78400e+03 4.56328e-01
6.78500e+03 4.55392e-01
6.78600e+03 4.54456e-01
6.78700e+03 4.53520e-01
6.78800e+03 4.52584e-01
6.78900e+03 4.51648e-01
6.79000e+03 4.50712e-01
6.79100e+03 4.49771e-01
6.79200e+03 4.48830e-01
6.79300e+03 4.47865e-01
6.79400e+03 4.46900e-01
6.79500e+03 4.45959e-01
6.79600e+03 4.45018e-01
6.79700e+03 4.44078e-01
6.79800e+03 4.43137e-01
6.79900e+03 4.42196e-01
6.80000e+03 4.41256e-01
6.80100e+03 4.40381e-01
6.80200e+03 4.39505e-01
6.80300e+03 4.37912e-01
6.80400e+03 4.36318e-01
6.80500e+03 4.34500e-01
6.80600e+03 4.32592e-01
6.80700e+03 4.30659e-01
6.80800e+03 4.28726e-01
6.80900e+03 4.26818e-01
6.81000e+03 4.24910e-01
6.81100e+03 4.23016e-01
6.81200e+03 4.21122e-01
6.81300e+03 4.19204e-01
6.81400e+03 4.17285e-01
6.81500e+03 4.15392e-01
6.81600e+03 4.13498e-01
6.81700e+03 4.11605e-01
6.81800e+03 4.09712e-01
6.81900e+03 4.07794e-01
6.82000e+03 4.05876e-01
6.82100e+03 4.03968e-01
6.82200e+03 4.02059e-01
6.82300e+03 4.00151e-01
6.82400e+03 3.98244e-01
6.82500e+03 3.96311e-01
6.82600e+03 3.94462e-01
6.82700e+03 3.92637e-01
6.82800e+03 3.90812e-01
6.82900e+03 3.88986e-01
6.83000e+03 3.87159e-01
6.83100e+03 3.85227e-01
6.83200e+03 3.83296e-01
6.83300e+03 3.81389e-01
6.83400e+03 3.79483e-01
6.83500e+03 3.77577e-01
6.83600e+03 3.75672e-01
6.83700e+03 3.73767e-01
6.83800e+03 3.71863e-01
6.83900e+03 3.69934e-01
6.84000e+03 3.68005e-01
6.84100e+03 3.66103e-01
6.84200e+03 3.64200e-01
6.84300e+03 3.62297e-01
6.84400e+03 3.60394e-01
6.84500e+03 3.58466e-01
6.84600e+03 3.56537e-01
6.84700e+03 3.54633e-01
6.84800e+03 3.52728e-01
6.84900e+03 3.50823e-01
6.85000e+03 3.48917e-01
6.85100e+03 3.46989e-01
6.85200e+03 3.45059e-01
6.85300e+03 3.43155e-01
6.85400e+03 3.41249e-01
6.85500e+03 3.39344e-01
6.85600e+03 3.37083e-01
6.85700e+03 3.34803e-01
6.85800e+03 3.32526e-01
6.85900e+03 3.30277e-01
6.86000e+03 3.28033e-01
6.86100e+03 3.22989e-01
6.86200e+03 3.17981e-01
6.86300e+03 3.12986e-01
6.86400e+03 3.08028e-01
6.86500e+03 3.03131e-01
6.86600e+03 2.93728e-01
6.86700e+03 2.84415e-01
6.86800e+03 2.75193e-01
6.86900e+03 2.66039e-01
6.87000e+03 2.56978e-01
6.87100e+03 2.51915e-01
6.87200e+03 2.46895e-01
6.87300e+03 2.41918e-01
6.87400e+03 2.36984e-01
6.87500e+03 2.32074e-01
6.87600e+03 2.34496e-01
6.87700e+03 2.36887e-01
6.87800e+03 2.39230e-01
6.87900e+03 2.41523e-01
6.88000e+03 2.43767e-01
6.88100e+03 2.45279e-01
6.88200e+03 2.46750e-01
6.88300e+03 2.48202e-01
6.88400e+03 2.49613e-01
6.88500e+03 2.50984e-01
6.88600e+03 2.48488e-01
6.88700e+03 2.46002e-01
6.88800e+03 2.43527e-01
6.88900e+03 2.41042e-01
6.89000e+03 2.38568e-01
6.89100e+03 2.36914e-01
6.89200e+03 2.35260e-01
6.89300e+03 2.33607e-01
6.89400e+03 2.31955e-01
6.89500e+03 2.30282e-01
6.89600e+03 2.29652e-01
6.89700e+03 2.29030e-01
6.89800e+03 2.28394e-01
6.89900e+03 2.27743e-01
6.90000e+03 2.27078e-01
6.90100e+03 2.26206e-01
6.90200e+03 2.25322e-01
6.90300e+03 2.24448e-01
6.90400e+03 2.23563e-01
6.90500e+03 2.22665e-01
6.90600e+03 2.21857e-01
6.90700e+03 2.21014e-01
6.90800e+03 2.20156e-01
6.90900e+03 2.19308e-01
6.91000e+03 2.18445e-01
6.91100e+03 2.17338e-01
6.91200e+03 2.16221e-01
6.91300e+03 2.15071e-01
6.91400e+03 2.13910e-01
6.91500e+03 2.12762e-01
6.91600e+03 2.11556e-01
6.91700e+03 2.10341e-01
6.91800e+03 2.09117e-01
6.91900e+03 2.07859e-01
6.92000e+03 2.06592e-01
6.92100e+03 2.05269e-01
6.92200e+03 2.03938e-01
6.92300e+03 2.02598e-01
6.92400e+03 2.01250e-01
6.92500e+03 1.99869e-01
6.92600e+03 1.98395e-01
6.92700e+03 1.96938e-01
6.92800e+03 1.95474e-01
6.92900e+03 1.94003e-01
6.93000e+03 1.92526e-01
6.93100e+03 1.90804e-01
6.93200e+03 1.89080e-01
6.93300e+03 1.87377e-01
6.93400e+03 1.85672e-01
6.93500e+03 1.83965e-01
6.93600e+03 1.82138e-01
6.93700e+03 1.80311e-01
6.93800e+03 1.78484e-01
6.93900e+03 1.76633e-01
6.94000e+03 1.74781e-01
6.94100e+03 1.72976e-01
6.94200e+03 1.71170e-01
6.94300e+03 1.69363e-01
6.94400e+03 1.67556e-01
6.94500e+03 1.65724e-01
6.94600e+03 1.63996e-01
6.94700e+03 1.62290e-01
6.94800e+03 1.60581e-01
6.94900e+03 1.58869e-01
6.95000e+03 1.57154e-01
6.95100e+03 1.55352e-01
6.95200e+03 1.53549e-01
6.95300e+03 1.51769e-01
6.95400e+03 1.49987e-01
6.95500e+03 1.48203e-01
6.95600e+03 1.46356e-01
6.95700e+03 1.44485e-01
6.95800e+03 1.42613e-01
6.95900e+03 1.40766e-01
6.96000e+03 1.38919e-01
6.96100e+03 1.37240e-01
6.96200e+03 1.35556e-01
6.96300e+03 1.33843e-01
6.96400e+03 1.32126e-01
6.96500e+03 1.30428e-01
6.96600e+03 1.28754e-01
6.96700e+03 1.27074e-01
6.96800e+03 1.25389e-01
6.96900e+03 1.23674e-01
6.97000e+03 1.21953e-01
6.97100e+03 1.20108e-01
6.97200e+03 1.18262e-01
6.97300e+03 1.16415e-01
6.97400e+03 1.14568e-01
6.97500e+03 1.12695e-01
6.97600e+03 1.10775e-01
6.97700e+03 1.08881e-01
6.97800e+03 1.06987e-01
6.97900e+03 1.05094e-01
6.98000e+03 1.03202e-01
6.98100e+03 1.01238e-01
6.98200e+03 9.92759e-02
6.98300e+03 9.73413e-02
6.98400e+03 9.54093e-02
6.98500e+03 9.34800e-02
6.98600e+03 9.15149e-02
6.98700e+03 8.95539e-02
6.98800e+03 8.75972e-02
6.98900e+03 8.56202e-02
6.99000e+03 8.36476e-02
6.99100e+03 8.17935e-02
6.99200e+03 7.99396e-02
6.99300e+03 7.80858e-02
6.99400e+03 7.62322e-02
6.99500e+03 7.43543e-02
6.99600e+03 7.25071e-02
6.99700e+03 7.06829e-02
6.99800e+03 6.88573e-02
6.99900e+03 6.70302e-02
7.00000e+03 6.52016e-02
7.00100e+03 6.33225e-02
7.00200e+03 6.14433e-02
7.00300e+03 5.95886e-02
7.00400e+03 5.77339e-02
7.00500e+03 5.58792e-02
7.00600e+03 5.40245e-02
7.00700e+03 5.21454e-02
7.00800e+03 5.02663e-02
7.00900e+03 4.84117e-02
7.01000e+03 4.65570e-02
7.01100e+03 4.56284e-02
7.01200e+03 4.46997e-02
7.01300e+03 4.37712e-02
7.01400e+03 4.28427e-02
7.01500e+03 4.19142e-02
7.01600e+03 4.09945e-02
7.01700e+03 4.00500e-02
7.01800e+03 3.91052e-02
7.01900e+03 3.81845e-02
7.02000e+03 3.72634e-02
7.02100e+03 3.63351e-02
7.02200e+03 3.54069e-02
7.02300e+03 3.44786e-02
7.02400e+03 3.35504e-02
7.02500e+03 3.26222e-02
7.02600e+03 3.17074e-02
7.02700e+03 3.07918e-02
7.02800e+03 2.98755e-02
7.02900e+03 2.89339e-02
7.03000e+03 2.79915e-02
7.03100e+03 2.70851e-02
7.03200e+03 2.61770e-02
7.03300e+03 2.52674e-02
7.03400e+03 2.43561e-02
7.03500e+03 2.34432e-02
7.03600e+03 2.25099e-02
7.03700e+03 2.15766e-02
7.03800e+03 2.06432e-02
7.03900e+03 1.97097e-02
7.04000e+03 1.87762e-02
7.04100e+03 1.78171e-02
7.04200e+03 1.68580e-02
7.04300e+03 1.59236e-02
7.04400e+03 1.49892e-02
7.04500e+03 1.40549e-02
7.04600e+03 1.31207e-02
7.04700e+03 1.21865e-02
7.04800e+03 1.12525e-02
7.04900e+03 1.03185e-02
7.05000e+03 9.38453e-03
7.05100e+03 8.45071e-03
7.05200e+03 7.51696e-03
7.05300e+03 6.55870e-03
7.05400e+03 5.60050e-03
7.05500e+03 4.66693e-03
7.05600e+03 3.73421e-03
7.05700e+03 2.80115e-03
7.05800e+03 1.86776e-03
7.05900e+03 9.34047e-04
