# Filter name : LSST/LSST.z
# Description : LSST z filter (full)
# Photometric system : LSST
# FilterType : photon
# Band name : z
# Observatory : LSST
# Instrument : LSST
# Comments : Full throughput: system - mirrors, lenses, filter, detector, and the zenith atmosphere. Aerosols added to atmosphere Version 1.5 
# 
8.03000e+03 1.03940e-12
8.03100e+03 9.09025e-04
8.03200e+03 1.81847e-03
8.03300e+03 2.70442e-03
8.03400e+03 3.59077e-03
8.03500e+03 4.50148e-03
8.03600e+03 5.41150e-03
8.03700e+03 6.29763e-03
8.03800e+03 7.18381e-03
8.03900e+03 8.09398e-03
8.04000e+03 9.00421e-03
8.04100e+03 9.89022e-03
8.04200e+03 1.07762e-02
8.04300e+03 1.16862e-02
8.04400e+03 1.25961e-02
8.04500e+03 1.34821e-02
8.04600e+03 1.43740e-02
8.04700e+03 1.52905e-02
8.04800e+03 1.62078e-02
8.04900e+03 1.71258e-02
8.05000e+03 1.80446e-02
8.05100e+03 1.89396e-02
8.05200e+03 1.98352e-02
8.05300e+03 2.07556e-02
8.05400e+03 2.16766e-02
8.05500e+03 2.25742e-02
8.05600e+03 2.34630e-02
8.05700e+03 2.43757e-02
8.05800e+03 2.52884e-02
8.05900e+03 2.61769e-02
8.06000e+03 2.70654e-02
8.06100e+03 2.79775e-02
8.06200e+03 2.88896e-02
8.06300e+03 2.98015e-02
8.06400e+03 3.07134e-02
8.06500e+03 3.16011e-02
8.06600e+03 3.24888e-02
8.06700e+03 3.34004e-02
8.06800e+03 3.43119e-02
8.06900e+03 3.51993e-02
8.07000e+03 3.60867e-02
8.07100e+03 3.69993e-02
8.07200e+03 3.79118e-02
8.07300e+03 3.88004e-02
8.07400e+03 3.96889e-02
8.07500e+03 4.06014e-02
8.07600e+03 4.15139e-02
8.07700e+03 4.24023e-02
8.07800e+03 4.32907e-02
8.07900e+03 4.42032e-02
8.08000e+03 4.51156e-02
8.08100e+03 4.69048e-02
8.08200e+03 4.86931e-02
8.08300e+03 5.04804e-02
8.08400e+03 5.22667e-02
8.08500e+03 5.40521e-02
8.08600e+03 5.58365e-02
8.08700e+03 5.76200e-02
8.08800e+03 5.94024e-02
8.08900e+03 6.12079e-02
8.09000e+03 6.30125e-02
8.09100e+03 6.47981e-02
8.09200e+03 6.65830e-02
8.09300e+03 6.83673e-02
8.09400e+03 7.01510e-02
8.09500e+03 7.19341e-02
8.09600e+03 7.37317e-02
8.09700e+03 7.55293e-02
8.09800e+03 7.73271e-02
8.09900e+03 7.91250e-02
8.10000e+03 8.09229e-02
8.10100e+03 8.27187e-02
8.10200e+03 8.45145e-02
8.10300e+03 8.63103e-02
8.10400e+03 8.81061e-02
8.10500e+03 8.99259e-02
8.10600e+03 9.17080e-02
8.10700e+03 9.34647e-02
8.10800e+03 9.52199e-02
8.10900e+03 9.69737e-02
8.11000e+03 9.87260e-02
8.11100e+03 1.00457e-01
8.11200e+03 1.02186e-01
8.11300e+03 1.03912e-01
8.11400e+03 1.05637e-01
8.11500e+03 1.07359e-01
8.11600e+03 1.09102e-01
8.11700e+03 1.10843e-01
8.11800e+03 1.12582e-01
8.11900e+03 1.14321e-01
8.12000e+03 1.16057e-01
8.12100e+03 1.17844e-01
8.12200e+03 1.19630e-01
8.12300e+03 1.21392e-01
8.12400e+03 1.23153e-01
8.12500e+03 1.24914e-01
8.12600e+03 1.26490e-01
8.12700e+03 1.28061e-01
8.12800e+03 1.29626e-01
8.12900e+03 1.31185e-01
8.13000e+03 1.32739e-01
8.13100e+03 1.34075e-01
8.13200e+03 1.35401e-01
8.13300e+03 1.36715e-01
8.13400e+03 1.38018e-01
8.13500e+03 1.39309e-01
8.13600e+03 1.40858e-01
8.13700e+03 1.42403e-01
8.13800e+03 1.43943e-01
8.13900e+03 1.45501e-01
8.14000e+03 1.47055e-01
8.14100e+03 1.48693e-01
8.14200e+03 1.50329e-01
8.14300e+03 1.51963e-01
8.14400e+03 1.53595e-01
8.14500e+03 1.55225e-01
8.14600e+03 1.56617e-01
8.14700e+03 1.58003e-01
8.14800e+03 1.59381e-01
8.14900e+03 1.60752e-01
8.15000e+03 1.62115e-01
8.15100e+03 1.63417e-01
8.15200e+03 1.64711e-01
8.15300e+03 1.65997e-01
8.15400e+03 1.67274e-01
8.15500e+03 1.68565e-01
8.15600e+03 1.69886e-01
8.15700e+03 1.71176e-01
8.15800e+03 1.72458e-01
8.15900e+03 1.73733e-01
8.16000e+03 1.75001e-01
8.16100e+03 1.76436e-01
8.16200e+03 1.77867e-01
8.16300e+03 1.79293e-01
8.16400e+03 1.80715e-01
8.16500e+03 1.82133e-01
8.16600e+03 1.84365e-01
8.16700e+03 1.86607e-01
8.16800e+03 1.88860e-01
8.16900e+03 1.91123e-01
8.17000e+03 1.93397e-01
8.17100e+03 1.95103e-01
8.17200e+03 1.96810e-01
8.17300e+03 1.98494e-01
8.17400e+03 2.00178e-01
8.17500e+03 2.01862e-01
8.17600e+03 2.02743e-01
8.17700e+03 2.03610e-01
8.17800e+03 2.04465e-01
8.17900e+03 2.05306e-01
8.18000e+03 2.06133e-01
8.18100e+03 2.08417e-01
8.18200e+03 2.10711e-01
8.18300e+03 2.13015e-01
8.18400e+03 2.15329e-01
8.18500e+03 2.17653e-01
8.18600e+03 2.19842e-01
8.18700e+03 2.22039e-01
8.18800e+03 2.24244e-01
8.18900e+03 2.26479e-01
8.19000e+03 2.28722e-01
8.19100e+03 2.30462e-01
8.19200e+03 2.32203e-01
8.19300e+03 2.33944e-01
8.19400e+03 2.35686e-01
8.19500e+03 2.37429e-01
8.19600e+03 2.39121e-01
8.19700e+03 2.40813e-01
8.19800e+03 2.42504e-01
8.19900e+03 2.44196e-01
8.20000e+03 2.45888e-01
8.20100e+03 2.48877e-01
8.20200e+03 2.51884e-01
8.20300e+03 2.54909e-01
8.20400e+03 2.57952e-01
8.20500e+03 2.61036e-01
8.20600e+03 2.63803e-01
8.20700e+03 2.66561e-01
8.20800e+03 2.69332e-01
8.20900e+03 2.72117e-01
8.21000e+03 2.74914e-01
8.21100e+03 2.76558e-01
8.21200e+03 2.78200e-01
8.21300e+03 2.79841e-01
8.21400e+03 2.81480e-01
8.21500e+03 2.83117e-01
8.21600e+03 2.84219e-01
8.21700e+03 2.85312e-01
8.21800e+03 2.86397e-01
8.21900e+03 2.87474e-01
8.22000e+03 2.88543e-01
8.22100e+03 2.87882e-01
8.22200e+03 2.87191e-01
8.22300e+03 2.86447e-01
8.22400e+03 2.85674e-01
8.22500e+03 2.84871e-01
8.22600e+03 2.83219e-01
8.22700e+03 2.81528e-01
8.22800e+03 2.79798e-01
8.22900e+03 2.78028e-01
8.23000e+03 2.76219e-01
8.23100e+03 2.79269e-01
8.23200e+03 2.82336e-01
8.23300e+03 2.85419e-01
8.23400e+03 2.88519e-01
8.23500e+03 2.91635e-01
8.23600e+03 2.96703e-01
8.23700e+03 3.01808e-01
8.23800e+03 3.06951e-01
8.23900e+03 3.12154e-01
8.24000e+03 3.17396e-01
8.24100e+03 3.20481e-01
8.24200e+03 3.23581e-01
8.24300e+03 3.26696e-01
8.24400e+03 3.29825e-01
8.24500e+03 3.32969e-01
8.24600e+03 3.35072e-01
8.24700e+03 3.37179e-01
8.24800e+03 3.39290e-01
8.24900e+03 3.41404e-01
8.25000e+03 3.43522e-01
8.25100e+03 3.44938e-01
8.25200e+03 3.46352e-01
8.25300e+03 3.47761e-01
8.25400e+03 3.49167e-01
8.25500e+03 3.50593e-01
8.25600e+03 3.52016e-01
8.25700e+03 3.53411e-01
8.25800e+03 3.54803e-01
8.25900e+03 3.56192e-01
8.26000e+03 3.57576e-01
8.26100e+03 3.60213e-01
8.26200e+03 3.62858e-01
8.26300e+03 3.65512e-01
8.26400e+03 3.68174e-01
8.26500e+03 3.70845e-01
8.26600e+03 3.72902e-01
8.26700e+03 3.74963e-01
8.26800e+03 3.77025e-01
8.26900e+03 3.79091e-01
8.27000e+03 3.81159e-01
8.27100e+03 3.81006e-01
8.27200e+03 3.80836e-01
8.27300e+03 3.80624e-01
8.27400e+03 3.80394e-01
8.27500e+03 3.80147e-01
8.27600e+03 3.80697e-01
8.27700e+03 3.81236e-01
8.27800e+03 3.81765e-01
8.27900e+03 3.82283e-01
8.28000e+03 3.82791e-01
8.28100e+03 3.85265e-01
8.28200e+03 3.87746e-01
8.28300e+03 3.90234e-01
8.28400e+03 3.92729e-01
8.28500e+03 3.95230e-01
8.28600e+03 3.96973e-01
8.28700e+03 3.98511e-01
8.28800e+03 4.00048e-01
8.28900e+03 4.00945e-01
8.29000e+03 4.01842e-01
8.29100e+03 4.02978e-01
8.29200e+03 4.04115e-01
8.29300e+03 4.05276e-01
8.29400e+03 4.06438e-01
8.29500e+03 4.07579e-01
8.29600e+03 4.09243e-01
8.29700e+03 4.10934e-01
8.29800e+03 4.12628e-01
8.29900e+03 4.14302e-01
8.30000e+03 4.15979e-01
8.30100e+03 4.17073e-01
8.30200e+03 4.18168e-01
8.30300e+03 4.19263e-01
8.30400e+03 4.20360e-01
8.30500e+03 4.21434e-01
8.30600e+03 4.23132e-01
8.30700e+03 4.24857e-01
8.30800e+03 4.26586e-01
8.30900e+03 4.28295e-01
8.31000e+03 4.30007e-01
8.31100e+03 4.30769e-01
8.31200e+03 4.31531e-01
8.31300e+03 4.32268e-01
8.31400e+03 4.33005e-01
8.31500e+03 4.33765e-01
8.31600e+03 4.33526e-01
8.31700e+03 4.33258e-01
8.31800e+03 4.32987e-01
8.31900e+03 4.32734e-01
8.32000e+03 4.32477e-01
8.32100e+03 4.34059e-01
8.32200e+03 4.35644e-01
8.32300e+03 4.36557e-01
8.32400e+03 4.37470e-01
8.32500e+03 4.38175e-01
8.32600e+03 4.39155e-01
8.32700e+03 4.40135e-01
8.32800e+03 4.41114e-01
8.32900e+03 4.42094e-01
8.33000e+03 4.43073e-01
8.33100e+03 4.42889e-01
8.33200e+03 4.42704e-01
8.33300e+03 4.42519e-01
8.33400e+03 4.42334e-01
8.33500e+03 4.42149e-01
8.33600e+03 4.42240e-01
8.33700e+03 4.42332e-01
8.33800e+03 4.42424e-01
8.33900e+03 4.42516e-01
8.34000e+03 4.42608e-01
8.34100e+03 4.43307e-01
8.34200e+03 4.44005e-01
8.34300e+03 4.44703e-01
8.34400e+03 4.45400e-01
8.34500e+03 4.46096e-01
8.34600e+03 4.46332e-01
8.34700e+03 4.46567e-01
8.34800e+03 4.46801e-01
8.34900e+03 4.47034e-01
8.35000e+03 4.47266e-01
8.35100e+03 4.47051e-01
8.35200e+03 4.46835e-01
8.35300e+03 4.46618e-01
8.35400e+03 4.46400e-01
8.35500e+03 4.46181e-01
8.35600e+03 4.46145e-01
8.35700e+03 4.46109e-01
8.35800e+03 4.46071e-01
8.35900e+03 4.46033e-01
8.36000e+03 4.45995e-01
8.36100e+03 4.46122e-01
8.36200e+03 4.46249e-01
8.36300e+03 4.46376e-01
8.36400e+03 4.46504e-01
8.36500e+03 4.46631e-01
8.36600e+03 4.46759e-01
8.36700e+03 4.46887e-01
8.36800e+03 4.47016e-01
8.36900e+03 4.47144e-01
8.37000e+03 4.47272e-01
8.37100e+03 4.47344e-01
8.37200e+03 4.47417e-01
8.37300e+03 4.47489e-01
8.37400e+03 4.47561e-01
8.37500e+03 4.47633e-01
8.37600e+03 4.47613e-01
8.37700e+03 4.47592e-01
8.37800e+03 4.47571e-01
8.37900e+03 4.47550e-01
8.38000e+03 4.47529e-01
8.38100e+03 4.47634e-01
8.38200e+03 4.47738e-01
8.38300e+03 4.47842e-01
8.38400e+03 4.47946e-01
8.38500e+03 4.48049e-01
8.38600e+03 4.48061e-01
8.38700e+03 4.48072e-01
8.38800e+03 4.48083e-01
8.38900e+03 4.48093e-01
8.39000e+03 4.48103e-01
8.39100e+03 4.48065e-01
8.39200e+03 4.48028e-01
8.39300e+03 4.47990e-01
8.39400e+03 4.47952e-01
8.39500e+03 4.47915e-01
8.39600e+03 4.47970e-01
8.39700e+03 4.48025e-01
8.39800e+03 4.48080e-01
8.39900e+03 4.48136e-01
8.40000e+03 4.48192e-01
8.40100e+03 4.48046e-01
8.40200e+03 4.47900e-01
8.40300e+03 4.47755e-01
8.40400e+03 4.47609e-01
8.40500e+03 4.47465e-01
8.40600e+03 4.47320e-01
8.40700e+03 4.47176e-01
8.40800e+03 4.47032e-01
8.40900e+03 4.46888e-01
8.41000e+03 4.46744e-01
8.41100e+03 4.46787e-01
8.41200e+03 4.46829e-01
8.41300e+03 4.46871e-01
8.41400e+03 4.46914e-01
8.41500e+03 4.46956e-01
8.41600e+03 4.46998e-01
8.41700e+03 4.47040e-01
8.41800e+03 4.47082e-01
8.41900e+03 4.47124e-01
8.42000e+03 4.47165e-01
8.42100e+03 4.47259e-01
8.42200e+03 4.47353e-01
8.42300e+03 4.47447e-01
8.42400e+03 4.47541e-01
8.42500e+03 4.47635e-01
8.42600e+03 4.47637e-01
8.42700e+03 4.47640e-01
8.42800e+03 4.47643e-01
8.42900e+03 4.47645e-01
8.43000e+03 4.47648e-01
8.43100e+03 4.47522e-01
8.43200e+03 4.47397e-01
8.43300e+03 4.47271e-01
8.43400e+03 4.47145e-01
8.43500e+03 4.47020e-01
8.43600e+03 4.47076e-01
8.43700e+03 4.47130e-01
8.43800e+03 4.47185e-01
8.43900e+03 4.47239e-01
8.44000e+03 4.47294e-01
8.44100e+03 4.47230e-01
8.44200e+03 4.47167e-01
8.44300e+03 4.47104e-01
8.44400e+03 4.47043e-01
8.44500e+03 4.46984e-01
8.44600e+03 4.47017e-01
8.44700e+03 4.47051e-01
8.44800e+03 4.47088e-01
8.44900e+03 4.47127e-01
8.45000e+03 4.47167e-01
8.45100e+03 4.47203e-01
8.45200e+03 4.47242e-01
8.45300e+03 4.47282e-01
8.45400e+03 4.47324e-01
8.45500e+03 4.47368e-01
8.45600e+03 4.47322e-01
8.45700e+03 4.47278e-01
8.45800e+03 4.47235e-01
8.45900e+03 4.47194e-01
8.46000e+03 4.47153e-01
8.46100e+03 4.47045e-01
8.46200e+03 4.46938e-01
8.46300e+03 4.46830e-01
8.46400e+03 4.46723e-01
8.46500e+03 4.46614e-01
8.46600e+03 4.46687e-01
8.46700e+03 4.46759e-01
8.46800e+03 4.46831e-01
8.46900e+03 4.46903e-01
8.47000e+03 4.46975e-01
8.47100e+03 4.46973e-01
8.47200e+03 4.46971e-01
8.47300e+03 4.46968e-01
8.47400e+03 4.46966e-01
8.47500e+03 4.46964e-01
8.47600e+03 4.46871e-01
8.47700e+03 4.46778e-01
8.47800e+03 4.46684e-01
8.47900e+03 4.46591e-01
8.48000e+03 4.46498e-01
8.48100e+03 4.46496e-01
8.48200e+03 4.46493e-01
8.48300e+03 4.46491e-01
8.48400e+03 4.46488e-01
8.48500e+03 4.46486e-01
8.48600e+03 4.46484e-01
8.48700e+03 4.46484e-01
8.48800e+03 4.46484e-01
8.48900e+03 4.46483e-01
8.49000e+03 4.46483e-01
8.49100e+03 4.46429e-01
8.49200e+03 4.46375e-01
8.49300e+03 4.46320e-01
8.49400e+03 4.46263e-01
8.49500e+03 4.46205e-01
8.49600e+03 4.46145e-01
8.49700e+03 4.46084e-01
8.49800e+03 4.46021e-01
8.49900e+03 4.45955e-01
8.50000e+03 4.45888e-01
8.50100e+03 4.45914e-01
8.50200e+03 4.45937e-01
8.50300e+03 4.45959e-01
8.50400e+03 4.45979e-01
8.50500e+03 4.45997e-01
8.50600e+03 4.46013e-01
8.50700e+03 4.46028e-01
8.50800e+03 4.46042e-01
8.50900e+03 4.46054e-01
8.51000e+03 4.46066e-01
8.51100e+03 4.45978e-01
8.51200e+03 4.45889e-01
8.51300e+03 4.45801e-01
8.51400e+03 4.45713e-01
8.51500e+03 4.45626e-01
8.51600e+03 4.45721e-01
8.51700e+03 4.45816e-01
8.51800e+03 4.45912e-01
8.51900e+03 4.46007e-01
8.52000e+03 4.46102e-01
8.52100e+03 4.46124e-01
8.52200e+03 4.46146e-01
8.52300e+03 4.46168e-01
8.52400e+03 4.46190e-01
8.52500e+03 4.46212e-01
8.52600e+03 4.46324e-01
8.52700e+03 4.46437e-01
8.52800e+03 4.46550e-01
8.52900e+03 4.46662e-01
8.53000e+03 4.46775e-01
8.53100e+03 4.46741e-01
8.53200e+03 4.46706e-01
8.53300e+03 4.46671e-01
8.53400e+03 4.46637e-01
8.53500e+03 4.46602e-01
8.53600e+03 4.46476e-01
8.53700e+03 4.46349e-01
8.53800e+03 4.46221e-01
8.53900e+03 4.46094e-01
8.54000e+03 4.45967e-01
8.54100e+03 4.45977e-01
8.54200e+03 4.45989e-01
8.54300e+03 4.46001e-01
8.54400e+03 4.46015e-01
8.54500e+03 4.46030e-01
8.54600e+03 4.46138e-01
8.54700e+03 4.46247e-01
8.54800e+03 4.46358e-01
8.54900e+03 4.46471e-01
8.55000e+03 4.46586e-01
8.55100e+03 4.46646e-01
8.55200e+03 4.46707e-01
8.55300e+03 4.46770e-01
8.55400e+03 4.46835e-01
8.55500e+03 4.46902e-01
8.55600e+03 4.46970e-01
8.55700e+03 4.47040e-01
8.55800e+03 4.47111e-01
8.55900e+03 4.47184e-01
8.56000e+03 4.47257e-01
8.56100e+03 4.47218e-01
8.56200e+03 4.47180e-01
8.56300e+03 4.47142e-01
8.56400e+03 4.47104e-01
8.56500e+03 4.47065e-01
8.56600e+03 4.47025e-01
8.56700e+03 4.46984e-01
8.56800e+03 4.46944e-01
8.56900e+03 4.46904e-01
8.57000e+03 4.46864e-01
8.57100e+03 4.46874e-01
8.57200e+03 4.46885e-01
8.57300e+03 4.46896e-01
8.57400e+03 4.46906e-01
8.57500e+03 4.46917e-01
8.57600e+03 4.47019e-01
8.57700e+03 4.47120e-01
8.57800e+03 4.47222e-01
8.57900e+03 4.47323e-01
8.58000e+03 4.47425e-01
8.58100e+03 4.47429e-01
8.58200e+03 4.47433e-01
8.58300e+03 4.47437e-01
8.58400e+03 4.47442e-01
8.58500e+03 4.47446e-01
8.58600e+03 4.47451e-01
8.58700e+03 4.47457e-01
8.58800e+03 4.47463e-01
8.58900e+03 4.47470e-01
8.59000e+03 4.47476e-01
8.59100e+03 4.47508e-01
8.59200e+03 4.47539e-01
8.59300e+03 4.47569e-01
8.59400e+03 4.47598e-01
8.59500e+03 4.47625e-01
8.59600e+03 4.47651e-01
8.59700e+03 4.47675e-01
8.59800e+03 4.47697e-01
8.59900e+03 4.47717e-01
8.60000e+03 4.47735e-01
8.60100e+03 4.47706e-01
8.60200e+03 4.47676e-01
8.60300e+03 4.47643e-01
8.60400e+03 4.47608e-01
8.60500e+03 4.47571e-01
8.60600e+03 4.47533e-01
8.60700e+03 4.47494e-01
8.60800e+03 4.47453e-01
8.60900e+03 4.47411e-01
8.61000e+03 4.47368e-01
8.61100e+03 4.47351e-01
8.61200e+03 4.47335e-01
8.61300e+03 4.47318e-01
8.61400e+03 4.47301e-01
8.61500e+03 4.47285e-01
8.61600e+03 4.47270e-01
8.61700e+03 4.47255e-01
8.61800e+03 4.47241e-01
8.61900e+03 4.47226e-01
8.62000e+03 4.47211e-01
8.62100e+03 4.47278e-01
8.62200e+03 4.47344e-01
8.62300e+03 4.47411e-01
8.62400e+03 4.47478e-01
8.62500e+03 4.47545e-01
8.62600e+03 4.47521e-01
8.62700e+03 4.47496e-01
8.62800e+03 4.47472e-01
8.62900e+03 4.47448e-01
8.63000e+03 4.47424e-01
8.63100e+03 4.47434e-01
8.63200e+03 4.47444e-01
8.63300e+03 4.47455e-01
8.63400e+03 4.47465e-01
8.63500e+03 4.47475e-01
8.63600e+03 4.47484e-01
8.63700e+03 4.47492e-01
8.63800e+03 4.47500e-01
8.63900e+03 4.47508e-01
8.64000e+03 4.47516e-01
8.64100e+03 4.47505e-01
8.64200e+03 4.47494e-01
8.64300e+03 4.47485e-01
8.64400e+03 4.47477e-01
8.64500e+03 4.47470e-01
8.64600e+03 4.47465e-01
8.64700e+03 4.47462e-01
8.64800e+03 4.47461e-01
8.64900e+03 4.47461e-01
8.65000e+03 4.47464e-01
8.65100e+03 4.47442e-01
8.65200e+03 4.47421e-01
8.65300e+03 4.47403e-01
8.65400e+03 4.47386e-01
8.65500e+03 4.47371e-01
8.65600e+03 4.47358e-01
8.65700e+03 4.47346e-01
8.65800e+03 4.47336e-01
8.65900e+03 4.47326e-01
8.66000e+03 4.47318e-01
8.66100e+03 4.47324e-01
8.66200e+03 4.47331e-01
8.66300e+03 4.47339e-01
8.66400e+03 4.47345e-01
8.66500e+03 4.47351e-01
8.66600e+03 4.47356e-01
8.66700e+03 4.47361e-01
8.66800e+03 4.47366e-01
8.66900e+03 4.47371e-01
8.67000e+03 4.47375e-01
8.67100e+03 4.47337e-01
8.67200e+03 4.47299e-01
8.67300e+03 4.47260e-01
8.67400e+03 4.47222e-01
8.67500e+03 4.47183e-01
8.67600e+03 4.47145e-01
8.67700e+03 4.47106e-01
8.67800e+03 4.47068e-01
8.67900e+03 4.47029e-01
8.68000e+03 4.46991e-01
8.68100e+03 4.47002e-01
8.68200e+03 4.47014e-01
8.68300e+03 4.47025e-01
8.68400e+03 4.47037e-01
8.68500e+03 4.47048e-01
8.68600e+03 4.47062e-01
8.68700e+03 4.47077e-01
8.68800e+03 4.47093e-01
8.68900e+03 4.47109e-01
8.69000e+03 4.47124e-01
8.69100e+03 4.47082e-01
8.69200e+03 4.47037e-01
8.69300e+03 4.46991e-01
8.69400e+03 4.46942e-01
8.69500e+03 4.46890e-01
8.69600e+03 4.46926e-01
8.69700e+03 4.46958e-01
8.69800e+03 4.46987e-01
8.69900e+03 4.47012e-01
8.70000e+03 4.47032e-01
8.70100e+03 4.46986e-01
8.70200e+03 4.46935e-01
8.70300e+03 4.46880e-01
8.70400e+03 4.46821e-01
8.70500e+03 4.46758e-01
8.70600e+03 4.46692e-01
8.70700e+03 4.46623e-01
8.70800e+03 4.46551e-01
8.70900e+03 4.46476e-01
8.71000e+03 4.46400e-01
8.71100e+03 4.46301e-01
8.71200e+03 4.46201e-01
8.71300e+03 4.46101e-01
8.71400e+03 4.46001e-01
8.71500e+03 4.45902e-01
8.71600e+03 4.45806e-01
8.71700e+03 4.45709e-01
8.71800e+03 4.45611e-01
8.71900e+03 4.45514e-01
8.72000e+03 4.45417e-01
8.72100e+03 4.45381e-01
8.72200e+03 4.45345e-01
8.72300e+03 4.45309e-01
8.72400e+03 4.45273e-01
8.72500e+03 4.45237e-01
8.72600e+03 4.45201e-01
8.72700e+03 4.45165e-01
8.72800e+03 4.45130e-01
8.72900e+03 4.45094e-01
8.73000e+03 4.45058e-01
8.73100e+03 4.44973e-01
8.73200e+03 4.44887e-01
8.73300e+03 4.44802e-01
8.73400e+03 4.44716e-01
8.73500e+03 4.44631e-01
8.73600e+03 4.44543e-01
8.73700e+03 4.44455e-01
8.73800e+03 4.44366e-01
8.73900e+03 4.44277e-01
8.74000e+03 4.44188e-01
8.74100e+03 4.44142e-01
8.74200e+03 4.44098e-01
8.74300e+03 4.44056e-01
8.74400e+03 4.44015e-01
8.74500e+03 4.43977e-01
8.74600e+03 4.43942e-01
8.74700e+03 4.43910e-01
8.74800e+03 4.43880e-01
8.74900e+03 4.43854e-01
8.75000e+03 4.43831e-01
8.75100e+03 4.43729e-01
8.75200e+03 4.43631e-01
8.75300e+03 4.43536e-01
8.75400e+03 4.43443e-01
8.75500e+03 4.43354e-01
8.75600e+03 4.43267e-01
8.75700e+03 4.43183e-01
8.75800e+03 4.43101e-01
8.75900e+03 4.43021e-01
8.76000e+03 4.42942e-01
8.76100e+03 4.42919e-01
8.76200e+03 4.42896e-01
8.76300e+03 4.42874e-01
8.76400e+03 4.42851e-01
8.76500e+03 4.42827e-01
8.76600e+03 4.42801e-01
8.76700e+03 4.42774e-01
8.76800e+03 4.42748e-01
8.76900e+03 4.42722e-01
8.77000e+03 4.42696e-01
8.77100e+03 4.42613e-01
8.77200e+03 4.42529e-01
8.77300e+03 4.42446e-01
8.77400e+03 4.42362e-01
8.77500e+03 4.42279e-01
8.77600e+03 4.42195e-01
8.77700e+03 4.42112e-01
8.77800e+03 4.42029e-01
8.77900e+03 4.41945e-01
8.78000e+03 4.41862e-01
8.78100e+03 4.41769e-01
8.78200e+03 4.41676e-01
8.78300e+03 4.41584e-01
8.78400e+03 4.41491e-01
8.78500e+03 4.41398e-01
8.78600e+03 4.41304e-01
8.78700e+03 4.41210e-01
8.78800e+03 4.41114e-01
8.78900e+03 4.41019e-01
8.79000e+03 4.40924e-01
8.79100e+03 4.40933e-01
8.79200e+03 4.40943e-01
8.79300e+03 4.40953e-01
8.79400e+03 4.40965e-01
8.79500e+03 4.40979e-01
8.79600e+03 4.40995e-01
8.79700e+03 4.41013e-01
8.79800e+03 4.41032e-01
8.79900e+03 4.41054e-01
8.80000e+03 4.41078e-01
8.80100e+03 4.41027e-01
8.80200e+03 4.40977e-01
8.80300e+03 4.40930e-01
8.80400e+03 4.40885e-01
8.80500e+03 4.40842e-01
8.80600e+03 4.40801e-01
8.80700e+03 4.40762e-01
8.80800e+03 4.40724e-01
8.80900e+03 4.40687e-01
8.81000e+03 4.40652e-01
8.81100e+03 4.40704e-01
8.81200e+03 4.40757e-01
8.81300e+03 4.40810e-01
8.81400e+03 4.40862e-01
8.81500e+03 4.40913e-01
8.81600e+03 4.40873e-01
8.81700e+03 4.40833e-01
8.81800e+03 4.40792e-01
8.81900e+03 4.40750e-01
8.82000e+03 4.40709e-01
8.82100e+03 4.40704e-01
8.82200e+03 4.40699e-01
8.82300e+03 4.40694e-01
8.82400e+03 4.40688e-01
8.82500e+03 4.40683e-01
8.82600e+03 4.40588e-01
8.82700e+03 4.40493e-01
8.82800e+03 4.40398e-01
8.82900e+03 4.40304e-01
8.83000e+03 4.40209e-01
8.83100e+03 4.40209e-01
8.83200e+03 4.40208e-01
8.83300e+03 4.40208e-01
8.83400e+03 4.40208e-01
8.83500e+03 4.40209e-01
8.83600e+03 4.40209e-01
8.83700e+03 4.40210e-01
8.83800e+03 4.40210e-01
8.83900e+03 4.40211e-01
8.84000e+03 4.40212e-01
8.84100e+03 4.40194e-01
8.84200e+03 4.40176e-01
8.84300e+03 4.40158e-01
8.84400e+03 4.40140e-01
8.84500e+03 4.40123e-01
8.84600e+03 4.40107e-01
8.84700e+03 4.40090e-01
8.84800e+03 4.40074e-01
8.84900e+03 4.40059e-01
8.85000e+03 4.40044e-01
8.85100e+03 4.39860e-01
8.85200e+03 4.39677e-01
8.85300e+03 4.39494e-01
8.85400e+03 4.39312e-01
8.85500e+03 4.39131e-01
8.85600e+03 4.38951e-01
8.85700e+03 4.38772e-01
8.85800e+03 4.38593e-01
8.85900e+03 4.38415e-01
8.86000e+03 4.38238e-01
8.86100e+03 4.38219e-01
8.86200e+03 4.38200e-01
8.86300e+03 4.38182e-01
8.86400e+03 4.38164e-01
8.86500e+03 4.38146e-01
8.86600e+03 4.38216e-01
8.86700e+03 4.38287e-01
8.86800e+03 4.38358e-01
8.86900e+03 4.38429e-01
8.87000e+03 4.38500e-01
8.87100e+03 4.38493e-01
8.87200e+03 4.38487e-01
8.87300e+03 4.38480e-01
8.87400e+03 4.38474e-01
8.87500e+03 4.38468e-01
8.87600e+03 4.38373e-01
8.87700e+03 4.38279e-01
8.87800e+03 4.38185e-01
8.87900e+03 4.38091e-01
8.88000e+03 4.37998e-01
8.88100e+03 4.38021e-01
8.88200e+03 4.38044e-01
8.88300e+03 4.38067e-01
8.88400e+03 4.38090e-01
8.88500e+03 4.38112e-01
8.88600e+03 4.38316e-01
8.88700e+03 4.38523e-01
8.88800e+03 4.38730e-01
8.88900e+03 4.38937e-01
8.89000e+03 4.39143e-01
8.89100e+03 4.38974e-01
8.89200e+03 4.38802e-01
8.89300e+03 4.38625e-01
8.89400e+03 4.38443e-01
8.89500e+03 4.38254e-01
8.89600e+03 4.38148e-01
8.89700e+03 4.38034e-01
8.89800e+03 4.37912e-01
8.89900e+03 4.37783e-01
8.90000e+03 4.37647e-01
8.90100e+03 4.37404e-01
8.90200e+03 4.37155e-01
8.90300e+03 4.36899e-01
8.90400e+03 4.36636e-01
8.90500e+03 4.36368e-01
8.90600e+03 4.36272e-01
8.90700e+03 4.36172e-01
8.90800e+03 4.36067e-01
8.90900e+03 4.35959e-01
8.91000e+03 4.35849e-01
8.91100e+03 4.35684e-01
8.91200e+03 4.35519e-01
8.91300e+03 4.35354e-01
8.91400e+03 4.35191e-01
8.91500e+03 4.35030e-01
8.91600e+03 4.34874e-01
8.91700e+03 4.34717e-01
8.91800e+03 4.34559e-01
8.91900e+03 4.34402e-01
8.92000e+03 4.34244e-01
8.92100e+03 4.33920e-01
8.92200e+03 4.33596e-01
8.92300e+03 4.33272e-01
8.92400e+03 4.32947e-01
8.92500e+03 4.32622e-01
8.92600e+03 4.31944e-01
8.92700e+03 4.31266e-01
8.92800e+03 4.30589e-01
8.92900e+03 4.29911e-01
8.93000e+03 4.29235e-01
8.93100e+03 4.28809e-01
8.93200e+03 4.28384e-01
8.93300e+03 4.27959e-01
8.93400e+03 4.27535e-01
8.93500e+03 4.27112e-01
8.93600e+03 4.27035e-01
8.93700e+03 4.26955e-01
8.93800e+03 4.26874e-01
8.93900e+03 4.26792e-01
8.94000e+03 4.26712e-01
8.94100e+03 4.26025e-01
8.94200e+03 4.25343e-01
8.94300e+03 4.24666e-01
8.94400e+03 4.23996e-01
8.94500e+03 4.23332e-01
8.94600e+03 4.22153e-01
8.94700e+03 4.20982e-01
8.94800e+03 4.19821e-01
8.94900e+03 4.18669e-01
8.95000e+03 4.17527e-01
8.95100e+03 4.16016e-01
8.95200e+03 4.14516e-01
8.95300e+03 4.13024e-01
8.95400e+03 4.11541e-01
8.95500e+03 4.10066e-01
8.95600e+03 4.09035e-01
8.95700e+03 4.08009e-01
8.95800e+03 4.06990e-01
8.95900e+03 4.05974e-01
8.96000e+03 4.04963e-01
8.96100e+03 4.03561e-01
8.96200e+03 4.02160e-01
8.96300e+03 4.00759e-01
8.96400e+03 3.99356e-01
8.96500e+03 3.97950e-01
8.96600e+03 3.97411e-01
8.96700e+03 3.96871e-01
8.96800e+03 3.96332e-01
8.96900e+03 3.95794e-01
8.97000e+03 3.95255e-01
8.97100e+03 3.96163e-01
8.97200e+03 3.97071e-01
8.97300e+03 3.97979e-01
8.97400e+03 3.98888e-01
8.97500e+03 3.99797e-01
8.97600e+03 4.00358e-01
8.97700e+03 4.00919e-01
8.97800e+03 4.01481e-01
8.97900e+03 4.02043e-01
8.98000e+03 4.02604e-01
8.98100e+03 3.99253e-01
8.98200e+03 3.95902e-01
8.98300e+03 3.92552e-01
8.98400e+03 3.89203e-01
8.98500e+03 3.85854e-01
8.98600e+03 3.81379e-01
8.98700e+03 3.76907e-01
8.98800e+03 3.72437e-01
8.98900e+03 3.67968e-01
8.99000e+03 3.63499e-01
8.99100e+03 3.65518e-01
8.99200e+03 3.67534e-01
8.99300e+03 3.69545e-01
8.99400e+03 3.71553e-01
8.99500e+03 3.73554e-01
8.99600e+03 3.76419e-01
8.99700e+03 3.79278e-01
8.99800e+03 3.82129e-01
8.99900e+03 3.84972e-01
9.00000e+03 3.87808e-01
9.00100e+03 3.86717e-01
9.00200e+03 3.85619e-01
9.00300e+03 3.84515e-01
9.00400e+03 3.83404e-01
9.00500e+03 3.82288e-01
9.00600e+03 3.82467e-01
9.00700e+03 3.82641e-01
9.00800e+03 3.82809e-01
9.00900e+03 3.82973e-01
9.01000e+03 3.83134e-01
9.01100e+03 3.83916e-01
9.01200e+03 3.84696e-01
9.01300e+03 3.85476e-01
9.01400e+03 3.86255e-01
9.01500e+03 3.87037e-01
9.01600e+03 3.86698e-01
9.01700e+03 3.86360e-01
9.01800e+03 3.86021e-01
9.01900e+03 3.85682e-01
9.02000e+03 3.85343e-01
9.02100e+03 3.84714e-01
9.02200e+03 3.84085e-01
9.02300e+03 3.83457e-01
9.02400e+03 3.82829e-01
9.02500e+03 3.82201e-01
9.02600e+03 3.83209e-01
9.02700e+03 3.84217e-01
9.02800e+03 3.85225e-01
9.02900e+03 3.86232e-01
9.03000e+03 3.87239e-01
9.03100e+03 3.90070e-01
9.03200e+03 3.92898e-01
9.03300e+03 3.95723e-01
9.03400e+03 3.98546e-01
9.03500e+03 4.01367e-01
9.03600e+03 4.03155e-01
9.03700e+03 4.04940e-01
9.03800e+03 4.06723e-01
9.03900e+03 4.08503e-01
9.04000e+03 4.10282e-01
9.04100e+03 4.09799e-01
9.04200e+03 4.09317e-01
9.04300e+03 4.08835e-01
9.04400e+03 4.08355e-01
9.04500e+03 4.07876e-01
9.04600e+03 4.07313e-01
9.04700e+03 4.06752e-01
9.04800e+03 4.06192e-01
9.04900e+03 4.05636e-01
9.05000e+03 4.05081e-01
9.05100e+03 4.05017e-01
9.05200e+03 4.04955e-01
9.05300e+03 4.04896e-01
9.05400e+03 4.04838e-01
9.05500e+03 4.04783e-01
9.05600e+03 4.04304e-01
9.05700e+03 4.03827e-01
9.05800e+03 4.03351e-01
9.05900e+03 4.02877e-01
9.06000e+03 4.02403e-01
9.06100e+03 4.00282e-01
9.06200e+03 3.98162e-01
9.06300e+03 3.96042e-01
9.06400e+03 3.93923e-01
9.06500e+03 3.91804e-01
9.06600e+03 3.89514e-01
9.06700e+03 3.87224e-01
9.06800e+03 3.84936e-01
9.06900e+03 3.82648e-01
9.07000e+03 3.80362e-01
9.07100e+03 3.79479e-01
9.07200e+03 3.78596e-01
9.07300e+03 3.77714e-01
9.07400e+03 3.76833e-01
9.07500e+03 3.75952e-01
9.07600e+03 3.75580e-01
9.07700e+03 3.75209e-01
9.07800e+03 3.74837e-01
9.07900e+03 3.74466e-01
9.08000e+03 3.74095e-01
9.08100e+03 3.74262e-01
9.08200e+03 3.74428e-01
9.08300e+03 3.74594e-01
9.08400e+03 3.74760e-01
9.08500e+03 3.74926e-01
9.08600e+03 3.74922e-01
9.08700e+03 3.74917e-01
9.08800e+03 3.74912e-01
9.08900e+03 3.74907e-01
9.09000e+03 3.74902e-01
9.09100e+03 3.75250e-01
9.09200e+03 3.75598e-01
9.09300e+03 3.75386e-01
9.09400e+03 3.75173e-01
9.09500e+03 3.74758e-01
9.09600e+03 3.74175e-01
9.09700e+03 3.73612e-01
9.09800e+03 3.73048e-01
9.09900e+03 3.72465e-01
9.10000e+03 3.71881e-01
9.10100e+03 3.70421e-01
9.10200e+03 3.68965e-01
9.10300e+03 3.67493e-01
9.10400e+03 3.66025e-01
9.10500e+03 3.64561e-01
9.10600e+03 3.64732e-01
9.10700e+03 3.64919e-01
9.10800e+03 3.65101e-01
9.10900e+03 3.65260e-01
9.11000e+03 3.65414e-01
9.11100e+03 3.65005e-01
9.11200e+03 3.64594e-01
9.11300e+03 3.64160e-01
9.11400e+03 3.63725e-01
9.11500e+03 3.63308e-01
9.11600e+03 3.61536e-01
9.11700e+03 3.59749e-01
9.11800e+03 3.57967e-01
9.11900e+03 3.56210e-01
9.12000e+03 3.54458e-01
9.12100e+03 3.54578e-01
9.12200e+03 3.54693e-01
9.12300e+03 3.54804e-01
9.12400e+03 3.54910e-01
9.12500e+03 3.55032e-01
9.12600e+03 3.52202e-01
9.12700e+03 3.49182e-01
9.12800e+03 3.46174e-01
9.12900e+03 3.42627e-01
9.13000e+03 3.39098e-01
9.13100e+03 3.35403e-01
9.13200e+03 3.31728e-01
9.13300e+03 3.28073e-01
9.13400e+03 3.24439e-01
9.13500e+03 3.20807e-01
9.13600e+03 3.21056e-01
9.13700e+03 3.21309e-01
9.13800e+03 3.21546e-01
9.13900e+03 3.21767e-01
9.14000e+03 3.21971e-01
9.14100e+03 3.22880e-01
9.14200e+03 3.23764e-01
9.14300e+03 3.24623e-01
9.14400e+03 3.25458e-01
9.14500e+03 3.26268e-01
9.14600e+03 3.23874e-01
9.14700e+03 3.21488e-01
9.14800e+03 3.19110e-01
9.14900e+03 3.16740e-01
9.15000e+03 3.14378e-01
9.15100e+03 3.09370e-01
9.15200e+03 3.04399e-01
9.15300e+03 2.99482e-01
9.15400e+03 2.94600e-01
9.15500e+03 2.89753e-01
9.15600e+03 2.89165e-01
9.15700e+03 2.88568e-01
9.15800e+03 2.87961e-01
9.15900e+03 2.87346e-01
9.16000e+03 2.86721e-01
9.16100e+03 2.88425e-01
9.16200e+03 2.90094e-01
9.16300e+03 2.91730e-01
9.16400e+03 2.93331e-01
9.16500e+03 2.94899e-01
9.16600e+03 2.93450e-01
9.16700e+03 2.92000e-01
9.16800e+03 2.90550e-01
9.16900e+03 2.89078e-01
9.17000e+03 2.87606e-01
9.17100e+03 2.83920e-01
9.17200e+03 2.80258e-01
9.17300e+03 2.76621e-01
9.17400e+03 2.73008e-01
9.17500e+03 2.69421e-01
9.17600e+03 2.67056e-01
9.17700e+03 2.64701e-01
9.17800e+03 2.62357e-01
9.17900e+03 2.60023e-01
9.18000e+03 2.57700e-01
9.18100e+03 2.57699e-01
9.18200e+03 2.57681e-01
9.18300e+03 2.57645e-01
9.18400e+03 2.57591e-01
9.18500e+03 2.57500e-01
9.18600e+03 2.57448e-01
9.18700e+03 2.57398e-01
9.18800e+03 2.57329e-01
9.18900e+03 2.57243e-01
9.19000e+03 2.57138e-01
9.19100e+03 2.56032e-01
9.19200e+03 2.54921e-01
9.19300e+03 2.53805e-01
9.19400e+03 2.52683e-01
9.19500e+03 2.51556e-01
9.19600e+03 2.50000e-01
9.19700e+03 2.48444e-01
9.19800e+03 2.46888e-01
9.19900e+03 2.45331e-01
9.20000e+03 2.43774e-01
9.20100e+03 2.42838e-01
9.20200e+03 2.41894e-01
9.20300e+03 2.40961e-01
9.20400e+03 2.40019e-01
9.20500e+03 2.39069e-01
9.20600e+03 2.37366e-01
9.20700e+03 2.35665e-01
9.20800e+03 2.33967e-01
9.20900e+03 2.32270e-01
9.21000e+03 2.30574e-01
9.21100e+03 2.28325e-01
9.21200e+03 2.26086e-01
9.21300e+03 2.23857e-01
9.21400e+03 2.21639e-01
9.21500e+03 2.19431e-01
9.21600e+03 2.17741e-01
9.21700e+03 2.16053e-01
9.21800e+03 2.14368e-01
9.21900e+03 2.12665e-01
9.22000e+03 2.10964e-01
9.22100e+03 2.09810e-01
9.22200e+03 2.08650e-01
9.22300e+03 2.07485e-01
9.22400e+03 2.06313e-01
9.22500e+03 2.05136e-01
9.22600e+03 2.03442e-01
9.22700e+03 2.01750e-01
9.22800e+03 2.00061e-01
9.22900e+03 1.98374e-01
9.23000e+03 1.96690e-01
9.23100e+03 1.94913e-01
9.23200e+03 1.93139e-01
9.23300e+03 1.91370e-01
9.23400e+03 1.89605e-01
9.23500e+03 1.87824e-01
9.23600e+03 1.85971e-01
9.23700e+03 1.84143e-01
9.23800e+03 1.82321e-01
9.23900e+03 1.80505e-01
9.24000e+03 1.78694e-01
9.24100e+03 1.76918e-01
9.24200e+03 1.75146e-01
9.24300e+03 1.73378e-01
9.24400e+03 1.71615e-01
9.24500e+03 1.69855e-01
9.24600e+03 1.68243e-01
9.24700e+03 1.66631e-01
9.24800e+03 1.65021e-01
9.24900e+03 1.63413e-01
9.25000e+03 1.61805e-01
9.25100e+03 1.60412e-01
9.25200e+03 1.59016e-01
9.25300e+03 1.57637e-01
9.25400e+03 1.56254e-01
9.25500e+03 1.54867e-01
9.25600e+03 1.53413e-01
9.25700e+03 1.51957e-01
9.25800e+03 1.50500e-01
9.25900e+03 1.49041e-01
9.26000e+03 1.47581e-01
9.26100e+03 1.46089e-01
9.26200e+03 1.44597e-01
9.26300e+03 1.43105e-01
9.26400e+03 1.41613e-01
9.26500e+03 1.40123e-01
9.26600e+03 1.38720e-01
9.26700e+03 1.37316e-01
9.26800e+03 1.35910e-01
9.26900e+03 1.34482e-01
9.27000e+03 1.33053e-01
9.27100e+03 1.30794e-01
9.27200e+03 1.28554e-01
9.27300e+03 1.26332e-01
9.27400e+03 1.24129e-01
9.27500e+03 1.21944e-01
9.27600e+03 1.19519e-01
9.27700e+03 1.17119e-01
9.27800e+03 1.14744e-01
9.27900e+03 1.12393e-01
9.28000e+03 1.10068e-01
9.28100e+03 1.08462e-01
9.28200e+03 1.06863e-01
9.28300e+03 1.05270e-01
9.28400e+03 1.03683e-01
9.28500e+03 1.02084e-01
9.28600e+03 1.00379e-01
9.28700e+03 9.87008e-02
9.28800e+03 9.70325e-02
9.28900e+03 9.53734e-02
9.29000e+03 9.37233e-02
9.29100e+03 9.18973e-02
9.29200e+03 9.00856e-02
9.29300e+03 8.82881e-02
9.29400e+03 8.65046e-02
9.29500e+03 8.47351e-02
9.29600e+03 8.26298e-02
9.29700e+03 8.05500e-02
9.29800e+03 7.84955e-02
9.29900e+03 7.64663e-02
9.30000e+03 7.44625e-02
9.30100e+03 7.25446e-02
9.30200e+03 7.06494e-02
9.30300e+03 6.87932e-02
9.30400e+03 6.69596e-02
9.30500e+03 6.51485e-02
9.30600e+03 6.33764e-02
9.30700e+03 6.16264e-02
9.30800e+03 5.98985e-02
9.30900e+03 5.81928e-02
9.31000e+03 5.65093e-02
9.31100e+03 5.47809e-02
9.31200e+03 5.30779e-02
9.31300e+03 5.14003e-02
9.31400e+03 4.97483e-02
9.31500e+03 4.81217e-02
9.31600e+03 4.60874e-02
9.31700e+03 4.40988e-02
9.31800e+03 4.21558e-02
9.31900e+03 4.02451e-02
9.32000e+03 3.83803e-02
9.32100e+03 3.70845e-02
9.32200e+03 3.58066e-02
9.32300e+03 3.45465e-02
9.32400e+03 3.33042e-02
9.32500e+03 3.20797e-02
9.32600e+03 3.11943e-02
9.32700e+03 3.03071e-02
9.32800e+03 2.94181e-02
9.32900e+03 2.85272e-02
9.33000e+03 2.76345e-02
9.33100e+03 2.65254e-02
9.33200e+03 2.54297e-02
9.33300e+03 2.43474e-02
9.33400e+03 2.32783e-02
9.33500e+03 2.24355e-02
9.33600e+03 2.12302e-02
9.33700e+03 2.02838e-02
9.33800e+03 1.93597e-02
9.33900e+03 1.84472e-02
9.34000e+03 1.75576e-02
9.34100e+03 1.69884e-02
9.34200e+03 1.64278e-02
9.34300e+03 1.58659e-02
9.34400e+03 1.53129e-02
9.34500e+03 1.47687e-02
9.34600e+03 1.48423e-02
9.34700e+03 1.49023e-02
9.34800e+03 1.49389e-02
9.34900e+03 1.49411e-02
9.35000e+03 1.49195e-02
9.35100e+03 1.46120e-02
9.35200e+03 1.42979e-02
9.35300e+03 1.39655e-02
9.35400e+03 1.36265e-02
9.35500e+03 1.32924e-02
9.35600e+03 1.27436e-02
9.35700e+03 1.21910e-02
9.35800e+03 1.16464e-02
9.35900e+03 1.11212e-02
9.36000e+03 1.06037e-02
9.36100e+03 1.02037e-02
9.36200e+03 9.80121e-03
9.36300e+03 9.39626e-03
9.36400e+03 8.98884e-03
9.36500e+03 8.59039e-03
9.36600e+03 8.11647e-03
9.36700e+03 7.63658e-03
9.36800e+03 7.16216e-03
9.36900e+03 6.70433e-03
9.37000e+03 6.25181e-03
9.37100e+03 5.88652e-03
9.37200e+03 5.51304e-03
9.37300e+03 5.14280e-03
9.37400e+03 4.76463e-03
9.37500e+03 4.36694e-03
9.37600e+03 3.93705e-03
9.37700e+03 3.50456e-03
9.37800e+03 3.06947e-03
9.37900e+03 2.64356e-03
9.38000e+03 2.21515e-03
9.38100e+03 1.77378e-03
9.38200e+03 1.32917e-03
9.38300e+03 8.93246e-04
9.38400e+03 4.54184e-04
9.38500e+03 2.27893e-04
