# Filter name : LSST/LSST.u
# Description : LSST u filter (full)
# Photometric system : LSST
# FilterType : photon
# Band name : ------
# Observatory : LSST
# Instrument : LSST
# Comments : Full throughput: system - mirrors, lenses, filter, detector, and the zenith atmosphere. Aerosols added to atmosphere Version 1.5 
# 
3.20000e+03 1.42955e-14
3.20100e+03 3.29250e-04
3.20200e+03 6.89039e-04
3.20300e+03 1.08052e-03
3.20400e+03 1.50487e-03
3.20500e+03 1.96306e-03
3.20600e+03 2.46043e-03
3.20700e+03 2.99616e-03
3.20800e+03 3.57141e-03
3.20900e+03 4.18758e-03
3.21000e+03 4.84612e-03
3.21100e+03 5.03438e-03
3.21200e+03 5.22642e-03
3.21300e+03 5.42225e-03
3.21400e+03 5.62193e-03
3.21500e+03 5.82488e-03
3.21600e+03 5.99151e-03
3.21700e+03 6.16014e-03
3.21800e+03 6.33014e-03
3.21900e+03 6.50151e-03
3.22000e+03 6.67423e-03
3.22100e+03 6.87599e-03
3.22200e+03 7.08027e-03
3.22300e+03 7.28709e-03
3.22400e+03 7.49645e-03
3.22500e+03 7.70762e-03
3.22600e+03 7.98810e-03
3.22700e+03 8.27566e-03
3.22800e+03 8.56967e-03
3.22900e+03 8.87021e-03
3.23000e+03 9.17736e-03
3.23100e+03 9.53099e-03
3.23200e+03 9.89311e-03
3.23300e+03 1.02638e-02
3.23400e+03 1.06433e-02
3.23500e+03 1.10305e-02
3.23600e+03 1.13560e-02
3.23700e+03 1.16879e-02
3.23800e+03 1.20255e-02
3.23900e+03 1.23686e-02
3.24000e+03 1.27174e-02
3.24100e+03 1.29966e-02
3.24200e+03 1.32776e-02
3.24300e+03 1.35605e-02
3.24400e+03 1.38451e-02
3.24500e+03 1.41304e-02
3.24600e+03 1.44106e-02
3.24700e+03 1.46933e-02
3.24800e+03 1.49775e-02
3.24900e+03 1.52630e-02
3.25000e+03 1.55500e-02
3.25100e+03 1.59505e-02
3.25200e+03 1.63568e-02
3.25300e+03 1.67690e-02
3.25400e+03 1.71871e-02
3.25500e+03 1.76098e-02
3.25600e+03 1.81152e-02
3.25700e+03 1.86313e-02
3.25800e+03 1.91567e-02
3.25900e+03 1.96916e-02
3.26000e+03 2.02359e-02
3.26100e+03 2.07725e-02
3.26200e+03 2.13180e-02
3.26300e+03 2.18725e-02
3.26400e+03 2.24360e-02
3.26500e+03 2.30070e-02
3.26600e+03 2.34725e-02
3.26700e+03 2.39446e-02
3.26800e+03 2.44216e-02
3.26900e+03 2.49036e-02
3.27000e+03 2.53905e-02
3.27100e+03 2.58109e-02
3.27200e+03 2.62334e-02
3.27300e+03 2.66581e-02
3.27400e+03 2.70849e-02
3.27500e+03 2.75119e-02
3.27600e+03 2.79659e-02
3.27700e+03 2.84249e-02
3.27800e+03 2.88868e-02
3.27900e+03 2.93516e-02
3.28000e+03 2.98194e-02
3.28100e+03 3.04657e-02
3.28200e+03 3.11208e-02
3.28300e+03 3.17850e-02
3.28400e+03 3.24583e-02
3.28500e+03 3.31384e-02
3.28600e+03 3.39019e-02
3.28700e+03 3.46792e-02
3.28800e+03 3.54683e-02
3.28900e+03 3.62692e-02
3.29000e+03 3.70822e-02
3.29100e+03 3.77832e-02
3.29200e+03 3.84928e-02
3.29300e+03 3.92109e-02
3.29400e+03 3.99376e-02
3.29500e+03 4.06704e-02
3.29600e+03 4.12735e-02
3.29700e+03 4.18840e-02
3.29800e+03 4.24991e-02
3.29900e+03 4.31191e-02
3.30000e+03 4.37438e-02
3.30100e+03 4.42725e-02
3.30200e+03 4.48036e-02
3.30300e+03 4.53372e-02
3.30400e+03 4.58732e-02
3.30500e+03 4.64089e-02
3.30600e+03 4.70065e-02
3.30700e+03 4.76111e-02
3.30800e+03 4.82196e-02
3.30900e+03 4.88320e-02
3.31000e+03 4.94485e-02
3.31100e+03 5.01927e-02
3.31200e+03 5.09443e-02
3.31300e+03 5.16181e-02
3.31400e+03 5.22976e-02
3.31500e+03 5.29578e-02
3.31600e+03 5.37352e-02
3.31700e+03 5.45169e-02
3.31800e+03 5.53061e-02
3.31900e+03 5.61028e-02
3.32000e+03 5.69071e-02
3.32100e+03 5.75908e-02
3.32200e+03 5.82800e-02
3.32300e+03 5.89711e-02
3.32400e+03 5.96677e-02
3.32500e+03 6.03731e-02
3.32600e+03 6.09612e-02
3.32700e+03 6.15491e-02
3.32800e+03 6.21403e-02
3.32900e+03 6.27348e-02
3.33000e+03 6.33326e-02
3.33100e+03 6.37855e-02
3.33200e+03 6.42394e-02
3.33300e+03 6.46908e-02
3.33400e+03 6.51432e-02
3.33500e+03 6.56004e-02
3.33600e+03 6.61385e-02
3.33700e+03 6.66749e-02
3.33800e+03 6.72135e-02
3.33900e+03 6.77545e-02
3.34000e+03 6.82979e-02
3.34100e+03 6.90058e-02
3.34200e+03 6.97192e-02
3.34300e+03 7.04341e-02
3.34400e+03 7.11545e-02
3.34500e+03 7.18846e-02
3.34600e+03 7.26493e-02
3.34700e+03 7.33801e-02
3.34800e+03 7.41165e-02
3.34900e+03 7.47479e-02
3.35000e+03 7.53832e-02
3.35100e+03 7.59031e-02
3.35200e+03 7.64258e-02
3.35300e+03 7.69514e-02
3.35400e+03 7.74799e-02
3.35500e+03 7.80112e-02
3.35600e+03 7.84539e-02
3.35700e+03 7.88984e-02
3.35800e+03 7.93447e-02
3.35900e+03 7.97927e-02
3.36000e+03 8.02423e-02
3.36100e+03 8.05783e-02
3.36200e+03 8.09146e-02
3.36300e+03 8.12514e-02
3.36400e+03 8.15883e-02
3.36500e+03 8.19253e-02
3.36600e+03 8.22621e-02
3.36700e+03 8.25993e-02
3.36800e+03 8.29369e-02
3.36900e+03 8.32749e-02
3.37000e+03 8.36133e-02
3.37100e+03 8.39902e-02
3.37200e+03 8.43680e-02
3.37300e+03 8.47467e-02
3.37400e+03 8.51264e-02
3.37500e+03 8.55070e-02
3.37600e+03 8.60550e-02
3.37700e+03 8.66052e-02
3.37800e+03 8.71578e-02
3.37900e+03 8.77125e-02
3.38000e+03 8.82696e-02
3.38100e+03 8.87991e-02
3.38200e+03 8.93306e-02
3.38300e+03 8.98642e-02
3.38400e+03 9.03998e-02
3.38500e+03 9.09374e-02
3.38600e+03 9.13734e-02
3.38700e+03 9.18109e-02
3.38800e+03 9.22497e-02
3.38900e+03 9.26899e-02
3.39000e+03 9.31312e-02
3.39100e+03 9.35319e-02
3.39200e+03 9.39335e-02
3.39300e+03 9.43359e-02
3.39400e+03 9.47390e-02
3.39500e+03 9.51430e-02
3.39600e+03 9.54759e-02
3.39700e+03 9.58090e-02
3.39800e+03 9.61422e-02
3.39900e+03 9.64757e-02
3.40000e+03 9.68093e-02
3.40100e+03 9.71786e-02
3.40200e+03 9.75485e-02
3.40300e+03 9.79190e-02
3.40400e+03 9.82901e-02
3.40500e+03 9.86619e-02
3.40600e+03 9.91083e-02
3.40700e+03 9.95558e-02
3.40800e+03 1.00005e-01
3.40900e+03 1.00455e-01
3.41000e+03 1.00906e-01
3.41100e+03 1.01327e-01
3.41200e+03 1.01749e-01
3.41300e+03 1.02172e-01
3.41400e+03 1.02597e-01
3.41500e+03 1.03023e-01
3.41600e+03 1.03450e-01
3.41700e+03 1.03879e-01
3.41800e+03 1.04309e-01
3.41900e+03 1.04741e-01
3.42000e+03 1.05173e-01
3.42100e+03 1.05581e-01
3.42200e+03 1.05990e-01
3.42300e+03 1.06400e-01
3.42400e+03 1.06810e-01
3.42500e+03 1.07222e-01
3.42600e+03 1.07555e-01
3.42700e+03 1.07890e-01
3.42800e+03 1.08224e-01
3.42900e+03 1.08559e-01
3.43000e+03 1.08894e-01
3.43100e+03 1.09204e-01
3.43200e+03 1.09515e-01
3.43300e+03 1.09826e-01
3.43400e+03 1.10137e-01
3.43500e+03 1.10449e-01
3.43600e+03 1.10762e-01
3.43700e+03 1.11075e-01
3.43800e+03 1.11389e-01
3.43900e+03 1.11704e-01
3.44000e+03 1.12019e-01
3.44100e+03 1.12374e-01
3.44200e+03 1.12729e-01
3.44300e+03 1.13085e-01
3.44400e+03 1.13441e-01
3.44500e+03 1.13798e-01
3.44600e+03 1.14237e-01
3.44700e+03 1.14677e-01
3.44800e+03 1.15118e-01
3.44900e+03 1.15559e-01
3.45000e+03 1.16001e-01
3.45100e+03 1.16393e-01
3.45200e+03 1.16786e-01
3.45300e+03 1.17180e-01
3.45400e+03 1.17573e-01
3.45500e+03 1.17967e-01
3.45600e+03 1.18318e-01
3.45700e+03 1.18670e-01
3.45800e+03 1.19022e-01
3.45900e+03 1.19375e-01
3.46000e+03 1.19728e-01
3.46100e+03 1.20067e-01
3.46200e+03 1.20406e-01
3.46300e+03 1.20746e-01
3.46400e+03 1.21086e-01
3.46500e+03 1.21428e-01
3.46600e+03 1.21770e-01
3.46700e+03 1.22113e-01
3.46800e+03 1.22457e-01
3.46900e+03 1.22801e-01
3.47000e+03 1.23145e-01
3.47100e+03 1.23494e-01
3.47200e+03 1.23842e-01
3.47300e+03 1.24192e-01
3.47400e+03 1.24542e-01
3.47500e+03 1.24893e-01
3.47600e+03 1.25244e-01
3.47700e+03 1.25596e-01
3.47800e+03 1.25948e-01
3.47900e+03 1.26301e-01
3.48000e+03 1.26655e-01
3.48100e+03 1.26997e-01
3.48200e+03 1.27340e-01
3.48300e+03 1.27684e-01
3.48400e+03 1.28028e-01
3.48500e+03 1.28373e-01
3.48600e+03 1.28765e-01
3.48700e+03 1.29157e-01
3.48800e+03 1.29551e-01
3.48900e+03 1.29945e-01
3.49000e+03 1.30340e-01
3.49100e+03 1.30677e-01
3.49200e+03 1.31014e-01
3.49300e+03 1.31351e-01
3.49400e+03 1.31688e-01
3.49500e+03 1.32025e-01
3.49600e+03 1.32361e-01
3.49700e+03 1.32696e-01
3.49800e+03 1.33031e-01
3.49900e+03 1.33366e-01
3.50000e+03 1.33700e-01
3.50100e+03 1.33987e-01
3.50200e+03 1.34274e-01
3.50300e+03 1.34560e-01
3.50400e+03 1.34845e-01
3.50500e+03 1.35130e-01
3.50600e+03 1.35461e-01
3.50700e+03 1.35792e-01
3.50800e+03 1.36123e-01
3.50900e+03 1.36453e-01
3.51000e+03 1.36784e-01
3.51100e+03 1.37048e-01
3.51200e+03 1.37313e-01
3.51300e+03 1.37577e-01
3.51400e+03 1.37842e-01
3.51500e+03 1.38108e-01
3.51600e+03 1.38423e-01
3.51700e+03 1.38737e-01
3.51800e+03 1.39052e-01
3.51900e+03 1.39367e-01
3.52000e+03 1.39683e-01
3.52100e+03 1.40062e-01
3.52200e+03 1.40442e-01
3.52300e+03 1.40823e-01
3.52400e+03 1.41204e-01
3.52500e+03 1.41586e-01
3.52600e+03 1.41920e-01
3.52700e+03 1.42254e-01
3.52800e+03 1.42589e-01
3.52900e+03 1.42925e-01
3.53000e+03 1.43261e-01
3.53100e+03 1.43570e-01
3.53200e+03 1.43879e-01
3.53300e+03 1.44189e-01
3.53400e+03 1.44499e-01
3.53500e+03 1.44810e-01
3.53600e+03 1.45072e-01
3.53700e+03 1.45335e-01
3.53800e+03 1.45597e-01
3.53900e+03 1.45860e-01
3.54000e+03 1.46124e-01
3.54100e+03 1.46458e-01
3.54200e+03 1.46792e-01
3.54300e+03 1.47128e-01
3.54400e+03 1.47463e-01
3.54500e+03 1.47800e-01
3.54600e+03 1.48137e-01
3.54700e+03 1.48475e-01
3.54800e+03 1.48814e-01
3.54900e+03 1.49153e-01
3.55000e+03 1.49493e-01
3.55100e+03 1.49813e-01
3.55200e+03 1.50134e-01
3.55300e+03 1.50455e-01
3.55400e+03 1.50777e-01
3.55500e+03 1.51100e-01
3.55600e+03 1.51423e-01
3.55700e+03 1.51747e-01
3.55800e+03 1.52072e-01
3.55900e+03 1.52397e-01
3.56000e+03 1.52723e-01
3.56100e+03 1.52995e-01
3.56200e+03 1.53268e-01
3.56300e+03 1.53541e-01
3.56400e+03 1.53814e-01
3.56500e+03 1.54087e-01
3.56600e+03 1.54412e-01
3.56700e+03 1.54737e-01
3.56800e+03 1.55062e-01
3.56900e+03 1.55388e-01
3.57000e+03 1.55714e-01
3.57100e+03 1.56038e-01
3.57200e+03 1.56362e-01
3.57300e+03 1.56686e-01
3.57400e+03 1.57011e-01
3.57500e+03 1.57336e-01
3.57600e+03 1.57661e-01
3.57700e+03 1.57987e-01
3.57800e+03 1.58314e-01
3.57900e+03 1.58640e-01
3.58000e+03 1.58968e-01
3.58100e+03 1.59302e-01
3.58200e+03 1.59637e-01
3.58300e+03 1.59973e-01
3.58400e+03 1.60309e-01
3.58500e+03 1.60645e-01
3.58600e+03 1.60929e-01
3.58700e+03 1.61213e-01
3.58800e+03 1.61497e-01
3.58900e+03 1.61782e-01
3.59000e+03 1.62067e-01
3.59100e+03 1.62392e-01
3.59200e+03 1.62718e-01
3.59300e+03 1.63045e-01
3.59400e+03 1.63372e-01
3.59500e+03 1.63700e-01
3.59600e+03 1.64029e-01
3.59700e+03 1.64358e-01
3.59800e+03 1.64688e-01
3.59900e+03 1.65019e-01
3.60000e+03 1.65350e-01
3.60100e+03 1.65616e-01
3.60200e+03 1.65882e-01
3.60300e+03 1.66149e-01
3.60400e+03 1.66416e-01
3.60500e+03 1.66684e-01
3.60600e+03 1.67006e-01
3.60700e+03 1.67329e-01
3.60800e+03 1.67653e-01
3.60900e+03 1.67977e-01
3.61000e+03 1.68302e-01
3.61100e+03 1.68639e-01
3.61200e+03 1.68977e-01
3.61300e+03 1.69315e-01
3.61400e+03 1.69653e-01
3.61500e+03 1.69992e-01
3.61600e+03 1.70331e-01
3.61700e+03 1.70671e-01
3.61800e+03 1.71012e-01
3.61900e+03 1.71353e-01
3.62000e+03 1.71694e-01
3.62100e+03 1.71974e-01
3.62200e+03 1.72255e-01
3.62300e+03 1.72536e-01
3.62400e+03 1.72817e-01
3.62500e+03 1.73098e-01
3.62600e+03 1.73436e-01
3.62700e+03 1.73773e-01
3.62800e+03 1.74111e-01
3.62900e+03 1.74450e-01
3.63000e+03 1.74788e-01
3.63100e+03 1.75122e-01
3.63200e+03 1.75457e-01
3.63300e+03 1.75792e-01
3.63400e+03 1.76127e-01
3.63500e+03 1.76462e-01
3.63600e+03 1.76742e-01
3.63700e+03 1.77021e-01
3.63800e+03 1.77301e-01
3.63900e+03 1.77582e-01
3.64000e+03 1.77863e-01
3.64100e+03 1.78192e-01
3.64200e+03 1.78522e-01
3.64300e+03 1.78853e-01
3.64400e+03 1.79184e-01
3.64500e+03 1.79515e-01
3.64600e+03 1.79847e-01
3.64700e+03 1.80180e-01
3.64800e+03 1.80512e-01
3.64900e+03 1.80846e-01
3.65000e+03 1.81179e-01
3.65100e+03 1.81456e-01
3.65200e+03 1.81732e-01
3.65300e+03 1.82009e-01
3.65400e+03 1.82286e-01
3.65500e+03 1.82564e-01
3.65600e+03 1.82899e-01
3.65700e+03 1.83234e-01
3.65800e+03 1.83569e-01
3.65900e+03 1.83905e-01
3.66000e+03 1.84241e-01
3.66100e+03 1.84571e-01
3.66200e+03 1.84902e-01
3.66300e+03 1.85233e-01
3.66400e+03 1.85565e-01
3.66500e+03 1.85897e-01
3.66600e+03 1.86172e-01
3.66700e+03 1.86447e-01
3.66800e+03 1.86722e-01
3.66900e+03 1.86998e-01
3.67000e+03 1.87274e-01
3.67100e+03 1.87607e-01
3.67200e+03 1.87942e-01
3.67300e+03 1.88276e-01
3.67400e+03 1.88611e-01
3.67500e+03 1.88946e-01
3.67600e+03 1.89282e-01
3.67700e+03 1.89618e-01
3.67800e+03 1.89955e-01
3.67900e+03 1.90291e-01
3.68000e+03 1.90628e-01
3.68100e+03 1.90907e-01
3.68200e+03 1.91186e-01
3.68300e+03 1.91465e-01
3.68400e+03 1.91744e-01
3.68500e+03 1.92024e-01
3.68600e+03 1.92363e-01
3.68700e+03 1.92704e-01
3.68800e+03 1.93044e-01
3.68900e+03 1.93385e-01
3.69000e+03 1.93726e-01
3.69100e+03 1.94000e-01
3.69200e+03 1.94273e-01
3.69300e+03 1.94546e-01
3.69400e+03 1.94819e-01
3.69500e+03 1.95092e-01
3.69600e+03 1.95424e-01
3.69700e+03 1.95757e-01
3.69800e+03 1.96088e-01
3.69900e+03 1.96420e-01
3.70000e+03 1.96751e-01
3.70100e+03 1.97076e-01
3.70200e+03 1.97402e-01
3.70300e+03 1.97727e-01
3.70400e+03 1.98051e-01
3.70500e+03 1.98375e-01
3.70600e+03 1.98638e-01
3.70700e+03 1.98900e-01
3.70800e+03 1.99162e-01
3.70900e+03 1.99423e-01
3.71000e+03 1.99684e-01
3.71100e+03 2.00000e-01
3.71200e+03 2.00316e-01
3.71300e+03 2.00632e-01
3.71400e+03 2.00949e-01
3.71500e+03 2.01266e-01
3.71600e+03 2.01522e-01
3.71700e+03 2.01778e-01
3.71800e+03 2.02034e-01
3.71900e+03 2.02290e-01
3.72000e+03 2.02546e-01
3.72100e+03 2.02857e-01
3.72200e+03 2.03168e-01
3.72300e+03 2.03479e-01
3.72400e+03 2.03790e-01
3.72500e+03 2.04102e-01
3.72600e+03 2.04351e-01
3.72700e+03 2.04601e-01
3.72800e+03 2.04851e-01
3.72900e+03 2.05101e-01
3.73000e+03 2.05352e-01
3.73100e+03 2.05671e-01
3.73200e+03 2.05990e-01
3.73300e+03 2.06310e-01
3.73400e+03 2.06630e-01
3.73500e+03 2.06951e-01
3.73600e+03 2.07209e-01
3.73700e+03 2.07467e-01
3.73800e+03 2.07725e-01
3.73900e+03 2.07984e-01
3.74000e+03 2.08243e-01
3.74100e+03 2.08553e-01
3.74200e+03 2.08864e-01
3.74300e+03 2.09176e-01
3.74400e+03 2.09488e-01
3.74500e+03 2.09802e-01
3.74600e+03 2.10053e-01
3.74700e+03 2.10305e-01
3.74800e+03 2.10558e-01
3.74900e+03 2.10813e-01
3.75000e+03 2.11068e-01
3.75100e+03 2.11391e-01
3.75200e+03 2.11715e-01
3.75300e+03 2.12041e-01
3.75400e+03 2.12367e-01
3.75500e+03 2.12695e-01
3.75600e+03 2.12960e-01
3.75700e+03 2.13225e-01
3.75800e+03 2.13492e-01
3.75900e+03 2.13759e-01
3.76000e+03 2.14027e-01
3.76100e+03 2.14354e-01
3.76200e+03 2.14683e-01
3.76300e+03 2.15011e-01
3.76400e+03 2.15340e-01
3.76500e+03 2.15669e-01
3.76600e+03 2.15933e-01
3.76700e+03 2.16198e-01
3.76800e+03 2.16463e-01
3.76900e+03 2.16728e-01
3.77000e+03 2.16994e-01
3.77100e+03 2.17314e-01
3.77200e+03 2.17634e-01
3.77300e+03 2.17955e-01
3.77400e+03 2.18276e-01
3.77500e+03 2.18598e-01
3.77600e+03 2.18854e-01
3.77700e+03 2.19111e-01
3.77800e+03 2.19368e-01
3.77900e+03 2.19625e-01
3.78000e+03 2.19882e-01
3.78100e+03 2.20199e-01
3.78200e+03 2.20516e-01
3.78300e+03 2.20833e-01
3.78400e+03 2.21151e-01
3.78500e+03 2.21468e-01
3.78600e+03 2.21720e-01
3.78700e+03 2.21972e-01
3.78800e+03 2.22223e-01
3.78900e+03 2.22475e-01
3.79000e+03 2.22727e-01
3.79100e+03 2.22975e-01
3.79200e+03 2.23222e-01
3.79300e+03 2.23139e-01
3.79400e+03 2.23055e-01
3.79500e+03 2.22848e-01
3.79600e+03 2.22706e-01
3.79700e+03 2.22575e-01
3.79800e+03 2.22444e-01
3.79900e+03 2.22312e-01
3.80000e+03 2.22179e-01
3.80100e+03 2.21979e-01
3.80200e+03 2.21778e-01
3.80300e+03 2.21588e-01
3.80400e+03 2.21398e-01
3.80500e+03 2.21195e-01
3.80600e+03 2.21056e-01
3.80700e+03 2.20928e-01
3.80800e+03 2.20799e-01
3.80900e+03 2.20669e-01
3.81000e+03 2.20538e-01
3.81100e+03 2.20323e-01
3.81200e+03 2.20107e-01
3.81300e+03 2.19903e-01
3.81400e+03 2.19698e-01
3.81500e+03 2.19480e-01
3.81600e+03 2.19325e-01
3.81700e+03 2.19182e-01
3.81800e+03 2.19037e-01
3.81900e+03 2.18892e-01
3.82000e+03 2.18746e-01
3.82100e+03 2.18514e-01
3.82200e+03 2.18280e-01
3.82300e+03 2.18059e-01
3.82400e+03 2.17837e-01
3.82500e+03 2.17601e-01
3.82600e+03 2.17429e-01
3.82700e+03 2.17152e-01
3.82800e+03 2.16875e-01
3.82900e+03 2.16236e-01
3.83000e+03 2.15594e-01
3.83100e+03 2.14876e-01
3.83200e+03 2.14156e-01
3.83300e+03 2.13434e-01
3.83400e+03 2.12710e-01
3.83500e+03 2.11997e-01
3.83600e+03 2.11282e-01
3.83700e+03 2.10552e-01
3.83800e+03 2.09820e-01
3.83900e+03 2.09086e-01
3.84000e+03 2.08349e-01
3.84100e+03 2.07625e-01
3.84200e+03 2.06899e-01
3.84300e+03 2.06170e-01
3.84400e+03 2.05440e-01
3.84500e+03 2.04720e-01
3.84600e+03 2.04057e-01
3.84700e+03 2.03378e-01
3.84800e+03 2.02697e-01
3.84900e+03 2.02013e-01
3.85000e+03 2.01326e-01
3.85100e+03 2.00558e-01
3.85200e+03 1.99788e-01
3.85300e+03 1.99015e-01
3.85400e+03 1.98241e-01
3.85500e+03 1.97479e-01
3.85600e+03 1.96771e-01
3.85700e+03 1.96047e-01
3.85800e+03 1.95321e-01
3.85900e+03 1.94593e-01
3.86000e+03 1.93862e-01
3.86100e+03 1.93085e-01
3.86200e+03 1.92307e-01
3.86300e+03 1.91527e-01
3.86400e+03 1.90744e-01
3.86500e+03 1.89974e-01
3.86600e+03 1.89202e-01
3.86700e+03 1.88414e-01
3.86800e+03 1.87625e-01
3.86900e+03 1.86834e-01
3.87000e+03 1.86041e-01
3.87100e+03 1.85291e-01
3.87200e+03 1.84539e-01
3.87300e+03 1.83785e-01
3.87400e+03 1.83029e-01
3.87500e+03 1.82283e-01
3.87600e+03 1.81484e-01
3.87700e+03 1.80669e-01
3.87800e+03 1.79853e-01
3.87900e+03 1.79034e-01
3.88000e+03 1.78214e-01
3.88100e+03 1.77392e-01
3.88200e+03 1.76567e-01
3.88300e+03 1.75741e-01
3.88400e+03 1.74913e-01
3.88500e+03 1.74097e-01
3.88600e+03 1.73329e-01
3.88700e+03 1.72544e-01
3.88800e+03 1.71757e-01
3.88900e+03 1.70967e-01
3.89000e+03 1.70176e-01
3.89100e+03 1.69324e-01
3.89200e+03 1.68470e-01
3.89300e+03 1.67615e-01
3.89400e+03 1.66759e-01
3.89500e+03 1.65915e-01
3.89600e+03 1.65070e-01
3.89700e+03 1.64209e-01
3.89800e+03 1.63347e-01
3.89900e+03 1.62483e-01
3.90000e+03 1.61618e-01
3.90100e+03 1.60805e-01
3.90200e+03 1.59990e-01
3.90300e+03 1.59173e-01
3.90400e+03 1.58354e-01
3.90500e+03 1.57546e-01
3.90600e+03 1.56693e-01
3.90700e+03 1.55824e-01
3.90800e+03 1.54954e-01
3.90900e+03 1.54082e-01
3.91000e+03 1.53208e-01
3.91100e+03 1.52321e-01
3.91200e+03 1.51432e-01
3.91300e+03 1.50541e-01
3.91400e+03 1.49649e-01
3.91500e+03 1.48769e-01
3.91600e+03 1.47887e-01
3.91700e+03 1.46990e-01
3.91800e+03 1.46091e-01
3.91900e+03 1.45190e-01
3.92000e+03 1.44287e-01
3.92100e+03 1.43425e-01
3.92200e+03 1.42561e-01
3.92300e+03 1.41695e-01
3.92400e+03 1.40826e-01
3.92500e+03 1.39969e-01
3.92600e+03 1.39070e-01
3.92700e+03 1.38156e-01
3.92800e+03 1.37239e-01
3.92900e+03 1.36320e-01
3.93000e+03 1.35400e-01
3.93100e+03 1.34481e-01
3.93200e+03 1.33561e-01
3.93300e+03 1.32638e-01
3.93400e+03 1.31713e-01
3.93500e+03 1.30801e-01
3.93600e+03 1.29923e-01
3.93700e+03 1.29028e-01
3.93800e+03 1.28131e-01
3.93900e+03 1.27231e-01
3.94000e+03 1.26329e-01
3.94100e+03 1.25387e-01
3.94200e+03 1.24444e-01
3.94300e+03 1.23499e-01
3.94400e+03 1.22552e-01
3.94500e+03 1.21619e-01
3.94600e+03 1.20683e-01
3.94700e+03 1.19732e-01
3.94800e+03 1.18778e-01
3.94900e+03 1.17824e-01
3.95000e+03 1.16867e-01
3.95100e+03 1.15901e-01
3.95200e+03 1.14934e-01
3.95300e+03 1.13966e-01
3.95400e+03 1.12996e-01
3.95500e+03 1.12039e-01
3.95600e+03 1.11081e-01
3.95700e+03 1.10107e-01
3.95800e+03 1.09131e-01
3.95900e+03 1.08154e-01
3.96000e+03 1.07176e-01
3.96100e+03 1.06226e-01
3.96200e+03 1.05274e-01
3.96300e+03 1.04319e-01
3.96400e+03 1.03362e-01
3.96500e+03 1.02417e-01
3.96600e+03 1.01441e-01
3.96700e+03 1.00449e-01
3.96800e+03 9.94539e-02
3.96900e+03 9.84571e-02
3.97000e+03 9.74581e-02
3.97100e+03 9.64591e-02
3.97200e+03 9.54579e-02
3.97300e+03 9.44543e-02
3.97400e+03 9.34483e-02
3.97500e+03 9.24549e-02
3.97600e+03 9.14592e-02
3.97700e+03 9.04462e-02
3.97800e+03 8.94310e-02
3.97900e+03 8.84136e-02
3.98000e+03 8.73940e-02
3.98100e+03 8.63691e-02
3.98200e+03 8.53422e-02
3.98300e+03 8.43134e-02
3.98400e+03 8.32828e-02
3.98500e+03 8.22654e-02
3.98600e+03 8.12687e-02
3.98700e+03 8.02545e-02
3.98800e+03 7.92378e-02
3.98900e+03 7.82187e-02
3.99000e+03 7.71972e-02
3.99100e+03 7.61520e-02
3.99200e+03 7.51051e-02
3.99300e+03 7.40564e-02
3.99400e+03 7.30061e-02
3.99500e+03 7.19693e-02
3.99600e+03 7.09308e-02
3.99700e+03 6.98754e-02
3.99800e+03 6.88182e-02
3.99900e+03 6.77593e-02
4.00000e+03 6.66987e-02
4.00100e+03 6.56329e-02
4.00200e+03 6.45655e-02
4.00300e+03 6.34965e-02
4.00400e+03 6.24258e-02
4.00500e+03 6.13688e-02
4.00600e+03 6.03101e-02
4.00700e+03 5.92345e-02
4.00800e+03 5.81573e-02
4.00900e+03 5.70784e-02
4.01000e+03 5.59979e-02
4.01100e+03 5.49295e-02
4.01200e+03 5.38589e-02
4.01300e+03 5.27861e-02
4.01400e+03 5.17111e-02
4.01500e+03 5.06494e-02
4.01600e+03 4.95720e-02
4.01700e+03 4.84775e-02
4.01800e+03 4.73814e-02
4.01900e+03 4.62836e-02
4.02000e+03 4.51843e-02
4.02100e+03 4.40854e-02
4.02200e+03 4.29847e-02
4.02300e+03 4.18823e-02
4.02400e+03 4.07782e-02
4.02500e+03 3.96880e-02
4.02600e+03 3.85960e-02
4.02700e+03 3.74868e-02
4.02800e+03 3.63758e-02
4.02900e+03 3.52631e-02
4.03000e+03 3.41487e-02
4.03100e+03 3.30334e-02
4.03200e+03 3.19163e-02
4.03300e+03 3.07974e-02
4.03400e+03 2.96767e-02
4.03500e+03 2.88524e-02
4.03600e+03 2.80269e-02
4.03700e+03 2.74673e-02
4.03800e+03 2.69068e-02
4.03900e+03 2.63611e-02
4.04000e+03 2.58146e-02
4.04100e+03 2.52642e-02
4.04200e+03 2.47131e-02
4.04300e+03 2.41455e-02
4.04400e+03 2.35770e-02
4.04500e+03 2.30236e-02
4.04600e+03 2.24755e-02
4.04700e+03 2.19106e-02
4.04800e+03 2.13445e-02
4.04900e+03 2.07932e-02
4.05000e+03 2.02408e-02
4.05100e+03 1.96829e-02
4.05200e+03 1.91242e-02
4.05300e+03 1.85487e-02
4.05400e+03 1.79725e-02
4.05500e+03 1.74113e-02
4.05600e+03 1.68493e-02
4.05700e+03 1.62706e-02
4.05800e+03 1.56910e-02
4.05900e+03 1.51265e-02
4.06000e+03 1.45613e-02
4.06100e+03 1.39955e-02
4.06200e+03 1.34289e-02
4.06300e+03 1.28455e-02
4.06400e+03 1.22611e-02
4.06500e+03 1.16920e-02
4.06600e+03 1.11220e-02
4.06700e+03 1.05351e-02
4.06800e+03 9.94727e-03
4.06900e+03 9.37471e-03
4.07000e+03 8.80130e-03
4.07100e+03 8.22666e-03
4.07200e+03 7.65122e-03
4.07300e+03 7.05883e-03
4.07400e+03 6.46562e-03
4.07500e+03 5.88776e-03
4.07600e+03 5.30911e-03
4.07700e+03 4.71345e-03
4.07800e+03 4.11698e-03
4.07900e+03 3.53590e-03
4.08000e+03 2.95402e-03
4.08100e+03 2.37139e-03
4.08200e+03 1.78794e-03
4.08300e+03 1.18739e-03
4.08400e+03 5.85977e-04
4.08500e+03 2.93197e-04
