# Filter name : Subaru/Suprime.IB574
# Description : Suprime IB574 filter  (full transmission)
# Photometric system : Suprime
# FilterType : photon
# Band name : ------
# Observatory : Subaru
# Instrument : Suprime
# Comments : ------
# 
5.41750e+03 1.13223e-03
5.41800e+03 1.86766e-03
5.41850e+03 1.58490e-03
5.41900e+03 1.30214e-03
5.41950e+03 1.01936e-03
5.42000e+03 1.30242e-03
5.42050e+03 1.30261e-03
5.42100e+03 1.58582e-03
5.42150e+03 1.86907e-03
5.42200e+03 1.58620e-03
5.42250e+03 1.30326e-03
5.42300e+03 1.30339e-03
5.42350e+03 1.30351e-03
5.42400e+03 1.30363e-03
5.42450e+03 1.30373e-03
5.42500e+03 1.58704e-03
5.42550e+03 1.58711e-03
5.42600e+03 0.00000e+00
5.42650e+03 0.00000e+00
5.42700e+03 1.13401e-03
5.42750e+03 1.41733e-03
5.42800e+03 1.13410e-03
5.42850e+03 0.00000e+00
5.42900e+03 0.00000e+00
5.42950e+03 0.00000e+00
5.43000e+03 0.00000e+00
5.43050e+03 0.00000e+00
5.43100e+03 1.13482e-03
5.43150e+03 1.13496e-03
5.43200e+03 1.13509e-03
5.43250e+03 0.00000e+00
5.43300e+03 0.00000e+00
5.43350e+03 0.00000e+00
5.43400e+03 0.00000e+00
5.43450e+03 0.00000e+00
5.43500e+03 0.00000e+00
5.43550e+03 0.00000e+00
5.43600e+03 0.00000e+00
5.43650e+03 0.00000e+00
5.43700e+03 0.00000e+00
5.43750e+03 0.00000e+00
5.43800e+03 0.00000e+00
5.43850e+03 0.00000e+00
5.43900e+03 0.00000e+00
5.43950e+03 0.00000e+00
5.44000e+03 0.00000e+00
5.44050e+03 0.00000e+00
5.44100e+03 0.00000e+00
5.44150e+03 0.00000e+00
5.44200e+03 0.00000e+00
5.44250e+03 0.00000e+00
5.44300e+03 0.00000e+00
5.44350e+03 0.00000e+00
5.44400e+03 0.00000e+00
5.44450e+03 0.00000e+00
5.44500e+03 0.00000e+00
5.44550e+03 0.00000e+00
5.44600e+03 0.00000e+00
5.44650e+03 0.00000e+00
5.44700e+03 0.00000e+00
5.44750e+03 0.00000e+00
5.44800e+03 0.00000e+00
5.44850e+03 0.00000e+00
5.44900e+03 0.00000e+00
5.44950e+03 0.00000e+00
5.45000e+03 0.00000e+00
5.45050e+03 0.00000e+00
5.45100e+03 0.00000e+00
5.45150e+03 0.00000e+00
5.45200e+03 0.00000e+00
5.45250e+03 0.00000e+00
5.45300e+03 0.00000e+00
5.45350e+03 0.00000e+00
5.45400e+03 0.00000e+00
5.45450e+03 0.00000e+00
5.45500e+03 0.00000e+00
5.45550e+03 0.00000e+00
5.45600e+03 0.00000e+00
5.45650e+03 0.00000e+00
5.45700e+03 0.00000e+00
5.45750e+03 0.00000e+00
5.45800e+03 0.00000e+00
5.45850e+03 0.00000e+00
5.45900e+03 0.00000e+00
5.45950e+03 0.00000e+00
5.46000e+03 0.00000e+00
5.46050e+03 0.00000e+00
5.46100e+03 0.00000e+00
5.46150e+03 0.00000e+00
5.46200e+03 0.00000e+00
5.46250e+03 0.00000e+00
5.46300e+03 0.00000e+00
5.46350e+03 0.00000e+00
5.46400e+03 0.00000e+00
5.46450e+03 0.00000e+00
5.46500e+03 0.00000e+00
5.46550e+03 0.00000e+00
5.46600e+03 0.00000e+00
5.46650e+03 0.00000e+00
5.46700e+03 0.00000e+00
5.46750e+03 0.00000e+00
5.46800e+03 0.00000e+00
5.46850e+03 0.00000e+00
5.46900e+03 1.02766e-03
5.46950e+03 0.00000e+00
5.47000e+03 0.00000e+00
5.47050e+03 0.00000e+00
5.47100e+03 0.00000e+00
5.47150e+03 0.00000e+00
5.47200e+03 0.00000e+00
5.47250e+03 0.00000e+00
5.47300e+03 0.00000e+00
5.47350e+03 0.00000e+00
5.47400e+03 0.00000e+00
5.47450e+03 0.00000e+00
5.47500e+03 0.00000e+00
5.47550e+03 0.00000e+00
5.47600e+03 0.00000e+00
5.47650e+03 0.00000e+00
5.47700e+03 0.00000e+00
5.47750e+03 0.00000e+00
5.47800e+03 1.14343e-03
5.47850e+03 1.42916e-03
5.47900e+03 0.00000e+00
5.47950e+03 1.42941e-03
5.48000e+03 1.71528e-03
5.48050e+03 1.14395e-03
5.48100e+03 1.42986e-03
5.48150e+03 1.71581e-03
5.48200e+03 1.43014e-03
5.48250e+03 1.43028e-03
5.48300e+03 1.14451e-03
5.48350e+03 1.43052e-03
5.48400e+03 1.14469e-03
5.48450e+03 0.00000e+00
5.48500e+03 0.00000e+00
5.48550e+03 0.00000e+00
5.48600e+03 0.00000e+00
5.48650e+03 0.00000e+00
5.48700e+03 0.00000e+00
5.48750e+03 0.00000e+00
5.48800e+03 0.00000e+00
5.48850e+03 0.00000e+00
5.48900e+03 0.00000e+00
5.48950e+03 0.00000e+00
5.49000e+03 0.00000e+00
5.49050e+03 0.00000e+00
5.49100e+03 0.00000e+00
5.49150e+03 0.00000e+00
5.49200e+03 0.00000e+00
5.49250e+03 0.00000e+00
5.49300e+03 0.00000e+00
5.49350e+03 0.00000e+00
5.49400e+03 0.00000e+00
5.49450e+03 0.00000e+00
5.49500e+03 0.00000e+00
5.49550e+03 0.00000e+00
5.49600e+03 1.14686e-03
5.49650e+03 1.71994e-03
5.49700e+03 2.29310e-03
5.49750e+03 2.86728e-03
5.49800e+03 3.44062e-03
5.49850e+03 3.44088e-03
5.49900e+03 3.15455e-03
5.49950e+03 2.86818e-03
5.50000e+03 2.86844e-03
5.50050e+03 3.15540e-03
5.50100e+03 3.44242e-03
5.50150e+03 3.72949e-03
5.50200e+03 3.44308e-03
5.50250e+03 3.44338e-03
5.50300e+03 2.87004e-03
5.50350e+03 2.58343e-03
5.50400e+03 2.29582e-03
5.50450e+03 2.35337e-03
5.50500e+03 2.06664e-03
5.50550e+03 2.12417e-03
5.50600e+03 2.18171e-03
5.50650e+03 1.89491e-03
5.50700e+03 1.89504e-03
5.50750e+03 1.09156e-03
5.50800e+03 0.00000e+00
5.50850e+03 0.00000e+00
5.50900e+03 0.00000e+00
5.50950e+03 0.00000e+00
5.51000e+03 0.00000e+00
5.51050e+03 0.00000e+00
5.51100e+03 0.00000e+00
5.51150e+03 0.00000e+00
5.51200e+03 0.00000e+00
5.51250e+03 0.00000e+00
5.51300e+03 1.03515e-03
5.51350e+03 0.00000e+00
5.51400e+03 0.00000e+00
5.51450e+03 0.00000e+00
5.51500e+03 0.00000e+00
5.51550e+03 0.00000e+00
5.51600e+03 1.15058e-03
5.51650e+03 1.15066e-03
5.51700e+03 1.49569e-03
5.51750e+03 2.30072e-03
5.51800e+03 2.30090e-03
5.51850e+03 2.30108e-03
5.51900e+03 2.64726e-03
5.51950e+03 2.30146e-03
5.52000e+03 2.99284e-03
5.52050e+03 2.99312e-03
5.52100e+03 2.18705e-03
5.52150e+03 2.53339e-03
5.52200e+03 2.53361e-03
5.52250e+03 2.53382e-03
5.52300e+03 2.87933e-03
5.52350e+03 2.53423e-03
5.52400e+03 2.18814e-03
5.52450e+03 2.18831e-03
5.52500e+03 2.64994e-03
5.52550e+03 1.84320e-03
5.52600e+03 1.78576e-03
5.52650e+03 2.07379e-03
5.52700e+03 2.07395e-03
5.52750e+03 2.36204e-03
5.52800e+03 2.01667e-03
5.52850e+03 2.30481e-03
5.52900e+03 2.30500e-03
5.52950e+03 2.59418e-03
5.53000e+03 2.59441e-03
5.53050e+03 2.88273e-03
5.53100e+03 2.82537e-03
5.53150e+03 3.92054e-03
5.53200e+03 4.67105e-03
5.53250e+03 4.32561e-03
5.53300e+03 3.80624e-03
5.53350e+03 3.80655e-03
5.53400e+03 4.26900e-03
5.53450e+03 4.26933e-03
5.53500e+03 5.01924e-03
5.53550e+03 4.73130e-03
5.53600e+03 5.02000e-03
5.53650e+03 5.02039e-03
5.53700e+03 5.30916e-03
5.53750e+03 5.30957e-03
5.53800e+03 5.30999e-03
5.53850e+03 5.31042e-03
5.53900e+03 5.77338e-03
5.53950e+03 5.31131e-03
5.54000e+03 5.31178e-03
5.54050e+03 6.06345e-03
5.54100e+03 6.52571e-03
5.54150e+03 7.27664e-03
5.54200e+03 7.27725e-03
5.54250e+03 7.74064e-03
5.54300e+03 7.74126e-03
5.54350e+03 8.03056e-03
5.54400e+03 8.49314e-03
5.54450e+03 8.95578e-03
5.54500e+03 9.01421e-03
5.54550e+03 9.53471e-03
5.54600e+03 1.03498e-02
5.54650e+03 1.12124e-02
5.54700e+03 1.16205e-02
5.54750e+03 1.16782e-02
5.54800e+03 1.20864e-02
5.54850e+03 1.24852e-02
5.54900e+03 1.28936e-02
5.54950e+03 1.29516e-02
5.55000e+03 1.30096e-02
5.55050e+03 1.34182e-02
5.55100e+03 1.38269e-02
5.55150e+03 1.38849e-02
5.55200e+03 1.34785e-02
5.55250e+03 1.38872e-02
5.55300e+03 1.38884e-02
5.55350e+03 1.46953e-02
5.55400e+03 1.59765e-02
5.55450e+03 1.59777e-02
5.55500e+03 1.64342e-02
5.55550e+03 1.77157e-02
5.55600e+03 1.81819e-02
5.55650e+03 1.86386e-02
5.55700e+03 1.86400e-02
5.55750e+03 1.89925e-02
5.55800e+03 1.98005e-02
5.55850e+03 2.07320e-02
5.55900e+03 2.11987e-02
5.55950e+03 2.24721e-02
5.56000e+03 2.37458e-02
5.56050e+03 2.42130e-02
5.56100e+03 2.54965e-02
5.56150e+03 2.54987e-02
5.56200e+03 2.50358e-02
5.56250e+03 2.59589e-02
5.56300e+03 2.59611e-02
5.56350e+03 2.64286e-02
5.56400e+03 2.68962e-02
5.56450e+03 2.73637e-02
5.56500e+03 2.82969e-02
5.56550e+03 2.95721e-02
5.56600e+03 2.95744e-02
5.56650e+03 2.95768e-02
5.56700e+03 3.03868e-02
5.56750e+03 3.12064e-02
5.56800e+03 3.24822e-02
5.56850e+03 3.29505e-02
5.56900e+03 3.37609e-02
5.56950e+03 3.45809e-02
5.57000e+03 3.58573e-02
5.57050e+03 3.66681e-02
5.57100e+03 3.74886e-02
5.57150e+03 3.87657e-02
5.57200e+03 3.99860e-02
5.57250e+03 4.12065e-02
5.57300e+03 4.24368e-02
5.57350e+03 4.36577e-02
5.57400e+03 4.56875e-02
5.57450e+03 4.72610e-02
5.57500e+03 4.81402e-02
5.57550e+03 4.90101e-02
5.57600e+03 4.97754e-02
5.57650e+03 5.18066e-02
5.57700e+03 5.26864e-02
5.57750e+03 5.39091e-02
5.57800e+03 5.51318e-02
5.57850e+03 5.63547e-02
5.57900e+03 5.88629e-02
5.57950e+03 6.00860e-02
5.58000e+03 6.08999e-02
5.58050e+03 6.21901e-02
5.58100e+03 6.38234e-02
5.58150e+03 6.47523e-02
5.58200e+03 6.65005e-02
5.58250e+03 6.77918e-02
5.58300e+03 7.03504e-02
5.58350e+03 7.24521e-02
5.58400e+03 7.42017e-02
5.58450e+03 7.59516e-02
5.58500e+03 7.88644e-02
5.58550e+03 8.06150e-02
5.58600e+03 8.27186e-02
5.58650e+03 8.57565e-02
5.58700e+03 8.70408e-02
5.58750e+03 8.91452e-02
5.58800e+03 9.20603e-02
5.58850e+03 9.49758e-02
5.58900e+03 9.71669e-02
5.58950e+03 1.00607e-01
5.59000e+03 1.03190e-01
5.59050e+03 1.06155e-01
5.59100e+03 1.07499e-01
5.59150e+03 1.10464e-01
5.59200e+03 1.14385e-01
5.59250e+03 1.17256e-01
5.59300e+03 1.20319e-01
5.59350e+03 1.23668e-01
5.59400e+03 1.27115e-01
5.59450e+03 1.29225e-01
5.59500e+03 1.33531e-01
5.59550e+03 1.37360e-01
5.59600e+03 1.41190e-01
5.59650e+03 1.44256e-01
5.59700e+03 1.47706e-01
5.59750e+03 1.51060e-01
5.59800e+03 1.54414e-01
5.59850e+03 1.58342e-01
5.59900e+03 1.63321e-01
5.59950e+03 1.68014e-01
5.60000e+03 1.71848e-01
5.60050e+03 1.76542e-01
5.60100e+03 1.81715e-01
5.60150e+03 1.86411e-01
5.60200e+03 1.90726e-01
5.60250e+03 1.95902e-01
5.60300e+03 2.00123e-01
5.60350e+03 2.04249e-01
5.60400e+03 2.08567e-01
5.60450e+03 2.14033e-01
5.60500e+03 2.20359e-01
5.60550e+03 2.25444e-01
5.60600e+03 2.31391e-01
5.60650e+03 2.37338e-01
5.60700e+03 2.43668e-01
5.60750e+03 2.48278e-01
5.60800e+03 2.53368e-01
5.60850e+03 2.57595e-01
5.60900e+03 2.62111e-01
5.60950e+03 2.68923e-01
5.61000e+03 2.75259e-01
5.61050e+03 2.81595e-01
5.61100e+03 2.88411e-01
5.61150e+03 2.94750e-01
5.61200e+03 3.01089e-01
5.61250e+03 3.07431e-01
5.61300e+03 3.13294e-01
5.61350e+03 3.19734e-01
5.61400e+03 3.25312e-01
5.61450e+03 3.31658e-01
5.61500e+03 3.36760e-01
5.61550e+03 3.43969e-01
5.61600e+03 3.51179e-01
5.61650e+03 3.58391e-01
5.61700e+03 3.65220e-01
5.61750e+03 3.71667e-01
5.61800e+03 3.78497e-01
5.61850e+03 3.84945e-01
5.61900e+03 3.91682e-01
5.61950e+03 3.99377e-01
5.62000e+03 4.06307e-01
5.62050e+03 4.14580e-01
5.62100e+03 4.21800e-01
5.62150e+03 4.29885e-01
5.62200e+03 4.40176e-01
5.62250e+03 4.47016e-01
5.62300e+03 4.55585e-01
5.62350e+03 4.64154e-01
5.62400e+03 4.71862e-01
5.62450e+03 4.80914e-01
5.62500e+03 4.88145e-01
5.62550e+03 4.95377e-01
5.62600e+03 5.03377e-01
5.62650e+03 5.11091e-01
5.62700e+03 5.18038e-01
5.62750e+03 5.26521e-01
5.62800e+03 5.35581e-01
5.62850e+03 5.43299e-01
5.62900e+03 5.51400e-01
5.62950e+03 5.58736e-01
5.63000e+03 5.65209e-01
5.63050e+03 5.73699e-01
5.63100e+03 5.81519e-01
5.63150e+03 5.88477e-01
5.63200e+03 5.96299e-01
5.63250e+03 6.04508e-01
5.63300e+03 6.14448e-01
5.63350e+03 6.23140e-01
5.63400e+03 6.30489e-01
5.63450e+03 6.39472e-01
5.63500e+03 6.46055e-01
5.63550e+03 6.52928e-01
5.63600e+03 6.60282e-01
5.63650e+03 6.66676e-01
5.63700e+03 6.72686e-01
5.63750e+03 6.80043e-01
5.63800e+03 6.85189e-01
5.63850e+03 6.92162e-01
5.63900e+03 6.99425e-01
5.63950e+03 7.04092e-01
5.64000e+03 7.10010e-01
5.64050e+03 7.14969e-01
5.64100e+03 7.20121e-01
5.64150e+03 7.25370e-01
5.64200e+03 7.31869e-01
5.64250e+03 7.37121e-01
5.64300e+03 7.43142e-01
5.64350e+03 7.48876e-01
5.64400e+03 7.53745e-01
5.64450e+03 7.59866e-01
5.64500e+03 7.66468e-01
5.64550e+03 7.73071e-01
5.64600e+03 7.79771e-01
5.64650e+03 7.85991e-01
5.64700e+03 7.88651e-01
5.64750e+03 7.96219e-01
5.64800e+03 8.01574e-01
5.64850e+03 8.06930e-01
5.64900e+03 8.10458e-01
5.64950e+03 8.14853e-01
5.65000e+03 8.19921e-01
5.65050e+03 8.24029e-01
5.65100e+03 8.29390e-01
5.65150e+03 8.33500e-01
5.65200e+03 8.38381e-01
5.65250e+03 8.41723e-01
5.65300e+03 8.45064e-01
5.65350e+03 8.47732e-01
5.65400e+03 8.50497e-01
5.65450e+03 8.52299e-01
5.65500e+03 8.56607e-01
5.65550e+03 8.58988e-01
5.65600e+03 8.63102e-01
5.65650e+03 8.66834e-01
5.65700e+03 8.69696e-01
5.65750e+03 8.73426e-01
5.65800e+03 8.76676e-01
5.65850e+03 8.79057e-01
5.65900e+03 8.81439e-01
5.65950e+03 8.84302e-01
5.66000e+03 8.87072e-01
5.66050e+03 8.88587e-01
5.66100e+03 8.90875e-01
5.66150e+03 8.92392e-01
5.66200e+03 8.93813e-01
5.66250e+03 8.95813e-01
5.66300e+03 8.96657e-01
5.66350e+03 8.97597e-01
5.66400e+03 8.97186e-01
5.66450e+03 8.96679e-01
5.66500e+03 8.99839e-01
5.66550e+03 9.01551e-01
5.66600e+03 8.99692e-01
5.66650e+03 8.99185e-01
5.66700e+03 8.98677e-01
5.66750e+03 8.98167e-01
5.66800e+03 8.95147e-01
5.66850e+03 8.95797e-01
5.66900e+03 8.97411e-01
5.66950e+03 8.97770e-01
5.67000e+03 8.99386e-01
5.67050e+03 8.99167e-01
5.67100e+03 9.01266e-01
5.67150e+03 9.03365e-01
5.67200e+03 9.02374e-01
5.67250e+03 9.03605e-01
5.67300e+03 9.01744e-01
5.67350e+03 9.00751e-01
5.67400e+03 9.02466e-01
5.67450e+03 9.04568e-01
5.67500e+03 9.06668e-01
5.67550e+03 9.07417e-01
5.67600e+03 9.09905e-01
5.67650e+03 9.10653e-01
5.67700e+03 9.08886e-01
5.67750e+03 9.08763e-01
5.67800e+03 9.07286e-01
5.67850e+03 9.09387e-01
5.67900e+03 9.07620e-01
5.67950e+03 9.05755e-01
5.68000e+03 9.07953e-01
5.68050e+03 9.07927e-01
5.68100e+03 9.08772e-01
5.68150e+03 9.07779e-01
5.68200e+03 9.06979e-01
5.68250e+03 9.08695e-01
5.68300e+03 9.08187e-01
5.68350e+03 9.06419e-01
5.68400e+03 9.06490e-01
5.68450e+03 9.05788e-01
5.68500e+03 9.06150e-01
5.68550e+03 9.04963e-01
5.68600e+03 9.05035e-01
5.68650e+03 9.03751e-01
5.68700e+03 9.04597e-01
5.68750e+03 9.02635e-01
5.68800e+03 9.03385e-01
5.68850e+03 9.03068e-01
5.68900e+03 9.02171e-01
5.68950e+03 9.02726e-01
5.69000e+03 9.02313e-01
5.69050e+03 9.00543e-01
5.69100e+03 9.00614e-01
5.69150e+03 9.01169e-01
5.69200e+03 9.01724e-01
5.69250e+03 9.02279e-01
5.69300e+03 9.02447e-01
5.69350e+03 9.03098e-01
5.69400e+03 9.03461e-01
5.69450e+03 9.03724e-01
5.69500e+03 9.04959e-01
5.69550e+03 9.06582e-01
5.69600e+03 9.05294e-01
5.69650e+03 9.05269e-01
5.69700e+03 9.07085e-01
5.69750e+03 9.06768e-01
5.69800e+03 9.07809e-01
5.69850e+03 9.06619e-01
5.69900e+03 9.04653e-01
5.69950e+03 9.05597e-01
5.70000e+03 9.03242e-01
5.70050e+03 9.03022e-01
5.70100e+03 9.02413e-01
5.70150e+03 9.02290e-01
5.70200e+03 9.02944e-01
5.70250e+03 9.03209e-01
5.70300e+03 9.02016e-01
5.70350e+03 9.02572e-01
5.70400e+03 9.00603e-01
5.70450e+03 9.02226e-01
5.70500e+03 9.00160e-01
5.70550e+03 8.99259e-01
5.70600e+03 8.99814e-01
5.70650e+03 8.99980e-01
5.70700e+03 9.02479e-01
5.70750e+03 9.01772e-01
5.70800e+03 9.02814e-01
5.70850e+03 9.04148e-01
5.70900e+03 9.04413e-01
5.70950e+03 9.05359e-01
5.71000e+03 9.06111e-01
5.71050e+03 9.05795e-01
5.71100e+03 9.06255e-01
5.71150e+03 9.07980e-01
5.71200e+03 9.10482e-01
5.71250e+03 9.08513e-01
5.71300e+03 9.11209e-01
5.71350e+03 9.14782e-01
5.71400e+03 9.14756e-01
5.71450e+03 9.14341e-01
5.71500e+03 9.12953e-01
5.71550e+03 9.13900e-01
5.71600e+03 9.15334e-01
5.71650e+03 9.15113e-01
5.71700e+03 9.17423e-01
5.71750e+03 9.18273e-01
5.71800e+03 9.17858e-01
5.71850e+03 9.17444e-01
5.71900e+03 9.19851e-01
5.71950e+03 9.21287e-01
5.72000e+03 9.20483e-01
5.72050e+03 9.22796e-01
5.72100e+03 9.21895e-01
5.72150e+03 9.22065e-01
5.72200e+03 9.24085e-01
5.72250e+03 9.25813e-01
5.72300e+03 9.26860e-01
5.72350e+03 9.28198e-01
5.72400e+03 9.29927e-01
5.72450e+03 9.29513e-01
5.72500e+03 9.29487e-01
5.72550e+03 9.28488e-01
5.72600e+03 9.29535e-01
5.72650e+03 9.30972e-01
5.72700e+03 9.31433e-01
5.72750e+03 9.30531e-01
5.72800e+03 9.31188e-01
5.72850e+03 9.30479e-01
5.72900e+03 9.30162e-01
5.72950e+03 9.30331e-01
5.73000e+03 9.30597e-01
5.73050e+03 9.30377e-01
5.73100e+03 9.30936e-01
5.73150e+03 9.29741e-01
5.73200e+03 9.29618e-01
5.73250e+03 9.29592e-01
5.73300e+03 9.28690e-01
5.73350e+03 9.30226e-01
5.73400e+03 9.29519e-01
5.73450e+03 9.27640e-01
5.73500e+03 9.25372e-01
5.73550e+03 9.24469e-01
5.73600e+03 9.25810e-01
5.73650e+03 9.25394e-01
5.73700e+03 9.26832e-01
5.73750e+03 9.24075e-01
5.73800e+03 9.22779e-01
5.73850e+03 9.22949e-01
5.73900e+03 9.24387e-01
5.73950e+03 9.26021e-01
5.74000e+03 9.26970e-01
5.74050e+03 9.28018e-01
5.74100e+03 9.28091e-01
5.74150e+03 9.27187e-01
5.74200e+03 9.26576e-01
5.74250e+03 9.27236e-01
5.74300e+03 9.27603e-01
5.74350e+03 9.25820e-01
5.74400e+03 9.24234e-01
5.74450e+03 9.25382e-01
5.74500e+03 9.24382e-01
5.74550e+03 9.25530e-01
5.74600e+03 9.26679e-01
5.74650e+03 9.26558e-01
5.74700e+03 9.23308e-01
5.74750e+03 9.20351e-01
5.74800e+03 9.18077e-01
5.74850e+03 9.16585e-01
5.74900e+03 9.17243e-01
5.74950e+03 9.17021e-01
5.75000e+03 9.17777e-01
5.75050e+03 9.17164e-01
5.75100e+03 9.17529e-01
5.75150e+03 9.18286e-01
5.75200e+03 9.18651e-01
5.75250e+03 9.16669e-01
5.75300e+03 9.14196e-01
5.75350e+03 9.14561e-01
5.75400e+03 9.11403e-01
5.75450e+03 9.10692e-01
5.75500e+03 9.14581e-01
5.75550e+03 9.14456e-01
5.75600e+03 9.14331e-01
5.75650e+03 9.14207e-01
5.75700e+03 9.12809e-01
5.75750e+03 9.12194e-01
5.75800e+03 9.13146e-01
5.75850e+03 9.14000e-01
5.75900e+03 9.11231e-01
5.75950e+03 9.12182e-01
5.76000e+03 9.11273e-01
5.76050e+03 9.12323e-01
5.76100e+03 9.13667e-01
5.76150e+03 9.13641e-01
5.76200e+03 9.13712e-01
5.76250e+03 9.12901e-01
5.76300e+03 9.10425e-01
5.76350e+03 9.11770e-01
5.76400e+03 9.11940e-01
5.76450e+03 9.12109e-01
5.76500e+03 9.12671e-01
5.76550e+03 9.12742e-01
5.76600e+03 9.10558e-01
5.76650e+03 9.08864e-01
5.76700e+03 9.10700e-01
5.76750e+03 9.10280e-01
5.76800e+03 9.10056e-01
5.76850e+03 9.10127e-01
5.76900e+03 9.11373e-01
5.76950e+03 9.09777e-01
5.77000e+03 9.10632e-01
5.77050e+03 9.12566e-01
5.77100e+03 9.11754e-01
5.77150e+03 9.11335e-01
5.77200e+03 9.09639e-01
5.77250e+03 9.08729e-01
5.77300e+03 9.07720e-01
5.77350e+03 9.05631e-01
5.77400e+03 9.05997e-01
5.77450e+03 9.06068e-01
5.77500e+03 9.04665e-01
5.77550e+03 9.03164e-01
5.77600e+03 9.04119e-01
5.77650e+03 9.04189e-01
5.77700e+03 9.03866e-01
5.77750e+03 9.04721e-01
5.77800e+03 9.06364e-01
5.77850e+03 9.04272e-01
5.77900e+03 9.05128e-01
5.77950e+03 9.03724e-01
5.78000e+03 9.05072e-01
5.78050e+03 9.06912e-01
5.78100e+03 9.07277e-01
5.78150e+03 9.09117e-01
5.78200e+03 9.10074e-01
5.78250e+03 9.10734e-01
5.78300e+03 9.13558e-01
5.78350e+03 9.14613e-01
5.78400e+03 9.15177e-01
5.78450e+03 9.14364e-01
5.78500e+03 9.16304e-01
5.78550e+03 9.16474e-01
5.78600e+03 9.14775e-01
5.78650e+03 9.16715e-01
5.78700e+03 9.18557e-01
5.78750e+03 9.19022e-01
5.78800e+03 9.19486e-01
5.78850e+03 9.19854e-01
5.78900e+03 9.20712e-01
5.78950e+03 9.22752e-01
5.79000e+03 9.22824e-01
5.79050e+03 9.25848e-01
5.79100e+03 9.27003e-01
5.79150e+03 9.30127e-01
5.79200e+03 9.31677e-01
5.79250e+03 9.33127e-01
5.79300e+03 9.32314e-01
5.79350e+03 9.35144e-01
5.79400e+03 9.35512e-01
5.79450e+03 9.35683e-01
5.79500e+03 9.34575e-01
5.79550e+03 9.34746e-01
5.79600e+03 9.35606e-01
5.79650e+03 9.36664e-01
5.79700e+03 9.38017e-01
5.79750e+03 9.38089e-01
5.79800e+03 9.38064e-01
5.79850e+03 9.36263e-01
5.79900e+03 9.35942e-01
5.79950e+03 9.34141e-01
5.80000e+03 9.33228e-01
5.80050e+03 9.34680e-01
5.80100e+03 9.34357e-01
5.80150e+03 9.32950e-01
5.80200e+03 9.34501e-01
5.80250e+03 9.34080e-01
5.80300e+03 9.34940e-01
5.80350e+03 9.37281e-01
5.80400e+03 9.36760e-01
5.80450e+03 9.36339e-01
5.80500e+03 9.36115e-01
5.80550e+03 9.37271e-01
5.80600e+03 9.38033e-01
5.80650e+03 9.41953e-01
5.80700e+03 9.40347e-01
5.80750e+03 9.41110e-01
5.80800e+03 9.43056e-01
5.80850e+03 9.44312e-01
5.80900e+03 9.44780e-01
5.80950e+03 9.45246e-01
5.81000e+03 9.45714e-01
5.81050e+03 9.48157e-01
5.81100e+03 9.49217e-01
5.81150e+03 9.50278e-01
5.81200e+03 9.51042e-01
5.81250e+03 9.51313e-01
5.81300e+03 9.52276e-01
5.81350e+03 9.52744e-01
5.81400e+03 9.54793e-01
5.81450e+03 9.53385e-01
5.81500e+03 9.54941e-01
5.81550e+03 9.55410e-01
5.81600e+03 9.54594e-01
5.81650e+03 9.54965e-01
5.81700e+03 9.57015e-01
5.81750e+03 9.56989e-01
5.81800e+03 9.59830e-01
5.81850e+03 9.59903e-01
5.81900e+03 9.60471e-01
5.81950e+03 9.61337e-01
5.82000e+03 9.62300e-01
5.82050e+03 9.65735e-01
5.82100e+03 9.66304e-01
5.82150e+03 9.66476e-01
5.82200e+03 9.69122e-01
5.82250e+03 9.68800e-01
5.82300e+03 9.69072e-01
5.82350e+03 9.71717e-01
5.82400e+03 9.73375e-01
5.82450e+03 9.72855e-01
5.82500e+03 9.73128e-01
5.82550e+03 9.76269e-01
5.82600e+03 9.73869e-01
5.82650e+03 9.74242e-01
5.82700e+03 9.75998e-01
5.82750e+03 9.74687e-01
5.82800e+03 9.75751e-01
5.82850e+03 9.74736e-01
5.82900e+03 9.75207e-01
5.82950e+03 9.76073e-01
5.83000e+03 9.76148e-01
5.83050e+03 9.77609e-01
5.83100e+03 9.80358e-01
5.83150e+03 9.79838e-01
5.83200e+03 9.82291e-01
5.83250e+03 9.81969e-01
5.83300e+03 9.83332e-01
5.83350e+03 9.83804e-01
5.83400e+03 9.85762e-01
5.83450e+03 9.88215e-01
5.83500e+03 9.91660e-01
5.83550e+03 9.93916e-01
5.83600e+03 9.94388e-01
5.83650e+03 9.95752e-01
5.83700e+03 9.95432e-01
5.83750e+03 9.97788e-01
5.83800e+03 9.98459e-01
5.83850e+03 9.98833e-01
5.83900e+03 1.00000e+00
5.83950e+03 9.99978e-01
5.84000e+03 9.98764e-01
5.84050e+03 9.99832e-01
5.84100e+03 9.99611e-01
5.84150e+03 9.98398e-01
5.84200e+03 9.99267e-01
5.84250e+03 9.98649e-01
5.84300e+03 9.96146e-01
5.84350e+03 9.96123e-01
5.84400e+03 9.98381e-01
5.84450e+03 9.97366e-01
5.84500e+03 9.98633e-01
5.84550e+03 9.97021e-01
5.84600e+03 9.94218e-01
5.84650e+03 9.93202e-01
5.84700e+03 9.91589e-01
5.84750e+03 9.92261e-01
5.84800e+03 9.91642e-01
5.84850e+03 9.91916e-01
5.84900e+03 9.91594e-01
5.84950e+03 9.91471e-01
5.85000e+03 9.89462e-01
5.85050e+03 9.88545e-01
5.85100e+03 9.87130e-01
5.85150e+03 9.86113e-01
5.85200e+03 9.84102e-01
5.85250e+03 9.83780e-01
5.85300e+03 9.82266e-01
5.85350e+03 9.80752e-01
5.85400e+03 9.79038e-01
5.85450e+03 9.76530e-01
5.85500e+03 9.74816e-01
5.85550e+03 9.73002e-01
5.85600e+03 9.70989e-01
5.85650e+03 9.69076e-01
5.85700e+03 9.67361e-01
5.85750e+03 9.64551e-01
5.85800e+03 9.61641e-01
5.85850e+03 9.58831e-01
5.85900e+03 9.54031e-01
5.85950e+03 9.51219e-01
5.86000e+03 9.48506e-01
5.86050e+03 9.46291e-01
5.86100e+03 9.43378e-01
5.86150e+03 9.39271e-01
5.86200e+03 9.38944e-01
5.86250e+03 9.38020e-01
5.86300e+03 9.34211e-01
5.86350e+03 9.30997e-01
5.86400e+03 9.28280e-01
5.86450e+03 9.24568e-01
5.86500e+03 9.21254e-01
5.86550e+03 9.17042e-01
5.86600e+03 9.13826e-01
5.86650e+03 9.12005e-01
5.86700e+03 9.10281e-01
5.86750e+03 9.07064e-01
5.86800e+03 9.01356e-01
5.86850e+03 8.95349e-01
5.86900e+03 8.93126e-01
5.86950e+03 8.89408e-01
5.87000e+03 8.83797e-01
5.87050e+03 8.78286e-01
5.87100e+03 8.74666e-01
5.87150e+03 8.69551e-01
5.87200e+03 8.64436e-01
5.87250e+03 8.59817e-01
5.87300e+03 8.55198e-01
5.87350e+03 8.50578e-01
5.87400e+03 8.45060e-01
5.87450e+03 8.38046e-01
5.87500e+03 8.32527e-01
5.87550e+03 8.26906e-01
5.87600e+03 8.22482e-01
5.87650e+03 8.18456e-01
5.87700e+03 8.10439e-01
5.87750e+03 8.05414e-01
5.87800e+03 8.00389e-01
5.87850e+03 7.95660e-01
5.87900e+03 7.90534e-01
5.87950e+03 7.84907e-01
5.88000e+03 7.79877e-01
5.88050e+03 7.73750e-01
5.88100e+03 7.67122e-01
5.88150e+03 7.61591e-01
5.88200e+03 7.56360e-01
5.88250e+03 7.49331e-01
5.88300e+03 7.41902e-01
5.88350e+03 7.35369e-01
5.88400e+03 7.28537e-01
5.88450e+03 7.21604e-01
5.88500e+03 7.15068e-01
5.88550e+03 7.07035e-01
5.88600e+03 6.99698e-01
5.88650e+03 6.93660e-01
5.88700e+03 6.85722e-01
5.88750e+03 6.77783e-01
5.88800e+03 6.69244e-01
5.88850e+03 6.62201e-01
5.88900e+03 6.53859e-01
5.88950e+03 6.46813e-01
5.89000e+03 6.39368e-01
5.89050e+03 6.33321e-01
5.89100e+03 6.27072e-01
5.89150e+03 6.19123e-01
5.89200e+03 6.11473e-01
5.89250e+03 6.03321e-01
5.89300e+03 5.94869e-01
5.89350e+03 5.86915e-01
5.89400e+03 5.77860e-01
5.89450e+03 5.68503e-01
5.89500e+03 5.59446e-01
5.89550e+03 5.50986e-01
5.89600e+03 5.42925e-01
5.89650e+03 5.35064e-01
5.89700e+03 5.27401e-01
5.89750e+03 5.19737e-01
5.89800e+03 5.10871e-01
5.89850e+03 5.02005e-01
5.89900e+03 4.93136e-01
5.89950e+03 4.86569e-01
5.90000e+03 4.80100e-01
5.90050e+03 4.71228e-01
5.90100e+03 4.64157e-01
5.90150e+03 4.56684e-01
5.90200e+03 4.50712e-01
5.90250e+03 4.42636e-01
5.90300e+03 4.36062e-01
5.90350e+03 4.29686e-01
5.90400e+03 4.22609e-01
5.90450e+03 4.14530e-01
5.90500e+03 4.06749e-01
5.90550e+03 3.99569e-01
5.90600e+03 3.93488e-01
5.90650e+03 3.87107e-01
5.90700e+03 3.81426e-01
5.90750e+03 3.72537e-01
5.90800e+03 3.64248e-01
5.90850e+03 3.58464e-01
5.90900e+03 3.52979e-01
5.90950e+03 3.47494e-01
5.91000e+03 3.40203e-01
5.91050e+03 3.34314e-01
5.91100e+03 3.27823e-01
5.91150e+03 3.22835e-01
5.91200e+03 3.17946e-01
5.91250e+03 3.11653e-01
5.91300e+03 3.05259e-01
5.91350e+03 2.99163e-01
5.91400e+03 2.92867e-01
5.91450e+03 2.86369e-01
5.91500e+03 2.80071e-01
5.91550e+03 2.75979e-01
5.91600e+03 2.70682e-01
5.91650e+03 2.64583e-01
5.91700e+03 2.58682e-01
5.91750e+03 2.52680e-01
5.91800e+03 2.48083e-01
5.91850e+03 2.43484e-01
5.91900e+03 2.39087e-01
5.91950e+03 2.32479e-01
5.92000e+03 2.25971e-01
5.92050e+03 2.21973e-01
5.92100e+03 2.18375e-01
5.92150e+03 2.13372e-01
5.92200e+03 2.09371e-01
5.92250e+03 2.05370e-01
5.92300e+03 2.00966e-01
5.92350e+03 1.96563e-01
5.92400e+03 1.92861e-01
5.92450e+03 1.90767e-01
5.92500e+03 1.87265e-01
5.92550e+03 1.84164e-01
5.92600e+03 1.79657e-01
5.92650e+03 1.75651e-01
5.92700e+03 1.71645e-01
5.92750e+03 1.69045e-01
5.92800e+03 1.65842e-01
5.92850e+03 1.63241e-01
5.92900e+03 1.60539e-01
5.92950e+03 1.58440e-01
5.93000e+03 1.55134e-01
5.93050e+03 1.52532e-01
5.93100e+03 1.50231e-01
5.93150e+03 1.47426e-01
5.93200e+03 1.44220e-01
5.93250e+03 1.40107e-01
5.93300e+03 1.36295e-01
5.93350e+03 1.32583e-01
5.93400e+03 1.30783e-01
5.93450e+03 1.27976e-01
5.93500e+03 1.25973e-01
5.93550e+03 1.23669e-01
5.93600e+03 1.22369e-01
5.93650e+03 1.19058e-01
5.93700e+03 1.16148e-01
5.93750e+03 1.13138e-01
5.93800e+03 1.11333e-01
5.93850e+03 1.09832e-01
5.93900e+03 1.07424e-01
5.93950e+03 1.05117e-01
5.94000e+03 1.03111e-01
5.94050e+03 1.00682e-01
5.94100e+03 9.87153e-02
5.94150e+03 9.77458e-02
5.94200e+03 9.57790e-02
5.94250e+03 9.38219e-02
5.94300e+03 9.13709e-02
5.94350e+03 8.94132e-02
5.94400e+03 8.69514e-02
5.94450e+03 8.59805e-02
5.94500e+03 8.45056e-02
5.94550e+03 8.21740e-02
5.94600e+03 8.02149e-02
5.94650e+03 7.76405e-02
5.94700e+03 7.66585e-02
5.94750e+03 7.51824e-02
5.94800e+03 7.32221e-02
5.94850e+03 7.27336e-02
5.94900e+03 7.22550e-02
5.94950e+03 7.01631e-02
5.95000e+03 6.82019e-02
5.95050e+03 6.67245e-02
5.95100e+03 6.57513e-02
5.95150e+03 6.42735e-02
5.95200e+03 6.28055e-02
5.95250e+03 6.13274e-02
5.95300e+03 6.03433e-02
5.95350e+03 5.97324e-02
5.95400e+03 5.82638e-02
5.95450e+03 5.67848e-02
5.95500e+03 5.53155e-02
5.95550e+03 5.38362e-02
5.95600e+03 5.28612e-02
5.95650e+03 5.10179e-02
5.95700e+03 4.95378e-02
5.95750e+03 4.86834e-02
5.95800e+03 4.86871e-02
5.95850e+03 4.78223e-02
5.95900e+03 4.68465e-02
5.95950e+03 4.54866e-02
5.96000e+03 4.50052e-02
5.96050e+03 4.36450e-02
5.96100e+03 4.22948e-02
5.96150e+03 4.08230e-02
5.96200e+03 4.08261e-02
5.96250e+03 4.08292e-02
5.96300e+03 3.99633e-02
5.96350e+03 3.99663e-02
5.96400e+03 3.95954e-02
5.96450e+03 3.84968e-02
5.96500e+03 3.81257e-02
5.96550e+03 3.75119e-02
5.96600e+03 3.60288e-02
5.96650e+03 3.45554e-02
5.96700e+03 3.41839e-02
5.96750e+03 3.35698e-02
5.96800e+03 3.20960e-02
5.96850e+03 3.09860e-02
5.96900e+03 2.98758e-02
5.96950e+03 2.98781e-02
5.97000e+03 2.84034e-02
5.97050e+03 2.69185e-02
5.97100e+03 2.63034e-02
5.97150e+03 2.51925e-02
5.97200e+03 2.40814e-02
5.97250e+03 2.40832e-02
5.97300e+03 2.29819e-02
5.97350e+03 2.29836e-02
5.97400e+03 2.21149e-02
5.97450e+03 2.24911e-02
5.97500e+03 2.18752e-02
5.97550e+03 2.13809e-02
5.97600e+03 2.13825e-02
5.97650e+03 2.13841e-02
5.97700e+03 2.10110e-02
5.97750e+03 2.01518e-02
5.97800e+03 2.01533e-02
5.97850e+03 1.97800e-02
5.97900e+03 1.92853e-02
5.97950e+03 1.92867e-02
5.98000e+03 1.89234e-02
5.98050e+03 1.85500e-02
5.98100e+03 1.76902e-02
5.98150e+03 1.68202e-02
5.98200e+03 1.71965e-02
5.98250e+03 1.68228e-02
5.98300e+03 1.63274e-02
5.98350e+03 1.54671e-02
5.98400e+03 1.54682e-02
5.98450e+03 1.50943e-02
5.98500e+03 1.54704e-02
5.98550e+03 1.54716e-02
5.98600e+03 1.54727e-02
5.98650e+03 1.49770e-02
5.98700e+03 1.49781e-02
5.98750e+03 1.46040e-02
5.98800e+03 1.46051e-02
5.98850e+03 1.49816e-02
5.98900e+03 1.54798e-02
5.98950e+03 1.49841e-02
5.99000e+03 1.46100e-02
5.99050e+03 1.46113e-02
5.99100e+03 1.37501e-02
5.99150e+03 1.42488e-02
5.99200e+03 1.33772e-02
5.99250e+03 1.33784e-02
5.99300e+03 1.33796e-02
5.99350e+03 1.33809e-02
5.99400e+03 1.25191e-02
5.99450e+03 1.25203e-02
5.99500e+03 1.16481e-02
5.99550e+03 1.11617e-02
5.99600e+03 1.06650e-02
5.99650e+03 1.02902e-02
5.99700e+03 9.79739e-03
5.99750e+03 1.02921e-02
5.99800e+03 9.42631e-03
5.99850e+03 8.93129e-03
5.99900e+03 8.93212e-03
5.99950e+03 8.93295e-03
6.00000e+03 8.56175e-03
6.00050e+03 8.56255e-03
6.00100e+03 8.19125e-03
6.00150e+03 7.32268e-03
6.00200e+03 7.81957e-03
6.00250e+03 7.82026e-03
6.00300e+03 7.82095e-03
6.00350e+03 7.82164e-03
6.00400e+03 8.31976e-03
6.00450e+03 7.82306e-03
6.00500e+03 7.82381e-03
6.00550e+03 7.32805e-03
6.00600e+03 7.70127e-03
6.00650e+03 7.70213e-03
6.00700e+03 7.33051e-03
6.00750e+03 6.83463e-03
6.00800e+03 7.20810e-03
6.00850e+03 6.71212e-03
6.00900e+03 6.71297e-03
6.00950e+03 7.08657e-03
6.01000e+03 6.59037e-03
6.01050e+03 6.59117e-03
6.01100e+03 6.59197e-03
6.01150e+03 5.84587e-03
6.01200e+03 5.34926e-03
6.01250e+03 5.34991e-03
6.01300e+03 5.35057e-03
6.01350e+03 5.35122e-03
6.01400e+03 4.97869e-03
6.01450e+03 4.97930e-03
6.01500e+03 4.97991e-03
6.01550e+03 4.60721e-03
6.01600e+03 4.23339e-03
6.01650e+03 4.23391e-03
6.01700e+03 4.23443e-03
6.01750e+03 4.23495e-03
6.01800e+03 4.23547e-03
6.01850e+03 4.23599e-03
6.01900e+03 4.23651e-03
6.01950e+03 5.48363e-03
6.02000e+03 5.11058e-03
6.02050e+03 5.11121e-03
6.02100e+03 5.11183e-03
6.02150e+03 5.11246e-03
6.02200e+03 5.48698e-03
6.02250e+03 5.11371e-03
6.02300e+03 5.11434e-03
6.02350e+03 5.11496e-03
6.02400e+03 5.48967e-03
6.02450e+03 5.11621e-03
6.02500e+03 4.24273e-03
6.02550e+03 3.86903e-03
6.02600e+03 3.49523e-03
6.02650e+03 3.12134e-03
6.02700e+03 3.12172e-03
6.02750e+03 2.24747e-03
6.02800e+03 2.62219e-03
6.02850e+03 2.24801e-03
6.02900e+03 1.87374e-03
6.02950e+03 1.49938e-03
6.03000e+03 1.49956e-03
6.03050e+03 1.49975e-03
6.03100e+03 1.49993e-03
6.03150e+03 1.50011e-03
6.03200e+03 1.12548e-03
6.03250e+03 1.12562e-03
6.03300e+03 1.12576e-03
6.03350e+03 1.50084e-03
6.03400e+03 1.87602e-03
6.03450e+03 1.87625e-03
6.03500e+03 1.50139e-03
6.03550e+03 1.87671e-03
6.03600e+03 1.50176e-03
6.03650e+03 1.50194e-03
6.03700e+03 1.50212e-03
6.03750e+03 1.50230e-03
6.03800e+03 1.50249e-03
6.03850e+03 1.50267e-03
6.03900e+03 1.50285e-03
6.03950e+03 1.50304e-03
6.04000e+03 1.50322e-03
6.04050e+03 1.87899e-03
6.04100e+03 1.87922e-03
6.04150e+03 1.50377e-03
6.04200e+03 1.12822e-03
6.04250e+03 1.50413e-03
6.04300e+03 2.38124e-03
6.04350e+03 2.00566e-03
6.04400e+03 2.00590e-03
6.04450e+03 2.00614e-03
6.04500e+03 2.00639e-03
6.04550e+03 2.00663e-03
6.04600e+03 1.63078e-03
6.04650e+03 1.63098e-03
6.04700e+03 1.63118e-03
6.04750e+03 2.00761e-03
6.04800e+03 1.63158e-03
6.04850e+03 1.25544e-03
6.04900e+03 1.25560e-03
6.04950e+03 2.13406e-03
6.05000e+03 2.51078e-03
6.05050e+03 2.51109e-03
6.05100e+03 1.63277e-03
6.05150e+03 1.63297e-03
6.05200e+03 2.00982e-03
6.05250e+03 2.01006e-03
6.05300e+03 2.01031e-03
6.05350e+03 2.01055e-03
6.05400e+03 2.01080e-03
6.05450e+03 2.01104e-03
6.05500e+03 2.38821e-03
6.05550e+03 2.01153e-03
6.05600e+03 2.01177e-03
6.05650e+03 2.38908e-03
6.05700e+03 2.01226e-03
6.05750e+03 1.13249e-03
