# Filter name : Subaru/Suprime.IB527
# Description : Suprime IB527 filter  (full transmission)
# Photometric system : Suprime
# FilterType : photon
# Band name : ------
# Observatory : Subaru
# Instrument : Suprime
# Comments : ------
# 
5.01700e+03 1.14008e-03
5.01750e+03 1.23462e-03
5.01800e+03 1.23477e-03
5.01850e+03 1.28265e-03
5.01900e+03 1.37830e-03
5.01950e+03 1.39404e-03
5.02000e+03 1.44197e-03
5.02050e+03 1.44214e-03
5.02100e+03 1.50566e-03
5.02150e+03 1.53700e-03
5.02200e+03 1.55277e-03
5.02250e+03 1.55296e-03
5.02300e+03 1.63315e-03
5.02350e+03 1.66452e-03
5.02400e+03 1.76033e-03
5.02450e+03 1.80835e-03
5.02500e+03 1.82416e-03
5.02550e+03 1.85557e-03
5.02600e+03 1.90362e-03
5.02650e+03 1.99952e-03
5.02700e+03 2.04656e-03
5.02750e+03 2.12689e-03
5.02800e+03 2.19060e-03
5.02850e+03 2.26994e-03
5.02900e+03 2.36594e-03
5.02950e+03 2.41305e-03
5.03000e+03 2.55696e-03
5.03050e+03 2.66759e-03
5.03100e+03 2.71581e-03
5.03150e+03 2.81190e-03
5.03200e+03 2.82787e-03
5.03250e+03 2.90736e-03
5.03300e+03 3.05143e-03
5.03350e+03 3.06742e-03
5.03400e+03 3.24280e-03
5.03450e+03 3.37030e-03
5.03500e+03 3.48220e-03
5.03550e+03 3.56182e-03
5.03600e+03 3.72171e-03
5.03650e+03 3.81702e-03
5.03700e+03 3.89670e-03
5.03750e+03 4.04105e-03
5.03800e+03 4.18440e-03
5.03850e+03 4.24853e-03
5.03900e+03 4.39192e-03
5.03950e+03 4.51972e-03
5.04000e+03 4.74352e-03
5.04050e+03 4.93503e-03
5.04100e+03 5.07964e-03
5.04150e+03 5.31820e-03
5.04200e+03 5.38252e-03
5.04250e+03 5.52723e-03
5.04300e+03 5.67094e-03
5.04350e+03 5.91073e-03
5.04400e+03 6.03886e-03
5.04450e+03 6.23072e-03
5.04500e+03 6.45501e-03
5.04550e+03 6.66263e-03
5.04600e+03 6.80762e-03
5.04650e+03 7.07908e-03
5.04700e+03 7.27118e-03
5.04750e+03 7.46333e-03
5.04800e+03 7.65553e-03
5.04850e+03 7.84777e-03
5.04900e+03 8.12057e-03
5.04950e+03 8.29722e-03
5.05000e+03 8.52099e-03
5.05050e+03 8.74586e-03
5.05100e+03 9.01784e-03
5.05150e+03 9.25852e-03
5.05200e+03 9.53064e-03
5.05250e+03 9.83527e-03
5.05300e+03 1.00761e-02
5.05350e+03 1.03809e-02
5.05400e+03 1.06250e-02
5.05450e+03 1.09613e-02
5.05500e+03 1.12663e-02
5.05550e+03 1.16342e-02
5.05600e+03 1.20127e-02
5.05650e+03 1.23912e-02
5.05700e+03 1.26755e-02
5.05750e+03 1.29809e-02
5.05800e+03 1.33701e-02
5.05850e+03 1.37385e-02
5.05900e+03 1.40862e-02
5.05950e+03 1.43918e-02
5.06000e+03 1.47814e-02
5.06050e+03 1.51712e-02
5.06100e+03 1.55819e-02
5.06150e+03 1.59824e-02
5.06200e+03 1.65927e-02
5.06250e+03 1.70143e-02
5.06300e+03 1.74779e-02
5.06350e+03 1.78998e-02
5.06400e+03 1.83847e-02
5.06450e+03 1.87858e-02
5.06500e+03 1.92814e-02
5.06550e+03 1.98506e-02
5.06600e+03 2.03150e-02
5.06650e+03 2.08110e-02
5.06700e+03 2.14751e-02
5.06750e+03 2.21183e-02
5.06800e+03 2.28247e-02
5.06850e+03 2.33843e-02
5.06900e+03 2.40175e-02
5.06950e+03 2.46404e-02
5.07000e+03 2.51793e-02
5.07050e+03 2.57605e-02
5.07100e+03 2.64364e-02
5.07150e+03 2.71125e-02
5.07200e+03 2.78201e-02
5.07250e+03 2.84965e-02
5.07300e+03 2.92257e-02
5.07350e+03 3.00707e-02
5.07400e+03 3.08633e-02
5.07450e+03 3.16561e-02
5.07500e+03 3.22386e-02
5.07550e+03 3.30738e-02
5.07600e+03 3.38040e-02
5.07650e+03 3.47343e-02
5.07700e+03 3.56438e-02
5.07750e+03 3.65957e-02
5.07800e+03 3.74215e-02
5.07850e+03 3.83527e-02
5.07900e+03 3.93579e-02
5.07950e+03 4.02791e-02
5.08000e+03 4.12426e-02
5.08050e+03 4.23960e-02
5.08100e+03 4.35076e-02
5.08150e+03 4.46510e-02
5.08200e+03 4.59001e-02
5.08250e+03 4.70441e-02
5.08300e+03 4.83256e-02
5.08350e+03 4.93858e-02
5.08400e+03 5.05201e-02
5.08450e+03 5.16758e-02
5.08500e+03 5.29478e-02
5.08550e+03 5.41989e-02
5.08600e+03 5.56825e-02
5.08650e+03 5.70716e-02
5.08700e+03 5.85136e-02
5.08750e+03 5.99983e-02
5.08800e+03 6.14410e-02
5.08850e+03 6.30742e-02
5.08900e+03 6.46444e-02
5.08950e+03 6.61517e-02
5.09000e+03 6.75643e-02
5.09050e+03 6.91990e-02
5.09100e+03 7.11300e-02
5.09150e+03 7.29451e-02
5.09200e+03 7.48875e-02
5.09250e+03 7.68094e-02
5.09300e+03 7.86787e-02
5.09350e+03 8.06648e-02
5.09400e+03 8.26197e-02
5.09450e+03 8.45962e-02
5.09500e+03 8.65416e-02
5.09550e+03 8.85830e-02
5.09600e+03 9.08368e-02
5.09650e+03 9.29643e-02
5.09700e+03 9.50711e-02
5.09750e+03 9.72629e-02
5.09800e+03 9.96984e-02
5.09850e+03 1.02166e-01
5.09900e+03 1.04453e-01
5.09950e+03 1.06803e-01
5.10000e+03 1.09143e-01
5.10050e+03 1.11693e-01
5.10100e+03 1.14348e-01
5.10150e+03 1.17003e-01
5.10200e+03 1.19658e-01
5.10250e+03 1.22524e-01
5.10300e+03 1.25285e-01
5.10350e+03 1.28046e-01
5.10400e+03 1.30702e-01
5.10450e+03 1.33569e-01
5.10500e+03 1.36438e-01
5.10550e+03 1.39520e-01
5.10600e+03 1.42601e-01
5.10650e+03 1.45683e-01
5.10700e+03 1.48977e-01
5.10750e+03 1.52484e-01
5.10800e+03 1.56203e-01
5.10850e+03 1.59498e-01
5.10900e+03 1.62901e-01
5.10950e+03 1.66621e-01
5.11000e+03 1.70342e-01
5.11050e+03 1.74063e-01
5.11100e+03 1.78103e-01
5.11150e+03 1.82038e-01
5.11200e+03 1.86079e-01
5.11250e+03 1.90332e-01
5.11300e+03 1.94587e-01
5.11350e+03 1.98417e-01
5.11400e+03 2.02991e-01
5.11450e+03 2.07458e-01
5.11500e+03 2.11927e-01
5.11550e+03 2.16502e-01
5.11600e+03 2.20759e-01
5.11650e+03 2.25548e-01
5.11700e+03 2.30337e-01
5.11750e+03 2.35021e-01
5.11800e+03 2.39811e-01
5.11850e+03 2.44815e-01
5.11900e+03 2.49819e-01
5.11950e+03 2.54930e-01
5.12000e+03 2.60253e-01
5.12050e+03 2.65471e-01
5.12100e+03 2.70585e-01
5.12150e+03 2.76122e-01
5.12200e+03 2.81131e-01
5.12250e+03 2.86776e-01
5.12300e+03 2.92424e-01
5.12350e+03 2.98071e-01
5.12400e+03 3.03931e-01
5.12450e+03 3.09685e-01
5.12500e+03 3.15016e-01
5.12550e+03 3.20986e-01
5.12600e+03 3.27062e-01
5.12650e+03 3.33245e-01
5.12700e+03 3.39429e-01
5.12750e+03 3.45826e-01
5.12800e+03 3.52542e-01
5.12850e+03 3.58728e-01
5.12900e+03 3.65447e-01
5.12950e+03 3.72059e-01
5.13000e+03 3.78886e-01
5.13050e+03 3.85183e-01
5.13100e+03 3.92117e-01
5.13150e+03 3.98627e-01
5.13200e+03 4.05457e-01
5.13250e+03 4.12500e-01
5.13300e+03 4.19650e-01
5.13350e+03 4.26802e-01
5.13400e+03 4.33848e-01
5.13450e+03 4.40363e-01
5.13500e+03 4.47092e-01
5.13550e+03 4.54246e-01
5.13600e+03 4.61190e-01
5.13650e+03 4.68666e-01
5.13700e+03 4.76143e-01
5.13750e+03 4.82983e-01
5.13800e+03 4.90462e-01
5.13850e+03 4.97516e-01
5.13900e+03 5.04572e-01
5.13950e+03 5.11946e-01
5.14000e+03 5.19217e-01
5.14050e+03 5.26275e-01
5.14100e+03 5.33973e-01
5.14150e+03 5.41140e-01
5.14200e+03 5.48306e-01
5.14250e+03 5.56114e-01
5.14300e+03 5.63922e-01
5.14350e+03 5.70772e-01
5.14400e+03 5.78051e-01
5.14450e+03 5.85223e-01
5.14500e+03 5.92183e-01
5.14550e+03 5.99890e-01
5.14600e+03 6.06959e-01
5.14650e+03 6.14666e-01
5.14700e+03 6.21844e-01
5.14750e+03 6.29235e-01
5.14800e+03 6.36414e-01
5.14850e+03 6.43807e-01
5.14900e+03 6.50668e-01
5.14950e+03 6.57956e-01
5.15000e+03 6.64926e-01
5.15050e+03 6.71683e-01
5.15100e+03 6.78868e-01
5.15150e+03 6.86373e-01
5.15200e+03 6.92707e-01
5.15250e+03 6.99573e-01
5.15300e+03 7.06441e-01
5.15350e+03 7.13097e-01
5.15400e+03 7.19752e-01
5.15450e+03 7.26303e-01
5.15500e+03 7.33281e-01
5.15550e+03 7.39620e-01
5.15600e+03 7.46280e-01
5.15650e+03 7.52408e-01
5.15700e+03 7.58429e-01
5.15750e+03 7.64665e-01
5.15800e+03 7.71115e-01
5.15850e+03 7.77139e-01
5.15900e+03 7.82524e-01
5.15950e+03 7.87803e-01
5.16000e+03 7.94576e-01
5.16050e+03 8.00283e-01
5.16100e+03 8.06204e-01
5.16150e+03 8.12126e-01
5.16200e+03 8.17410e-01
5.16250e+03 8.22906e-01
5.16300e+03 8.27764e-01
5.16350e+03 8.32942e-01
5.16400e+03 8.36947e-01
5.16450e+03 8.41592e-01
5.16500e+03 8.46239e-01
5.16550e+03 8.50887e-01
5.16600e+03 8.55534e-01
5.16650e+03 8.60076e-01
5.16700e+03 8.63763e-01
5.16750e+03 8.68626e-01
5.16800e+03 8.72635e-01
5.16850e+03 8.76645e-01
5.16900e+03 8.80122e-01
5.16950e+03 8.83491e-01
5.17000e+03 8.86648e-01
5.17050e+03 8.90125e-01
5.17100e+03 8.93177e-01
5.17150e+03 8.96868e-01
5.17200e+03 9.00667e-01
5.17250e+03 9.03612e-01
5.17300e+03 9.06877e-01
5.17350e+03 9.09181e-01
5.17400e+03 9.11486e-01
5.17450e+03 9.13790e-01
5.17500e+03 9.16844e-01
5.17550e+03 9.18829e-01
5.17600e+03 9.19531e-01
5.17650e+03 9.21836e-01
5.17700e+03 9.23501e-01
5.17750e+03 9.25060e-01
5.17800e+03 9.27474e-01
5.17850e+03 9.29246e-01
5.17900e+03 9.30484e-01
5.17950e+03 9.31615e-01
5.18000e+03 9.33067e-01
5.18050e+03 9.34519e-01
5.18100e+03 9.35544e-01
5.18150e+03 9.36675e-01
5.18200e+03 9.37484e-01
5.18250e+03 9.38295e-01
5.18300e+03 9.38999e-01
5.18350e+03 9.40237e-01
5.18400e+03 9.42333e-01
5.18450e+03 9.42394e-01
5.18500e+03 9.44383e-01
5.18550e+03 9.45943e-01
5.18600e+03 9.46862e-01
5.18650e+03 9.47459e-01
5.18700e+03 9.48592e-01
5.18750e+03 9.48975e-01
5.18800e+03 9.49894e-01
5.18850e+03 9.51028e-01
5.18900e+03 9.51947e-01
5.18950e+03 9.53080e-01
5.19000e+03 9.53893e-01
5.19050e+03 9.54598e-01
5.19100e+03 9.54875e-01
5.19150e+03 9.55366e-01
5.19200e+03 9.55320e-01
5.19250e+03 9.56026e-01
5.19300e+03 9.55659e-01
5.19350e+03 9.55399e-01
5.19400e+03 9.55563e-01
5.19450e+03 9.55829e-01
5.19500e+03 9.56413e-01
5.19550e+03 9.57209e-01
5.19600e+03 9.57040e-01
5.19650e+03 9.56658e-01
5.19700e+03 9.56922e-01
5.19750e+03 9.56978e-01
5.19800e+03 9.57363e-01
5.19850e+03 9.58508e-01
5.19900e+03 9.59340e-01
5.19950e+03 9.58900e-01
5.20000e+03 9.58903e-01
5.20050e+03 9.59340e-01
5.20100e+03 9.59456e-01
5.20150e+03 9.59787e-01
5.20200e+03 9.60118e-01
5.20250e+03 9.60019e-01
5.20300e+03 9.60350e-01
5.20350e+03 9.60681e-01
5.20400e+03 9.61334e-01
5.20450e+03 9.61879e-01
5.20500e+03 9.61995e-01
5.20550e+03 9.61575e-01
5.20600e+03 9.62122e-01
5.20650e+03 9.62130e-01
5.20700e+03 9.62784e-01
5.20750e+03 9.63331e-01
5.20800e+03 9.63770e-01
5.20850e+03 9.63994e-01
5.20900e+03 9.64111e-01
5.20950e+03 9.64334e-01
5.21000e+03 9.64235e-01
5.21050e+03 9.64674e-01
5.21100e+03 9.64790e-01
5.21150e+03 9.64368e-01
5.21200e+03 9.64378e-01
5.21250e+03 9.65032e-01
5.21300e+03 9.65686e-01
5.21350e+03 9.66879e-01
5.21400e+03 9.67318e-01
5.21450e+03 9.67650e-01
5.21500e+03 9.67767e-01
5.21550e+03 9.68315e-01
5.21600e+03 9.68647e-01
5.21650e+03 9.68872e-01
5.21700e+03 9.69635e-01
5.21750e+03 9.70399e-01
5.21800e+03 9.71594e-01
5.21850e+03 9.72141e-01
5.21900e+03 9.72151e-01
5.21950e+03 9.73346e-01
5.22000e+03 9.74002e-01
5.22050e+03 9.74442e-01
5.22100e+03 9.74452e-01
5.22150e+03 9.74570e-01
5.22200e+03 9.75441e-01
5.22250e+03 9.75558e-01
5.22300e+03 9.75568e-01
5.22350e+03 9.76118e-01
5.22400e+03 9.77314e-01
5.22450e+03 9.78618e-01
5.22500e+03 9.79059e-01
5.22550e+03 9.79500e-01
5.22600e+03 9.79295e-01
5.22650e+03 9.79952e-01
5.22700e+03 9.80934e-01
5.22750e+03 9.80621e-01
5.22800e+03 9.81170e-01
5.22850e+03 9.81505e-01
5.22900e+03 9.82272e-01
5.22950e+03 9.82283e-01
5.23000e+03 9.82834e-01
5.23050e+03 9.83494e-01
5.23100e+03 9.84369e-01
5.23150e+03 9.85029e-01
5.23200e+03 9.85472e-01
5.23250e+03 9.85483e-01
5.23300e+03 9.86683e-01
5.23350e+03 9.86803e-01
5.23400e+03 9.87031e-01
5.23450e+03 9.88016e-01
5.23500e+03 9.87487e-01
5.23550e+03 9.88472e-01
5.23600e+03 9.89024e-01
5.23650e+03 9.90118e-01
5.23700e+03 9.90779e-01
5.23750e+03 9.91657e-01
5.23800e+03 9.91343e-01
5.23850e+03 9.91463e-01
5.23900e+03 9.92341e-01
5.23950e+03 9.92244e-01
5.24000e+03 9.92255e-01
5.24050e+03 9.92807e-01
5.24100e+03 9.92278e-01
5.24150e+03 9.92939e-01
5.24200e+03 9.94250e-01
5.24250e+03 9.93828e-01
5.24300e+03 9.95141e-01
5.24350e+03 9.95151e-01
5.24400e+03 9.95597e-01
5.24450e+03 9.95391e-01
5.24500e+03 9.95511e-01
5.24550e+03 9.95848e-01
5.24600e+03 9.95860e-01
5.24650e+03 9.96088e-01
5.24700e+03 9.95015e-01
5.24750e+03 9.95135e-01
5.24800e+03 9.95363e-01
5.24850e+03 9.95265e-01
5.24900e+03 9.95603e-01
5.24950e+03 9.95505e-01
5.25000e+03 9.94757e-01
5.25050e+03 9.94986e-01
5.25100e+03 9.94563e-01
5.25150e+03 9.95335e-01
5.25200e+03 9.94586e-01
5.25250e+03 9.94380e-01
5.25300e+03 9.93304e-01
5.25350e+03 9.92447e-01
5.25400e+03 9.93110e-01
5.25450e+03 9.92359e-01
5.25500e+03 9.93240e-01
5.25550e+03 9.93034e-01
5.25600e+03 9.92718e-01
5.25650e+03 9.92622e-01
5.25700e+03 9.92197e-01
5.25750e+03 9.91990e-01
5.25800e+03 9.91892e-01
5.25850e+03 9.91141e-01
5.25900e+03 9.90716e-01
5.25950e+03 9.89747e-01
5.26000e+03 9.89865e-01
5.26050e+03 9.89332e-01
5.26100e+03 9.89342e-01
5.26150e+03 9.89896e-01
5.26200e+03 9.88491e-01
5.26250e+03 9.88392e-01
5.26300e+03 9.87530e-01
5.26350e+03 9.86996e-01
5.26400e+03 9.86460e-01
5.26450e+03 9.85925e-01
5.26500e+03 9.85062e-01
5.26550e+03 9.84527e-01
5.26600e+03 9.84645e-01
5.26650e+03 9.84764e-01
5.26700e+03 9.85318e-01
5.26750e+03 9.84237e-01
5.26800e+03 9.83810e-01
5.26850e+03 9.83493e-01
5.26900e+03 9.83719e-01
5.26950e+03 9.83292e-01
5.27000e+03 9.83847e-01
5.27050e+03 9.83747e-01
5.27100e+03 9.84193e-01
5.27150e+03 9.84638e-01
5.27200e+03 9.84211e-01
5.27250e+03 9.84656e-01
5.27300e+03 9.84557e-01
5.27350e+03 9.84457e-01
5.27400e+03 9.84575e-01
5.27450e+03 9.84693e-01
5.27500e+03 9.84265e-01
5.27550e+03 9.85365e-01
5.27600e+03 9.84937e-01
5.27650e+03 9.85602e-01
5.27700e+03 9.85503e-01
5.27750e+03 9.84856e-01
5.27800e+03 9.84429e-01
5.27850e+03 9.84984e-01
5.27900e+03 9.84229e-01
5.27950e+03 9.84348e-01
5.28000e+03 9.84031e-01
5.28050e+03 9.83712e-01
5.28100e+03 9.84159e-01
5.28150e+03 9.83512e-01
5.28200e+03 9.82756e-01
5.28250e+03 9.81890e-01
5.28300e+03 9.81352e-01
5.28350e+03 9.80704e-01
5.28400e+03 9.80823e-01
5.28450e+03 9.79957e-01
5.28500e+03 9.79748e-01
5.28550e+03 9.79428e-01
5.28600e+03 9.78999e-01
5.28650e+03 9.78678e-01
5.28700e+03 9.78687e-01
5.28750e+03 9.78477e-01
5.28800e+03 9.78266e-01
5.28850e+03 9.77068e-01
5.28900e+03 9.76527e-01
5.28950e+03 9.76973e-01
5.29000e+03 9.77747e-01
5.29050e+03 9.78084e-01
5.29100e+03 9.78201e-01
5.29150e+03 9.77660e-01
5.29200e+03 9.77119e-01
5.29250e+03 9.76688e-01
5.29300e+03 9.76698e-01
5.29350e+03 9.76928e-01
5.29400e+03 9.77159e-01
5.29450e+03 9.77720e-01
5.29500e+03 9.76962e-01
5.29550e+03 9.76533e-01
5.29600e+03 9.76869e-01
5.29650e+03 9.77640e-01
5.29700e+03 9.78299e-01
5.29750e+03 9.78513e-01
5.29800e+03 9.77954e-01
5.29850e+03 9.78491e-01
5.29900e+03 9.79244e-01
5.29950e+03 9.79339e-01
5.30000e+03 9.80754e-01
5.30050e+03 9.81730e-01
5.30100e+03 9.82268e-01
5.30150e+03 9.83025e-01
5.30200e+03 9.83782e-01
5.30250e+03 9.84320e-01
5.30300e+03 9.85189e-01
5.30350e+03 9.86059e-01
5.30400e+03 9.86599e-01
5.30450e+03 9.86919e-01
5.30500e+03 9.86799e-01
5.30550e+03 9.87998e-01
5.30600e+03 9.88757e-01
5.30650e+03 9.89073e-01
5.30700e+03 9.89499e-01
5.30750e+03 9.90251e-01
5.30800e+03 9.89793e-01
5.30850e+03 9.90543e-01
5.30900e+03 9.90193e-01
5.30950e+03 9.90283e-01
5.31000e+03 9.90924e-01
5.31050e+03 9.90904e-01
5.31100e+03 9.91877e-01
5.31150e+03 9.92850e-01
5.31200e+03 9.92831e-01
5.31250e+03 9.94355e-01
5.31300e+03 9.95218e-01
5.31350e+03 9.94651e-01
5.31400e+03 9.94965e-01
5.31450e+03 9.95498e-01
5.31500e+03 9.96253e-01
5.31550e+03 9.96566e-01
5.31600e+03 9.96990e-01
5.31650e+03 9.97302e-01
5.31700e+03 9.99047e-01
5.31750e+03 9.99139e-01
5.31800e+03 1.00000e+00
5.31850e+03 9.99871e-01
5.31900e+03 9.99189e-01
5.31950e+03 9.98287e-01
5.32000e+03 9.99041e-01
5.32050e+03 9.98801e-01
5.32100e+03 9.98010e-01
5.32150e+03 9.98323e-01
5.32200e+03 9.98305e-01
5.32250e+03 9.98287e-01
5.32300e+03 9.97719e-01
5.32350e+03 9.97702e-01
5.32400e+03 9.97907e-01
5.32450e+03 9.97228e-01
5.32500e+03 9.95445e-01
5.32550e+03 9.95317e-01
5.32600e+03 9.93312e-01
5.32650e+03 9.93183e-01
5.32700e+03 9.92721e-01
5.32750e+03 9.92149e-01
5.32800e+03 9.90692e-01
5.32850e+03 9.89455e-01
5.32900e+03 9.88329e-01
5.32950e+03 9.87093e-01
5.33000e+03 9.85415e-01
5.33050e+03 9.84180e-01
5.33100e+03 9.82170e-01
5.33150e+03 9.80493e-01
5.33200e+03 9.78705e-01
5.33250e+03 9.77913e-01
5.33300e+03 9.77011e-01
5.33350e+03 9.75557e-01
5.33400e+03 9.74212e-01
5.33450e+03 9.71983e-01
5.33500e+03 9.69642e-01
5.33550e+03 9.68517e-01
5.33600e+03 9.66948e-01
5.33650e+03 9.64824e-01
5.33700e+03 9.63473e-01
5.33750e+03 9.60681e-01
5.33800e+03 9.58774e-01
5.33850e+03 9.55539e-01
5.33900e+03 9.53409e-01
5.33950e+03 9.51281e-01
5.34000e+03 9.49153e-01
5.34050e+03 9.46140e-01
5.34100e+03 9.43237e-01
5.34150e+03 9.39781e-01
5.34200e+03 9.36768e-01
5.34250e+03 9.34088e-01
5.34300e+03 9.31740e-01
5.34350e+03 9.27953e-01
5.34400e+03 9.24387e-01
5.34450e+03 9.20709e-01
5.34500e+03 9.16918e-01
5.34550e+03 9.14234e-01
5.34600e+03 9.10884e-01
5.34650e+03 9.07863e-01
5.34700e+03 9.04286e-01
5.34750e+03 9.00042e-01
5.34800e+03 8.96350e-01
5.34850e+03 8.92437e-01
5.34900e+03 8.88967e-01
5.34950e+03 8.85718e-01
5.35000e+03 8.82139e-01
5.35050e+03 8.78227e-01
5.35100e+03 8.74092e-01
5.35150e+03 8.70290e-01
5.35200e+03 8.66156e-01
5.35250e+03 8.62134e-01
5.35300e+03 8.58002e-01
5.35350e+03 8.53647e-01
5.35400e+03 8.49069e-01
5.35450e+03 8.44712e-01
5.35500e+03 8.40132e-01
5.35550e+03 8.36103e-01
5.35600e+03 8.31184e-01
5.35650e+03 8.26372e-01
5.35700e+03 8.21004e-01
5.35750e+03 8.15411e-01
5.35800e+03 8.09595e-01
5.35850e+03 8.04110e-01
5.35900e+03 7.98737e-01
5.35950e+03 7.92919e-01
5.36000e+03 7.87436e-01
5.36050e+03 7.81730e-01
5.36100e+03 7.76025e-01
5.36150e+03 7.69763e-01
5.36200e+03 7.63835e-01
5.36250e+03 7.57352e-01
5.36300e+03 7.51091e-01
5.36350e+03 7.44163e-01
5.36400e+03 7.37566e-01
5.36450e+03 7.30967e-01
5.36500e+03 7.24476e-01
5.36550e+03 7.17872e-01
5.36600e+03 7.11486e-01
5.36650e+03 7.04318e-01
5.36700e+03 6.98037e-01
5.36750e+03 6.91087e-01
5.36800e+03 6.84469e-01
5.36850e+03 6.77627e-01
5.36900e+03 6.70785e-01
5.36950e+03 6.64278e-01
5.37000e+03 6.57213e-01
5.37050e+03 6.50372e-01
5.37100e+03 6.43309e-01
5.37150e+03 6.36689e-01
5.37200e+03 6.30070e-01
5.37250e+03 6.22672e-01
5.37300e+03 6.15607e-01
5.37350e+03 6.09100e-01
5.37400e+03 6.02366e-01
5.37450e+03 5.95854e-01
5.37500e+03 5.88224e-01
5.37550e+03 5.81259e-01
5.37600e+03 5.74959e-01
5.37650e+03 5.68432e-01
5.37700e+03 5.61348e-01
5.37750e+03 5.54037e-01
5.37800e+03 5.47617e-01
5.37850e+03 5.40529e-01
5.37900e+03 5.33662e-01
5.37950e+03 5.26461e-01
5.38000e+03 5.19260e-01
5.38050e+03 5.12505e-01
5.38100e+03 5.05527e-01
5.38150e+03 4.98438e-01
5.38200e+03 4.91571e-01
5.38250e+03 4.84370e-01
5.38300e+03 4.77837e-01
5.38350e+03 4.71415e-01
5.38400e+03 4.63763e-01
5.38450e+03 4.56667e-01
5.38500e+03 4.50347e-01
5.38550e+03 4.43880e-01
5.38600e+03 4.36817e-01
5.38650e+03 4.30181e-01
5.38700e+03 4.23989e-01
5.38750e+03 4.17587e-01
5.38800e+03 4.11103e-01
5.38850e+03 4.04884e-01
5.38900e+03 3.98497e-01
5.38950e+03 3.92402e-01
5.39000e+03 3.86386e-01
5.39050e+03 3.81136e-01
5.39100e+03 3.75322e-01
5.39150e+03 3.69375e-01
5.39200e+03 3.63869e-01
5.39250e+03 3.58278e-01
5.39300e+03 3.52407e-01
5.39350e+03 3.46511e-01
5.39400e+03 3.40730e-01
5.39450e+03 3.35089e-01
5.39500e+03 3.29150e-01
5.39550e+03 3.23882e-01
5.39600e+03 3.18607e-01
5.39650e+03 3.13330e-01
5.39700e+03 3.08277e-01
5.39750e+03 3.03004e-01
5.39800e+03 2.97738e-01
5.39850e+03 2.92592e-01
5.39900e+03 2.87567e-01
5.39950e+03 2.82891e-01
5.40000e+03 2.77894e-01
5.40050e+03 2.72799e-01
5.40100e+03 2.68040e-01
5.40150e+03 2.63380e-01
5.40200e+03 2.58712e-01
5.40250e+03 2.53812e-01
5.40300e+03 2.49693e-01
5.40350e+03 2.45009e-01
5.40400e+03 2.40883e-01
5.40450e+03 2.36645e-01
5.40500e+03 2.32290e-01
5.40550e+03 2.28041e-01
5.40600e+03 2.24124e-01
5.40650e+03 2.19980e-01
5.40700e+03 2.15948e-01
5.40750e+03 2.11915e-01
5.40800e+03 2.07886e-01
5.40850e+03 2.04082e-01
5.40900e+03 2.00172e-01
5.40950e+03 1.96604e-01
5.41000e+03 1.92816e-01
5.41050e+03 1.89595e-01
5.41100e+03 1.86374e-01
5.41150e+03 1.83035e-01
5.41200e+03 1.79580e-01
5.41250e+03 1.76458e-01
5.41300e+03 1.73335e-01
5.41350e+03 1.70097e-01
5.41400e+03 1.66634e-01
5.41450e+03 1.63618e-01
5.41500e+03 1.60710e-01
5.41550e+03 1.57799e-01
5.41600e+03 1.54998e-01
5.41650e+03 1.51972e-01
5.41700e+03 1.49057e-01
5.41750e+03 1.46031e-01
5.41800e+03 1.43343e-01
5.41850e+03 1.40431e-01
5.41900e+03 1.37522e-01
5.41950e+03 1.34840e-01
5.42000e+03 1.32162e-01
5.42050e+03 1.29374e-01
5.42100e+03 1.26922e-01
5.42150e+03 1.24579e-01
5.42200e+03 1.22346e-01
5.42250e+03 1.19887e-01
5.42300e+03 1.17315e-01
5.42350e+03 1.14853e-01
5.42400e+03 1.12504e-01
5.42450e+03 1.10422e-01
5.42500e+03 1.08450e-01
5.42550e+03 1.06206e-01
5.42600e+03 1.03984e-01
5.42650e+03 1.02065e-01
5.42700e+03 9.99432e-02
5.42750e+03 9.78218e-02
5.42800e+03 9.58473e-02
5.42850e+03 9.37275e-02
5.42900e+03 9.19466e-02
5.42950e+03 8.98300e-02
5.43000e+03 8.77603e-02
5.43050e+03 8.59960e-02
5.43100e+03 8.41291e-02
5.43150e+03 8.22945e-02
5.43200e+03 8.05484e-02
5.43250e+03 7.87563e-02
5.43300e+03 7.67382e-02
5.43350e+03 7.51135e-02
5.43400e+03 7.37244e-02
5.43450e+03 7.20071e-02
5.43500e+03 7.04689e-02
5.43550e+03 6.89634e-02
5.43600e+03 6.72097e-02
5.43650e+03 6.57595e-02
5.43700e+03 6.40391e-02
5.43750e+03 6.28593e-02
5.43800e+03 6.15222e-02
5.43850e+03 6.00393e-02
5.43900e+03 5.86585e-02
5.43950e+03 5.74813e-02
5.44000e+03 5.62150e-02
5.44050e+03 5.49495e-02
5.44100e+03 5.38860e-02
5.44150e+03 5.26189e-02
5.44200e+03 5.13059e-02
5.44250e+03 5.01163e-02
5.44300e+03 4.89037e-02
5.44350e+03 4.76682e-02
5.44400e+03 4.66123e-02
5.44450e+03 4.55442e-02
5.44500e+03 4.46897e-02
5.44550e+03 4.35303e-02
5.44600e+03 4.24721e-02
5.44650e+03 4.15604e-02
5.44700e+03 4.05809e-02
5.44750e+03 3.95113e-02
5.44800e+03 3.85208e-02
5.44850e+03 3.75532e-02
5.44900e+03 3.66311e-02
5.44950e+03 3.57093e-02
5.45000e+03 3.49687e-02
5.45050e+03 3.41606e-02
5.45100e+03 3.34988e-02
5.45150e+03 3.27915e-02
5.45200e+03 3.20048e-02
5.45250e+03 3.11500e-02
5.45300e+03 3.03288e-02
5.45350e+03 2.95637e-02
5.45400e+03 2.88659e-02
5.45450e+03 2.81902e-02
5.45500e+03 2.76612e-02
5.45550e+03 2.69736e-02
5.45600e+03 2.63876e-02
5.45650e+03 2.58919e-02
5.45700e+03 2.52041e-02
5.45750e+03 2.47423e-02
5.45800e+03 2.40320e-02
5.45850e+03 2.34461e-02
5.45900e+03 2.27588e-02
5.45950e+03 2.21393e-02
5.46000e+03 2.16444e-02
5.46050e+03 2.12626e-02
5.46100e+03 2.07677e-02
5.46150e+03 2.03063e-02
5.46200e+03 1.98222e-02
5.46250e+03 1.93266e-02
5.46300e+03 1.88986e-02
5.46350e+03 1.84818e-02
5.46400e+03 1.80759e-02
5.46450e+03 1.75681e-02
5.46500e+03 1.72298e-02
5.46550e+03 1.67443e-02
5.46600e+03 1.62587e-02
5.46650e+03 1.57956e-02
5.46700e+03 1.54684e-02
5.46750e+03 1.50959e-02
5.46800e+03 1.46781e-02
5.46850e+03 1.42264e-02
5.46900e+03 1.38541e-02
5.46950e+03 1.34931e-02
5.47000e+03 1.31323e-02
5.47050e+03 1.27488e-02
5.47100e+03 1.24219e-02
5.47150e+03 1.20834e-02
5.47200e+03 1.18015e-02
5.47250e+03 1.14402e-02
5.47300e+03 1.11139e-02
5.47350e+03 1.08565e-02
5.47400e+03 1.06149e-02
5.47450e+03 1.04422e-02
5.47500e+03 1.01143e-02
5.47550e+03 9.89054e-03
5.47600e+03 9.68374e-03
5.47650e+03 9.39078e-03
5.47700e+03 9.13181e-03
5.47750e+03 8.92497e-03
5.47800e+03 8.64787e-03
5.47850e+03 8.44105e-03
5.47900e+03 8.11297e-03
5.47950e+03 7.88922e-03
5.48000e+03 7.64738e-03
5.48050e+03 7.45881e-03
5.48100e+03 7.37225e-03
5.48150e+03 7.13139e-03
5.48200e+03 7.04474e-03
5.48250e+03 6.82077e-03
5.48300e+03 6.64779e-03
5.48350e+03 6.37146e-03
5.48400e+03 6.19946e-03
5.48450e+03 6.07847e-03
5.48500e+03 5.92341e-03
5.48550e+03 5.71496e-03
5.48600e+03 5.66425e-03
5.48650e+03 5.49094e-03
5.48700e+03 5.40501e-03
5.48750e+03 5.28391e-03
5.48800e+03 5.17982e-03
5.48850e+03 5.11093e-03
5.48900e+03 4.86945e-03
5.48950e+03 4.74834e-03
5.49000e+03 4.61021e-03
5.49050e+03 4.45504e-03
5.49100e+03 4.43730e-03
5.49150e+03 4.33437e-03
5.49200e+03 4.21321e-03
5.49250e+03 4.09201e-03
5.49300e+03 4.00600e-03
5.49350e+03 3.91881e-03
5.49400e+03 3.83273e-03
5.49450e+03 3.72956e-03
5.49500e+03 3.62525e-03
5.49550e+03 3.52204e-03
5.49600e+03 3.46999e-03
5.49650e+03 3.31332e-03
5.49700e+03 3.19300e-03
5.49750e+03 3.14092e-03
5.49800e+03 3.00240e-03
5.49850e+03 2.96738e-03
5.49900e+03 2.79472e-03
5.49950e+03 2.75968e-03
5.50000e+03 2.67348e-03
5.50050e+03 2.65666e-03
5.50100e+03 2.58752e-03
5.50150e+03 2.46601e-03
5.50200e+03 2.37860e-03
5.50250e+03 2.34467e-03
5.50300e+03 2.25836e-03
5.50350e+03 2.22324e-03
5.50400e+03 2.06744e-03
5.50450e+03 2.05052e-03
5.50500e+03 2.08482e-03
5.50550e+03 2.01552e-03
5.50600e+03 1.92912e-03
5.50650e+03 1.87686e-03
5.50700e+03 1.87699e-03
5.50750e+03 1.80765e-03
5.50800e+03 1.77247e-03
5.50850e+03 1.68603e-03
5.50900e+03 1.63376e-03
5.50950e+03 1.63390e-03
5.51000e+03 1.51326e-03
5.51050e+03 1.42565e-03
5.51100e+03 1.39159e-03
5.51150e+03 1.30397e-03
5.51200e+03 1.30409e-03
5.51250e+03 1.25290e-03
