# Filter name : Subaru/Suprime.IB679
# Description : Suprime IB679 filter  (full transmission)
# Photometric system : Suprime
# FilterType : photon
# Band name : ------
# Observatory : Subaru
# Instrument : Suprime
# Comments : ------
# 
6.46250e+03 0.00000e+00
6.46300e+03 1.04396e-03
6.46350e+03 1.28445e-03
6.46400e+03 1.46763e-03
6.46450e+03 1.46771e-03
6.46500e+03 1.46780e-03
6.46550e+03 1.60939e-03
6.46600e+03 1.77876e-03
6.46650e+03 1.60958e-03
6.46700e+03 1.79284e-03
6.46750e+03 1.51077e-03
6.46800e+03 1.51086e-03
6.46850e+03 1.86347e-03
6.46900e+03 1.61004e-03
6.46950e+03 1.61014e-03
6.47000e+03 1.61023e-03
6.47050e+03 1.53906e-03
6.47100e+03 1.55303e-03
6.47150e+03 1.56794e-03
6.47200e+03 1.24312e-03
6.47250e+03 1.35613e-03
6.47300e+03 1.46915e-03
6.47350e+03 1.39887e-03
6.47400e+03 1.29989e-03
6.47450e+03 1.66754e-03
6.47500e+03 1.24356e-03
6.47550e+03 1.17232e-03
6.47600e+03 1.28630e-03
6.47650e+03 1.46975e-03
6.47700e+03 1.93569e-03
6.47750e+03 2.14791e-03
6.47800e+03 2.26103e-03
6.47850e+03 2.54462e-03
6.47900e+03 2.54477e-03
6.47950e+03 2.64311e-03
6.48000e+03 2.89805e-03
6.48050e+03 2.89821e-03
6.48100e+03 2.78533e-03
6.48150e+03 3.15337e-03
6.48200e+03 3.15355e-03
6.48250e+03 2.85625e-03
6.48300e+03 3.11128e-03
6.48350e+03 3.46459e-03
6.48400e+03 3.64925e-03
6.48450e+03 3.64946e-03
6.48500e+03 3.83321e-03
6.48550e+03 4.01699e-03
6.48600e+03 4.01722e-03
6.48650e+03 4.01745e-03
6.48700e+03 4.20220e-03
6.48750e+03 3.99009e-03
6.48800e+03 4.17393e-03
6.48850e+03 4.17416e-03
6.48900e+03 4.57135e-03
6.48950e+03 4.57161e-03
6.49000e+03 5.06718e-03
6.49050e+03 5.27989e-03
6.49100e+03 5.56313e-03
6.49150e+03 5.46418e-03
6.49200e+03 5.45057e-03
6.49250e+03 5.25233e-03
6.49300e+03 5.15336e-03
6.49350e+03 4.96991e-03
6.49400e+03 5.25323e-03
6.49450e+03 5.15424e-03
6.49500e+03 5.15453e-03
6.49550e+03 5.36736e-03
6.49600e+03 5.75008e-03
6.49650e+03 5.84973e-03
6.49700e+03 5.66626e-03
6.49750e+03 5.86432e-03
6.49800e+03 5.66692e-03
6.49850e+03 5.85099e-03
6.49900e+03 5.75174e-03
6.49950e+03 6.03494e-03
6.50000e+03 6.26153e-03
6.50050e+03 6.55966e-03
6.50100e+03 6.55975e-03
6.50150e+03 6.55984e-03
6.50200e+03 6.85705e-03
6.50250e+03 7.32513e-03
6.50300e+03 7.42457e-03
6.50350e+03 7.60853e-03
6.50400e+03 7.32543e-03
6.50450e+03 7.50938e-03
6.50500e+03 7.41013e-03
6.50550e+03 7.31180e-03
6.50600e+03 7.59513e-03
6.50650e+03 8.07718e-03
6.50700e+03 8.28902e-03
6.50750e+03 8.58725e-03
6.50800e+03 8.47405e-03
6.50850e+03 8.37474e-03
6.50900e+03 8.37477e-03
6.50950e+03 8.74346e-03
6.51000e+03 8.55868e-03
6.51050e+03 8.67201e-03
6.51100e+03 8.87078e-03
6.51150e+03 8.98412e-03
6.51200e+03 9.18288e-03
6.51250e+03 9.37980e-03
6.51300e+03 9.96492e-03
6.51350e+03 1.03736e-02
6.51400e+03 1.05965e-02
6.51450e+03 1.04201e-02
6.51500e+03 1.08009e-02
6.51550e+03 1.09124e-02
6.51600e+03 1.11074e-02
6.51650e+03 1.15254e-02
6.51700e+03 1.17298e-02
6.51750e+03 1.19620e-02
6.51800e+03 1.28537e-02
6.51850e+03 1.30487e-02
6.51900e+03 1.34667e-02
6.51950e+03 1.38475e-02
6.52000e+03 1.42562e-02
6.52050e+03 1.43678e-02
6.52100e+03 1.43864e-02
6.52150e+03 1.42842e-02
6.52200e+03 1.43679e-02
6.52250e+03 1.46837e-02
6.52300e+03 1.46838e-02
6.52350e+03 1.45817e-02
6.52400e+03 1.49904e-02
6.52450e+03 1.54920e-02
6.52500e+03 1.58914e-02
6.52550e+03 1.59008e-02
6.52600e+03 1.55015e-02
6.52650e+03 1.56223e-02
6.52700e+03 1.57338e-02
6.52750e+03 1.57339e-02
6.52800e+03 1.57339e-02
6.52850e+03 1.65141e-02
6.52900e+03 1.72015e-02
6.52950e+03 1.78982e-02
6.53000e+03 1.84926e-02
6.53050e+03 1.88921e-02
6.53100e+03 1.95980e-02
6.53150e+03 2.02947e-02
6.53200e+03 2.05920e-02
6.53250e+03 2.08800e-02
6.53300e+03 2.11587e-02
6.53350e+03 2.18275e-02
6.53400e+03 2.23106e-02
6.53450e+03 2.28866e-02
6.53500e+03 2.34718e-02
6.53550e+03 2.41685e-02
6.53600e+03 2.49303e-02
6.53650e+03 2.52182e-02
6.53700e+03 2.52834e-02
6.53750e+03 2.59523e-02
6.53800e+03 2.61474e-02
6.53850e+03 2.64354e-02
6.53900e+03 2.67049e-02
6.53950e+03 2.78754e-02
6.54000e+03 2.87394e-02
6.54050e+03 2.99099e-02
6.54100e+03 3.09874e-02
6.54150e+03 3.16657e-02
6.54200e+03 3.25575e-02
6.54250e+03 3.27248e-02
6.54300e+03 3.32916e-02
6.54350e+03 3.45550e-02
6.54400e+03 3.49360e-02
6.54450e+03 3.59208e-02
6.54500e+03 3.65990e-02
6.54550e+03 3.71937e-02
6.54600e+03 3.81599e-02
6.54650e+03 3.90239e-02
6.54700e+03 3.98880e-02
6.54750e+03 4.01389e-02
6.54800e+03 4.09194e-02
6.54850e+03 4.15048e-02
6.54900e+03 4.22574e-02
6.54950e+03 4.33165e-02
6.55000e+03 4.36604e-02
6.55050e+03 4.50168e-02
6.55100e+03 4.58716e-02
6.55150e+03 4.59554e-02
6.55200e+03 4.69217e-02
6.55250e+03 4.74886e-02
6.55300e+03 4.89473e-02
6.55350e+03 4.96813e-02
6.55400e+03 5.05361e-02
6.55450e+03 5.17718e-02
6.55500e+03 5.29147e-02
6.55550e+03 5.39647e-02
6.55600e+03 5.52655e-02
6.55650e+03 5.60181e-02
6.55700e+03 5.71796e-02
6.55750e+03 5.82296e-02
6.55800e+03 5.95768e-02
6.55850e+03 6.10078e-02
6.55900e+03 6.22622e-02
6.55950e+03 6.39904e-02
6.56000e+03 6.56350e-02
6.56050e+03 6.73818e-02
6.56100e+03 6.87106e-02
6.56150e+03 7.06526e-02
6.56200e+03 7.26967e-02
6.56250e+03 7.43693e-02
6.56300e+03 7.61255e-02
6.56350e+03 7.79931e-02
6.56400e+03 7.99816e-02
6.56450e+03 8.15706e-02
6.56500e+03 8.27601e-02
6.56550e+03 8.46279e-02
6.56600e+03 8.68021e-02
6.56650e+03 8.89114e-02
6.56700e+03 9.14110e-02
6.56750e+03 9.36503e-02
6.56800e+03 9.56017e-02
6.56850e+03 9.80176e-02
6.56900e+03 9.97831e-02
6.56950e+03 1.01549e-01
6.57000e+03 1.03593e-01
6.57050e+03 1.06102e-01
6.57100e+03 1.07961e-01
6.57150e+03 1.10098e-01
6.57200e+03 1.12513e-01
6.57250e+03 1.15395e-01
6.57300e+03 1.18275e-01
6.57350e+03 1.21341e-01
6.57400e+03 1.23850e-01
6.57450e+03 1.26359e-01
6.57500e+03 1.28218e-01
6.57550e+03 1.31006e-01
6.57600e+03 1.34351e-01
6.57650e+03 1.37139e-01
6.57700e+03 1.40112e-01
6.57750e+03 1.43458e-01
6.57800e+03 1.46711e-01
6.57850e+03 1.49684e-01
6.57900e+03 1.52472e-01
6.57950e+03 1.55539e-01
6.58000e+03 1.58884e-01
6.58050e+03 1.62323e-01
6.58100e+03 1.65762e-01
6.58150e+03 1.69014e-01
6.58200e+03 1.72638e-01
6.58250e+03 1.76169e-01
6.58300e+03 1.80816e-01
6.58350e+03 1.84440e-01
6.58400e+03 1.87507e-01
6.58450e+03 1.91224e-01
6.58500e+03 1.94756e-01
6.58550e+03 1.98473e-01
6.58600e+03 2.02284e-01
6.58650e+03 2.06373e-01
6.58700e+03 2.11206e-01
6.58750e+03 2.15109e-01
6.58800e+03 2.19199e-01
6.58850e+03 2.23474e-01
6.58900e+03 2.28493e-01
6.58950e+03 2.33325e-01
6.59000e+03 2.38808e-01
6.59050e+03 2.43734e-01
6.59100e+03 2.47824e-01
6.59150e+03 2.52285e-01
6.59200e+03 2.56746e-01
6.59250e+03 2.61487e-01
6.59300e+03 2.67620e-01
6.59350e+03 2.73196e-01
6.59400e+03 2.77936e-01
6.59450e+03 2.83327e-01
6.59500e+03 2.88253e-01
6.59550e+03 2.93735e-01
6.59600e+03 2.98382e-01
6.59650e+03 3.03401e-01
6.59700e+03 3.07955e-01
6.59750e+03 3.13437e-01
6.59800e+03 3.17898e-01
6.59850e+03 3.23195e-01
6.59900e+03 3.29143e-01
6.59950e+03 3.34811e-01
6.60000e+03 3.41781e-01
6.60050e+03 3.48658e-01
6.60100e+03 3.54234e-01
6.60150e+03 3.59717e-01
6.60200e+03 3.66502e-01
6.60250e+03 3.72821e-01
6.60300e+03 3.79048e-01
6.60350e+03 3.85646e-01
6.60400e+03 3.92708e-01
6.60450e+03 3.99307e-01
6.60500e+03 4.06183e-01
6.60550e+03 4.11293e-01
6.60600e+03 4.17891e-01
6.60650e+03 4.24860e-01
6.60700e+03 4.31085e-01
6.60750e+03 4.37960e-01
6.60800e+03 4.43164e-01
6.60850e+03 4.48180e-01
6.60900e+03 4.54405e-01
6.60950e+03 4.60445e-01
6.61000e+03 4.66019e-01
6.61050e+03 4.71315e-01
6.61100e+03 4.76797e-01
6.61150e+03 4.83301e-01
6.61200e+03 4.89247e-01
6.61250e+03 4.96588e-01
6.61300e+03 5.04206e-01
6.61350e+03 5.12754e-01
6.61400e+03 5.19166e-01
6.61450e+03 5.24926e-01
6.61500e+03 5.31895e-01
6.61550e+03 5.39142e-01
6.61600e+03 5.47132e-01
6.61650e+03 5.53821e-01
6.61700e+03 5.61162e-01
6.61750e+03 5.68315e-01
6.61800e+03 5.74819e-01
6.61850e+03 5.82251e-01
6.61900e+03 5.90521e-01
6.61950e+03 5.97303e-01
6.62000e+03 6.04085e-01
6.62050e+03 6.09659e-01
6.62100e+03 6.14212e-01
6.62150e+03 6.20808e-01
6.62200e+03 6.27869e-01
6.62250e+03 6.34744e-01
6.62300e+03 6.41247e-01
6.62350e+03 6.48773e-01
6.62400e+03 6.54812e-01
6.62450e+03 6.61594e-01
6.62500e+03 6.67540e-01
6.62550e+03 6.73115e-01
6.62600e+03 6.79710e-01
6.62650e+03 6.85377e-01
6.62700e+03 6.91695e-01
6.62750e+03 6.97919e-01
6.62800e+03 7.03214e-01
6.62850e+03 7.07673e-01
6.62900e+03 7.13433e-01
6.62950e+03 7.18729e-01
6.63000e+03 7.24024e-01
6.63050e+03 7.30898e-01
6.63100e+03 7.37031e-01
6.63150e+03 7.40096e-01
6.63200e+03 7.44926e-01
6.63250e+03 7.49757e-01
6.63300e+03 7.55331e-01
6.63350e+03 7.61648e-01
6.63400e+03 7.65642e-01
6.63450e+03 7.70843e-01
6.63500e+03 7.74093e-01
6.63550e+03 7.77344e-01
6.63600e+03 7.82174e-01
6.63650e+03 7.88955e-01
6.63700e+03 7.94807e-01
6.63750e+03 7.98801e-01
6.63800e+03 8.02980e-01
6.63850e+03 8.05858e-01
6.63900e+03 8.09387e-01
6.63950e+03 8.14495e-01
6.64000e+03 8.18117e-01
6.64050e+03 8.22575e-01
6.64100e+03 8.26197e-01
6.64150e+03 8.28425e-01
6.64200e+03 8.33627e-01
6.64250e+03 8.37434e-01
6.64300e+03 8.42543e-01
6.64350e+03 8.47837e-01
6.64400e+03 8.52946e-01
6.64450e+03 8.56661e-01
6.64500e+03 8.59261e-01
6.64550e+03 8.62047e-01
6.64600e+03 8.65111e-01
6.64650e+03 8.68734e-01
6.64700e+03 8.71242e-01
6.64750e+03 8.74678e-01
6.64800e+03 8.78486e-01
6.64850e+03 8.81829e-01
6.64900e+03 8.84523e-01
6.64950e+03 8.89632e-01
6.65000e+03 8.92418e-01
6.65050e+03 8.93253e-01
6.65100e+03 8.95388e-01
6.65150e+03 8.98639e-01
6.65200e+03 9.00681e-01
6.65250e+03 9.02538e-01
6.65300e+03 9.05231e-01
6.65350e+03 9.06344e-01
6.65400e+03 9.08201e-01
6.65450e+03 9.10058e-01
6.65500e+03 9.12936e-01
6.65550e+03 9.14886e-01
6.65600e+03 9.17764e-01
6.65650e+03 9.21665e-01
6.65700e+03 9.23708e-01
6.65750e+03 9.23242e-01
6.65800e+03 9.26584e-01
6.65850e+03 9.32157e-01
6.65900e+03 9.35686e-01
6.65950e+03 9.35778e-01
6.66000e+03 9.37076e-01
6.66050e+03 9.40420e-01
6.66100e+03 9.43670e-01
6.66150e+03 9.47385e-01
6.66200e+03 9.50542e-01
6.66250e+03 9.53607e-01
6.66300e+03 9.54534e-01
6.66350e+03 9.55182e-01
6.66400e+03 9.56389e-01
6.66450e+03 9.57409e-01
6.66500e+03 9.58614e-01
6.66550e+03 9.58891e-01
6.66600e+03 9.58611e-01
6.66650e+03 9.58144e-01
6.66700e+03 9.59815e-01
6.66750e+03 9.61578e-01
6.66800e+03 9.62506e-01
6.66850e+03 9.62132e-01
6.66900e+03 9.61387e-01
6.66950e+03 9.60828e-01
6.67000e+03 9.61662e-01
6.67050e+03 9.61381e-01
6.67100e+03 9.62587e-01
6.67150e+03 9.64537e-01
6.67200e+03 9.63884e-01
6.67250e+03 9.62582e-01
6.67300e+03 9.63324e-01
6.67350e+03 9.66016e-01
6.67400e+03 9.66851e-01
6.67450e+03 9.66013e-01
6.67500e+03 9.64896e-01
6.67550e+03 9.65359e-01
6.67600e+03 9.65544e-01
6.67650e+03 9.63778e-01
6.67700e+03 9.62754e-01
6.67750e+03 9.63495e-01
6.67800e+03 9.61915e-01
6.67850e+03 9.60334e-01
6.67900e+03 9.58567e-01
6.67950e+03 9.56150e-01
6.68000e+03 9.57356e-01
6.68050e+03 9.54660e-01
6.68100e+03 9.53359e-01
6.68150e+03 9.52428e-01
6.68200e+03 9.49825e-01
6.68250e+03 9.47872e-01
6.68300e+03 9.46570e-01
6.68350e+03 9.43131e-01
6.68400e+03 9.41363e-01
6.68450e+03 9.41547e-01
6.68500e+03 9.42381e-01
6.68550e+03 9.40706e-01
6.68600e+03 9.40611e-01
6.68650e+03 9.39029e-01
6.68700e+03 9.38656e-01
6.68750e+03 9.37817e-01
6.68800e+03 9.35585e-01
6.68850e+03 9.36605e-01
6.68900e+03 9.37810e-01
6.68950e+03 9.38551e-01
6.69000e+03 9.38363e-01
6.69050e+03 9.39569e-01
6.69100e+03 9.37244e-01
6.69150e+03 9.38357e-01
6.69200e+03 9.40215e-01
6.69250e+03 9.41053e-01
6.69300e+03 9.39570e-01
6.69350e+03 9.38924e-01
6.69400e+03 9.40228e-01
6.69450e+03 9.42927e-01
6.69500e+03 9.43861e-01
6.69550e+03 9.46373e-01
6.69600e+03 9.46283e-01
6.69650e+03 9.46192e-01
6.69700e+03 9.42105e-01
6.69750e+03 9.41082e-01
6.69800e+03 9.41450e-01
6.69850e+03 9.43394e-01
6.69900e+03 9.46171e-01
6.69950e+03 9.45786e-01
6.70000e+03 9.45769e-01
6.70050e+03 9.45470e-01
6.70100e+03 9.45914e-01
6.70150e+03 9.47570e-01
6.70200e+03 9.44215e-01
6.70250e+03 9.42906e-01
6.70300e+03 9.41601e-01
6.70350e+03 9.40019e-01
6.70400e+03 9.40670e-01
6.70450e+03 9.39929e-01
6.70500e+03 9.41046e-01
6.70550e+03 9.40122e-01
6.70600e+03 9.39479e-01
6.70650e+03 9.37812e-01
6.70700e+03 9.34567e-01
6.70750e+03 9.33830e-01
6.70800e+03 9.30584e-01
6.70850e+03 9.28824e-01
6.70900e+03 9.27061e-01
6.70950e+03 9.24183e-01
6.71000e+03 9.23438e-01
6.71050e+03 9.20742e-01
6.71100e+03 9.19533e-01
6.71150e+03 9.18044e-01
6.71200e+03 9.14606e-01
6.71250e+03 9.13120e-01
6.71300e+03 9.12191e-01
6.71350e+03 9.11727e-01
6.71400e+03 9.10056e-01
6.71450e+03 9.06712e-01
6.71500e+03 9.04576e-01
6.71550e+03 9.02348e-01
6.71600e+03 8.99282e-01
6.71650e+03 8.96216e-01
6.71700e+03 8.93708e-01
6.71750e+03 8.94171e-01
6.71800e+03 8.94542e-01
6.71850e+03 8.95468e-01
6.71900e+03 8.94722e-01
6.71950e+03 8.93511e-01
6.72000e+03 8.95084e-01
6.72050e+03 8.95450e-01
6.72100e+03 8.96839e-01
6.72150e+03 8.96370e-01
6.72200e+03 8.98037e-01
6.72250e+03 8.99705e-01
6.72300e+03 9.02674e-01
6.72350e+03 9.03693e-01
6.72400e+03 9.07684e-01
6.72450e+03 9.09261e-01
6.72500e+03 9.13995e-01
6.72550e+03 9.14830e-01
6.72600e+03 9.15292e-01
6.72650e+03 9.17333e-01
6.72700e+03 9.19933e-01
6.72750e+03 9.22997e-01
6.72800e+03 9.26060e-01
6.72850e+03 9.27360e-01
6.72900e+03 9.27637e-01
6.72950e+03 9.27728e-01
6.73000e+03 9.28191e-01
6.73050e+03 9.26611e-01
6.73100e+03 9.27446e-01
6.73150e+03 9.30045e-01
6.73200e+03 9.30694e-01
6.73250e+03 9.34594e-01
6.73300e+03 9.35986e-01
6.73350e+03 9.37656e-01
6.73400e+03 9.39699e-01
6.73450e+03 9.39604e-01
6.73500e+03 9.39975e-01
6.73550e+03 9.38488e-01
6.73600e+03 9.37743e-01
6.73650e+03 9.41086e-01
6.73700e+03 9.41735e-01
6.73750e+03 9.42291e-01
6.73800e+03 9.43776e-01
6.73850e+03 9.48513e-01
6.73900e+03 9.50927e-01
6.73950e+03 9.52505e-01
6.74000e+03 9.54641e-01
6.74050e+03 9.53989e-01
6.74100e+03 9.54453e-01
6.74150e+03 9.54915e-01
6.74200e+03 9.55378e-01
6.74250e+03 9.55748e-01
6.74300e+03 9.57325e-01
6.74350e+03 9.60759e-01
6.74400e+03 9.61221e-01
6.74450e+03 9.60754e-01
6.74500e+03 9.62145e-01
6.74550e+03 9.64835e-01
6.74600e+03 9.66133e-01
6.74650e+03 9.67430e-01
6.74700e+03 9.66779e-01
6.74750e+03 9.68262e-01
6.74800e+03 9.67703e-01
6.74850e+03 9.69930e-01
6.74900e+03 9.69186e-01
6.74950e+03 9.69184e-01
6.75000e+03 9.69555e-01
6.75050e+03 9.68532e-01
6.75100e+03 9.70481e-01
6.75150e+03 9.69551e-01
6.75200e+03 9.71036e-01
6.75250e+03 9.70662e-01
6.75300e+03 9.71776e-01
6.75350e+03 9.73353e-01
6.75400e+03 9.73074e-01
6.75450e+03 9.71772e-01
6.75500e+03 9.71770e-01
6.75550e+03 9.71491e-01
6.75600e+03 9.76226e-01
6.75650e+03 9.76318e-01
6.75700e+03 9.76038e-01
6.75750e+03 9.76872e-01
6.75800e+03 9.79193e-01
6.75850e+03 9.81979e-01
6.75900e+03 9.80678e-01
6.75950e+03 9.82442e-01
6.76000e+03 9.82255e-01
6.76050e+03 9.81882e-01
6.76100e+03 9.82715e-01
6.76150e+03 9.81690e-01
6.76200e+03 9.82058e-01
6.76250e+03 9.84467e-01
6.76300e+03 9.87157e-01
6.76350e+03 9.83530e-01
6.76400e+03 9.80926e-01
6.76450e+03 9.81015e-01
6.76500e+03 9.82777e-01
6.76550e+03 9.82402e-01
6.76600e+03 9.82307e-01
6.76650e+03 9.83048e-01
6.76700e+03 9.85089e-01
6.76750e+03 9.86294e-01
6.76800e+03 9.87313e-01
6.76850e+03 9.91676e-01
6.76900e+03 9.89446e-01
6.76950e+03 9.89629e-01
6.77000e+03 9.89813e-01
6.77050e+03 9.89346e-01
6.77100e+03 9.87395e-01
6.77150e+03 9.90457e-01
6.77200e+03 9.89713e-01
6.77250e+03 9.91104e-01
6.77300e+03 9.91938e-01
6.77350e+03 9.93793e-01
6.77400e+03 9.95092e-01
6.77450e+03 9.95091e-01
6.77500e+03 9.93418e-01
6.77550e+03 9.91745e-01
6.77600e+03 9.91558e-01
6.77650e+03 9.87748e-01
6.77700e+03 9.89884e-01
6.77750e+03 9.93598e-01
6.77800e+03 9.95082e-01
6.77850e+03 9.93781e-01
6.77900e+03 9.95452e-01
6.77950e+03 9.98051e-01
6.78000e+03 1.00000e+00
6.78050e+03 9.97955e-01
6.78100e+03 9.97397e-01
6.78150e+03 9.96558e-01
6.78200e+03 9.95442e-01
6.78250e+03 9.94790e-01
6.78300e+03 9.95809e-01
6.78350e+03 9.95992e-01
6.78400e+03 9.97661e-01
6.78450e+03 9.98310e-01
6.78500e+03 9.99793e-01
6.78550e+03 9.97285e-01
6.78600e+03 9.96169e-01
6.78650e+03 9.96260e-01
6.78700e+03 9.97001e-01
6.78750e+03 9.94864e-01
6.78800e+03 9.93563e-01
6.78850e+03 9.92448e-01
6.78900e+03 9.91424e-01
6.78950e+03 9.91981e-01
6.79000e+03 9.90401e-01
6.79050e+03 9.92535e-01
6.79100e+03 9.93369e-01
6.79150e+03 9.95502e-01
6.79200e+03 9.92621e-01
6.79250e+03 9.92339e-01
6.79300e+03 9.93265e-01
6.79350e+03 9.91963e-01
6.79400e+03 9.91961e-01
6.79450e+03 9.92423e-01
6.79500e+03 9.91028e-01
6.79550e+03 9.90933e-01
6.79600e+03 9.91117e-01
6.79650e+03 9.91673e-01
6.79700e+03 9.91114e-01
6.79750e+03 9.90091e-01
6.79800e+03 9.92503e-01
6.79850e+03 9.90458e-01
6.79900e+03 9.87206e-01
6.79950e+03 9.84977e-01
6.80000e+03 9.84698e-01
6.80050e+03 9.82748e-01
6.80100e+03 9.79872e-01
6.80150e+03 9.79503e-01
6.80200e+03 9.80436e-01
6.80250e+03 9.79790e-01
6.80300e+03 9.78959e-01
6.80350e+03 9.79242e-01
6.80400e+03 9.76089e-01
6.80450e+03 9.75815e-01
6.80500e+03 9.74983e-01
6.80550e+03 9.74615e-01
6.80600e+03 9.73596e-01
6.80650e+03 9.71927e-01
6.80700e+03 9.72673e-01
6.80750e+03 9.68681e-01
6.80800e+03 9.69055e-01
6.80850e+03 9.70265e-01
6.80900e+03 9.68317e-01
6.80950e+03 9.67947e-01
6.81000e+03 9.65907e-01
6.81050e+03 9.62939e-01
6.81100e+03 9.60714e-01
6.81150e+03 9.58304e-01
6.81200e+03 9.57937e-01
6.81250e+03 9.57292e-01
6.81300e+03 9.58039e-01
6.81350e+03 9.56466e-01
6.81400e+03 9.52663e-01
6.81450e+03 9.52297e-01
6.81500e+03 9.49421e-01
6.81550e+03 9.49983e-01
6.81600e+03 9.46828e-01
6.81650e+03 9.46554e-01
6.81700e+03 9.47588e-01
6.81750e+03 9.46713e-01
6.81800e+03 9.45389e-01
6.81850e+03 9.46006e-01
6.81900e+03 9.44817e-01
6.81950e+03 9.42818e-01
6.82000e+03 9.40909e-01
6.82050e+03 9.39623e-01
6.82100e+03 9.38405e-01
6.82150e+03 9.37280e-01
6.82200e+03 9.35893e-01
6.82250e+03 9.35843e-01
6.82300e+03 9.36872e-01
6.82350e+03 9.37328e-01
6.82400e+03 9.37238e-01
6.82450e+03 9.35789e-01
6.82500e+03 9.32820e-01
6.82550e+03 9.32416e-01
6.82600e+03 9.30308e-01
6.82650e+03 9.29414e-01
6.82700e+03 9.31585e-01
6.82750e+03 9.31936e-01
6.82800e+03 9.33037e-01
6.82850e+03 9.32390e-01
6.82900e+03 9.31551e-01
6.82950e+03 9.30415e-01
6.83000e+03 9.31735e-01
6.83050e+03 9.31726e-01
6.83100e+03 9.30580e-01
6.83150e+03 9.32344e-01
6.83200e+03 9.33625e-01
6.83250e+03 9.32967e-01
6.83300e+03 9.34134e-01
6.83350e+03 9.32188e-01
6.83400e+03 9.33639e-01
6.83450e+03 9.34556e-01
6.83500e+03 9.34214e-01
6.83550e+03 9.36645e-01
6.83600e+03 9.38924e-01
6.83650e+03 9.39490e-01
6.83700e+03 9.40535e-01
6.83750e+03 9.42417e-01
6.83800e+03 9.42937e-01
6.83850e+03 9.42270e-01
6.83900e+03 9.43780e-01
6.83950e+03 9.43995e-01
6.84000e+03 9.43909e-01
6.84050e+03 9.44698e-01
6.84100e+03 9.44364e-01
6.84150e+03 9.45459e-01
6.84200e+03 9.46534e-01
6.84250e+03 9.46144e-01
6.84300e+03 9.47563e-01
6.84350e+03 9.46535e-01
6.84400e+03 9.45697e-01
6.84450e+03 9.46774e-01
6.84500e+03 9.47329e-01
6.84550e+03 9.47549e-01
6.84600e+03 9.47890e-01
6.84650e+03 9.50063e-01
6.84700e+03 9.49728e-01
6.84750e+03 9.48321e-01
6.84800e+03 9.48635e-01
6.84850e+03 9.47773e-01
6.84900e+03 9.47532e-01
6.84950e+03 9.46191e-01
6.85000e+03 9.44375e-01
6.85050e+03 9.46487e-01
6.85100e+03 9.43620e-01
6.85150e+03 9.41814e-01
6.85200e+03 9.40711e-01
6.85250e+03 9.38433e-01
6.85300e+03 9.36154e-01
6.85350e+03 9.35676e-01
6.85400e+03 9.33684e-01
6.85450e+03 9.31622e-01
6.85500e+03 9.32181e-01
6.85550e+03 9.32052e-01
6.85600e+03 9.31400e-01
6.85650e+03 9.31303e-01
6.85700e+03 9.31495e-01
6.85750e+03 9.33577e-01
6.85800e+03 9.32985e-01
6.85850e+03 9.29090e-01
6.85900e+03 9.28399e-01
6.85950e+03 9.29296e-01
6.86000e+03 9.29187e-01
6.86050e+03 9.31004e-01
6.86100e+03 9.31280e-01
6.86150e+03 9.30821e-01
6.86200e+03 9.30082e-01
6.86250e+03 9.30579e-01
6.86300e+03 9.27257e-01
6.86350e+03 9.27581e-01
6.86400e+03 9.25167e-01
6.86450e+03 9.24015e-01
6.86500e+03 9.21471e-01
6.86550e+03 9.19128e-01
6.86600e+03 9.17060e-01
6.86650e+03 9.16686e-01
6.86700e+03 9.15626e-01
6.86750e+03 9.14759e-01
6.86800e+03 9.14077e-01
6.86850e+03 9.11012e-01
6.86900e+03 9.11116e-01
6.86950e+03 9.09969e-01
6.87000e+03 9.08094e-01
6.87050e+03 9.05749e-01
6.87100e+03 9.05494e-01
6.87150e+03 8.99763e-01
6.87200e+03 8.97192e-01
6.87250e+03 8.94443e-01
6.87300e+03 8.94420e-01
6.87350e+03 8.95194e-01
6.87400e+03 8.97911e-01
6.87450e+03 8.97665e-01
6.87500e+03 8.97090e-01
6.87550e+03 8.95910e-01
6.87600e+03 8.96052e-01
6.87650e+03 8.96894e-01
6.87700e+03 8.96286e-01
6.87750e+03 8.94336e-01
6.87800e+03 8.95363e-01
6.87850e+03 8.94508e-01
6.87900e+03 8.93817e-01
6.87950e+03 8.95331e-01
6.88000e+03 8.97430e-01
6.88050e+03 8.99966e-01
6.88100e+03 9.00224e-01
6.88150e+03 8.97118e-01
6.88200e+03 8.93665e-01
6.88250e+03 8.94542e-01
6.88300e+03 8.94829e-01
6.88350e+03 8.94926e-01
6.88400e+03 8.94101e-01
6.88450e+03 8.91624e-01
6.88500e+03 8.89123e-01
6.88550e+03 8.86966e-01
6.88600e+03 8.85941e-01
6.88650e+03 8.86400e-01
6.88700e+03 8.85887e-01
6.88750e+03 8.85451e-01
6.88800e+03 8.83869e-01
6.88850e+03 8.83075e-01
6.88900e+03 8.83072e-01
6.88950e+03 8.84308e-01
6.89000e+03 8.84328e-01
6.89050e+03 8.83222e-01
6.89100e+03 8.83359e-01
6.89150e+03 8.82100e-01
6.89200e+03 8.79703e-01
6.89250e+03 8.79678e-01
6.89300e+03 8.80970e-01
6.89350e+03 8.83486e-01
6.89400e+03 8.84407e-01
6.89450e+03 8.83825e-01
6.89500e+03 8.85881e-01
6.89550e+03 8.85730e-01
6.89600e+03 8.86457e-01
6.89650e+03 8.86476e-01
6.89700e+03 8.86754e-01
6.89750e+03 8.84992e-01
6.89800e+03 8.86311e-01
6.89850e+03 8.84892e-01
6.89900e+03 8.85595e-01
6.89950e+03 8.84894e-01
6.90000e+03 8.84027e-01
6.90050e+03 8.84325e-01
6.90100e+03 8.83398e-01
6.90150e+03 8.81064e-01
6.90200e+03 8.78290e-01
6.90250e+03 8.76665e-01
6.90300e+03 8.72288e-01
6.90350e+03 8.68962e-01
6.90400e+03 8.65801e-01
6.90450e+03 8.62190e-01
6.90500e+03 8.59992e-01
6.90550e+03 8.59651e-01
6.90600e+03 8.57355e-01
6.90650e+03 8.55763e-01
6.90700e+03 8.52481e-01
6.90750e+03 8.50874e-01
6.90800e+03 8.51126e-01
6.90850e+03 8.47643e-01
6.90900e+03 8.44604e-01
6.90950e+03 8.41839e-01
6.91000e+03 8.39883e-01
6.91050e+03 8.36784e-01
6.91100e+03 8.35473e-01
6.91150e+03 8.36841e-01
6.91200e+03 8.36074e-01
6.91250e+03 8.34324e-01
6.91300e+03 8.30250e-01
6.91350e+03 8.28213e-01
6.91400e+03 8.25814e-01
6.91450e+03 8.24214e-01
6.91500e+03 8.19931e-01
6.91550e+03 8.16268e-01
6.91600e+03 8.13850e-01
6.91650e+03 8.11875e-01
6.91700e+03 8.09627e-01
6.91750e+03 8.07640e-01
6.91800e+03 8.03318e-01
6.91850e+03 8.01318e-01
6.91900e+03 7.97796e-01
6.91950e+03 7.94101e-01
6.92000e+03 7.90055e-01
6.92050e+03 7.85660e-01
6.92100e+03 7.83334e-01
6.92150e+03 7.80833e-01
6.92200e+03 7.75462e-01
6.92250e+03 7.71339e-01
6.92300e+03 7.71513e-01
6.92350e+03 7.68809e-01
6.92400e+03 7.61432e-01
6.92450e+03 7.58449e-01
6.92500e+03 7.54473e-01
6.92550e+03 7.50940e-01
6.92600e+03 7.48213e-01
6.92650e+03 7.44043e-01
6.92700e+03 7.40048e-01
6.92750e+03 7.34966e-01
6.92800e+03 7.30865e-01
6.92850e+03 7.27749e-01
6.92900e+03 7.22920e-01
6.92950e+03 7.17013e-01
6.93000e+03 7.13363e-01
6.93050e+03 7.07289e-01
6.93100e+03 6.98335e-01
6.93150e+03 6.91633e-01
6.93200e+03 6.88265e-01
6.93250e+03 6.81819e-01
6.93300e+03 6.75275e-01
6.93350e+03 6.69989e-01
6.93400e+03 6.64154e-01
6.93450e+03 6.56958e-01
6.93500e+03 6.48942e-01
6.93550e+03 6.43179e-01
6.93600e+03 6.37412e-01
6.93650e+03 6.30009e-01
6.93700e+03 6.25226e-01
6.93750e+03 6.18446e-01
6.93800e+03 6.11746e-01
6.93850e+03 6.06581e-01
6.93900e+03 6.00687e-01
6.93950e+03 5.96516e-01
6.94000e+03 5.90264e-01
6.94050e+03 5.84471e-01
6.94100e+03 5.79133e-01
6.94150e+03 5.73795e-01
6.94200e+03 5.68178e-01
6.94250e+03 5.63280e-01
6.94300e+03 5.59013e-01
6.94350e+03 5.54015e-01
6.94400e+03 5.48010e-01
6.94450e+03 5.43184e-01
6.94500e+03 5.35805e-01
6.94550e+03 5.30969e-01
6.94600e+03 5.26401e-01
6.94650e+03 5.19917e-01
6.94700e+03 5.15888e-01
6.94750e+03 5.11034e-01
6.94800e+03 5.06083e-01
6.94850e+03 5.00761e-01
6.94900e+03 4.96075e-01
6.94950e+03 4.90476e-01
6.95000e+03 4.85518e-01
6.95050e+03 4.79833e-01
6.95100e+03 4.74515e-01
6.95150e+03 4.68462e-01
6.95200e+03 4.62585e-01
6.95250e+03 4.58257e-01
6.95300e+03 4.53650e-01
6.95350e+03 4.48034e-01
6.95400e+03 4.42686e-01
6.95450e+03 4.37792e-01
6.95500e+03 4.33443e-01
6.95550e+03 4.27717e-01
6.95600e+03 4.20795e-01
6.95650e+03 4.15333e-01
6.95700e+03 4.08768e-01
6.95750e+03 4.02657e-01
6.95800e+03 3.97090e-01
6.95850e+03 3.92252e-01
6.95900e+03 3.87134e-01
6.95950e+03 3.80729e-01
6.96000e+03 3.75244e-01
6.96050e+03 3.68843e-01
6.96100e+03 3.63451e-01
6.96150e+03 3.57596e-01
6.96200e+03 3.51825e-01
6.96250e+03 3.47431e-01
6.96300e+03 3.41745e-01
6.96350e+03 3.35963e-01
6.96400e+03 3.33767e-01
6.96450e+03 3.30004e-01
6.96500e+03 3.25868e-01
6.96550e+03 3.21638e-01
6.96600e+03 3.16481e-01
6.96650e+03 3.11229e-01
6.96700e+03 3.07265e-01
6.96750e+03 3.03574e-01
6.96800e+03 2.98311e-01
6.96850e+03 2.94336e-01
6.96900e+03 2.89803e-01
6.96950e+03 2.85916e-01
6.97000e+03 2.81104e-01
6.97050e+03 2.76851e-01
6.97100e+03 2.70836e-01
6.97150e+03 2.66669e-01
6.97200e+03 2.60276e-01
6.97250e+03 2.54711e-01
6.97300e+03 2.49051e-01
6.97350e+03 2.44497e-01
6.97400e+03 2.40682e-01
6.97450e+03 2.36122e-01
6.97500e+03 2.32023e-01
6.97550e+03 2.28106e-01
6.97600e+03 2.26321e-01
6.97650e+03 2.22678e-01
6.97700e+03 2.18196e-01
6.97750e+03 2.14825e-01
6.97800e+03 2.11268e-01
6.97850e+03 2.07063e-01
6.97900e+03 2.04257e-01
6.97950e+03 2.01251e-01
6.98000e+03 1.98683e-01
6.98050e+03 1.94596e-01
6.98100e+03 1.92643e-01
6.98150e+03 1.88739e-01
6.98200e+03 1.85579e-01
6.98250e+03 1.82512e-01
6.98300e+03 1.78515e-01
6.98350e+03 1.74889e-01
6.98400e+03 1.71543e-01
6.98450e+03 1.69499e-01
6.98500e+03 1.66617e-01
6.98550e+03 1.65039e-01
6.98600e+03 1.62435e-01
6.98650e+03 1.60577e-01
6.98700e+03 1.58719e-01
6.98750e+03 1.55744e-01
6.98800e+03 1.52956e-01
6.98850e+03 1.51841e-01
6.98900e+03 1.49703e-01
6.98950e+03 1.47193e-01
6.99000e+03 1.45241e-01
6.99050e+03 1.43010e-01
6.99100e+03 1.41431e-01
6.99150e+03 1.39293e-01
6.99200e+03 1.36690e-01
6.99250e+03 1.33620e-01
6.99300e+03 1.31948e-01
6.99350e+03 1.27669e-01
6.99400e+03 1.25624e-01
6.99450e+03 1.23207e-01
6.99500e+03 1.20975e-01
6.99550e+03 1.19302e-01
6.99600e+03 1.17256e-01
6.99650e+03 1.15117e-01
6.99700e+03 1.11489e-01
6.99750e+03 1.10746e-01
6.99800e+03 1.07677e-01
6.99850e+03 1.05445e-01
6.99900e+03 1.02748e-01
6.99950e+03 1.00795e-01
7.00000e+03 1.00237e-01
7.00050e+03 9.91209e-02
7.00100e+03 9.74461e-02
7.00150e+03 9.64228e-02
7.00200e+03 9.53995e-02
7.00250e+03 9.33524e-02
7.00300e+03 9.16776e-02
7.00350e+03 8.99934e-02
7.00400e+03 8.84767e-02
7.00450e+03 8.68856e-02
7.00500e+03 8.65510e-02
7.00550e+03 8.43920e-02
7.00600e+03 8.32383e-02
7.00650e+03 8.12562e-02
7.00700e+03 8.05119e-02
7.00750e+03 7.94792e-02
7.00800e+03 7.69385e-02
7.00850e+03 7.37836e-02
7.00900e+03 7.17362e-02
7.00950e+03 7.07126e-02
7.01000e+03 6.91864e-02
7.01050e+03 6.79488e-02
7.01100e+03 6.60131e-02
7.01150e+03 6.36770e-02
7.01200e+03 6.15737e-02
7.01250e+03 6.01220e-02
7.01300e+03 5.86050e-02
7.01350e+03 5.58500e-02
7.01400e+03 5.60644e-02
7.01450e+03 5.55341e-02
7.01500e+03 5.43150e-02
7.01550e+03 5.21836e-02
7.01600e+03 5.14486e-02
7.01650e+03 5.20260e-02
7.01700e+03 5.18307e-02
7.01750e+03 5.00996e-02
7.01800e+03 4.91782e-02
7.01850e+03 4.83780e-02
7.01900e+03 4.89367e-02
7.01950e+03 4.91511e-02
7.02000e+03 4.91327e-02
7.02050e+03 4.81275e-02
7.02100e+03 4.56982e-02
7.02150e+03 4.60893e-02
7.02200e+03 4.41440e-02
7.02250e+03 4.20496e-02
7.02300e+03 4.09141e-02
7.02350e+03 4.01975e-02
7.02400e+03 3.93040e-02
7.02450e+03 3.76006e-02
7.02500e+03 3.69026e-02
7.02550e+03 3.68934e-02
7.02600e+03 3.63816e-02
7.02650e+03 3.54694e-02
7.02700e+03 3.51717e-02
7.02750e+03 3.42782e-02
7.02800e+03 3.33566e-02
7.02850e+03 3.31706e-02
7.02900e+03 3.38690e-02
7.02950e+03 3.27613e-02
7.03000e+03 3.23426e-02
7.03050e+03 3.30410e-02
7.03100e+03 3.28456e-02
7.03150e+03 3.29482e-02
7.03200e+03 3.16263e-02
7.03250e+03 3.21385e-02
7.03300e+03 3.12077e-02
7.03350e+03 2.96064e-02
7.03400e+03 2.83124e-02
7.03450e+03 2.80892e-02
7.03500e+03 2.78006e-02
7.03550e+03 2.70746e-02
7.03600e+03 2.65626e-02
7.03650e+03 2.66652e-02
7.03700e+03 2.60416e-02
7.03750e+03 2.54551e-02
7.03800e+03 2.48780e-02
7.03850e+03 2.46640e-02
7.03900e+03 2.36585e-02
7.03950e+03 2.37424e-02
7.04000e+03 2.39660e-02
7.04050e+03 2.28488e-02
7.04100e+03 2.33424e-02
7.04150e+03 2.43667e-02
7.04200e+03 2.48882e-02
7.04250e+03 2.32868e-02
7.04300e+03 2.12013e-02
7.04350e+03 2.10989e-02
7.04400e+03 2.05124e-02
7.04450e+03 1.94045e-02
7.04500e+03 2.03637e-02
7.04550e+03 2.08851e-02
7.04600e+03 2.09877e-02
7.04650e+03 2.08108e-02
7.04700e+03 2.07457e-02
7.04750e+03 1.98799e-02
7.04800e+03 1.96751e-02
7.04850e+03 1.96100e-02
7.04900e+03 1.92563e-02
7.04950e+03 1.81297e-02
7.05000e+03 1.78504e-02
7.05050e+03 1.87817e-02
7.05100e+03 1.82696e-02
7.05150e+03 1.78041e-02
7.05200e+03 1.82325e-02
7.05250e+03 1.88844e-02
7.05300e+03 1.72456e-02
7.05350e+03 1.69385e-02
7.05400e+03 1.71620e-02
7.05450e+03 1.69665e-02
7.05500e+03 1.65662e-02
7.05550e+03 1.57561e-02
7.05600e+03 1.50484e-02
7.05650e+03 1.40149e-02
7.05700e+03 1.35028e-02
7.05750e+03 1.40430e-02
7.05800e+03 1.36426e-02
7.05850e+03 1.37544e-02
7.05900e+03 1.45926e-02
7.05950e+03 1.52073e-02
7.06000e+03 1.53284e-02
7.06050e+03 1.50491e-02
7.06100e+03 1.52727e-02
7.06150e+03 1.52728e-02
7.06200e+03 1.41553e-02
7.06250e+03 1.41554e-02
7.06300e+03 1.42673e-02
7.06350e+03 1.45839e-02
7.06400e+03 1.48914e-02
7.06450e+03 1.51243e-02
7.06500e+03 1.39229e-02
7.06550e+03 1.40534e-02
7.06600e+03 1.45657e-02
7.06650e+03 1.42491e-02
7.06700e+03 1.25170e-02
7.06750e+03 1.15857e-02
7.06800e+03 1.08592e-02
7.06850e+03 9.57410e-03
7.06900e+03 9.05260e-03
7.06950e+03 8.07194e-03
7.07000e+03 9.09553e-03
7.07050e+03 8.37005e-03
7.07100e+03 7.61756e-03
7.07150e+03 7.00662e-03
7.07200e+03 6.69372e-03
7.07250e+03 6.46650e-03
7.07300e+03 6.83536e-03
7.07350e+03 5.57057e-03
7.07400e+03 4.63271e-03
7.07450e+03 4.12139e-03
7.07500e+03 4.81809e-03
7.07550e+03 4.36267e-03
7.07600e+03 4.83211e-03
7.07650e+03 4.93180e-03
7.07700e+03 5.21590e-03
7.07750e+03 6.48079e-03
7.07800e+03 6.04026e-03
7.07850e+03 6.13995e-03
7.07900e+03 6.75100e-03
7.07950e+03 7.21954e-03
7.08000e+03 7.39096e-03
7.08050e+03 7.70303e-03
7.08100e+03 7.68910e-03
7.08150e+03 8.18653e-03
7.08200e+03 7.40507e-03
7.08250e+03 6.53792e-03
7.08300e+03 6.21100e-03
7.08350e+03 6.85095e-03
7.08400e+03 5.89808e-03
7.08450e+03 6.26791e-03
7.08500e+03 6.36759e-03
7.08550e+03 5.55723e-03
7.08600e+03 4.84653e-03
7.08650e+03 5.23033e-03
7.08700e+03 5.11671e-03
7.08750e+03 5.50051e-03
7.08800e+03 5.81351e-03
7.08850e+03 4.86155e-03
7.08900e+03 4.86157e-03
7.08950e+03 5.24444e-03
7.09000e+03 5.55745e-03
7.09050e+03 5.94126e-03
7.09100e+03 6.33905e-03
7.09150e+03 6.05496e-03
7.09200e+03 6.80861e-03
7.09250e+03 6.14073e-03
7.09300e+03 5.38713e-03
7.09350e+03 4.71923e-03
7.09400e+03 4.54879e-03
7.09450e+03 3.48217e-03
7.09500e+03 3.79520e-03
7.09550e+03 2.75745e-03
7.09600e+03 1.90507e-03
7.09650e+03 2.28889e-03
7.09700e+03 2.28890e-03
7.09750e+03 0.00000e+00
7.09800e+03 1.40763e-03
7.09850e+03 2.37371e-03
7.09900e+03 1.42162e-03
7.09950e+03 1.42163e-03
7.10000e+03 0.00000e+00
7.10050e+03 1.47847e-03
7.10100e+03 2.24613e-03
7.10150e+03 3.73861e-03
7.10200e+03 4.61996e-03
7.10250e+03 5.20318e-03
7.10300e+03 4.39268e-03
7.10350e+03 4.39271e-03
7.10400e+03 4.06573e-03
7.10450e+03 5.03281e-03
7.10500e+03 5.04681e-03
7.10550e+03 5.48752e-03
7.10600e+03 4.19345e-03
7.10650e+03 4.00900e-03
7.10700e+03 4.67705e-03
7.10750e+03 4.79074e-03
7.10800e+03 5.34513e-03
7.10850e+03 3.45474e-03
7.10900e+03 3.46873e-03
7.10950e+03 3.55447e-03
7.11000e+03 3.56846e-03
7.11050e+03 3.38400e-03
7.11100e+03 3.90950e-03
7.11150e+03 4.69123e-03
7.11200e+03 6.08511e-03
7.11250e+03 5.23168e-03
7.11300e+03 5.11803e-03
7.11350e+03 5.04724e-03
7.11400e+03 6.66756e-03
7.11450e+03 6.46913e-03
7.11500e+03 4.97648e-03
7.11550e+03 4.97650e-03
7.11600e+03 3.79599e-03
7.11650e+03 3.28447e-03
7.11700e+03 3.98051e-03
7.11750e+03 3.28449e-03
7.11800e+03 2.68724e-03
7.11850e+03 3.28452e-03
7.11900e+03 3.49792e-03
7.11950e+03 3.08514e-03
7.12000e+03 1.60641e-03
7.12050e+03 1.67816e-03
7.12100e+03 0.00000e+00
7.12150e+03 1.49275e-03
7.12200e+03 0.00000e+00
7.12250e+03 1.86270e-03
7.12300e+03 4.45036e-03
7.12350e+03 4.33671e-03
7.12400e+03 5.61613e-03
7.12450e+03 6.95333e-03
7.12500e+03 4.56413e-03
7.12550e+03 3.38445e-03
7.12600e+03 3.55499e-03
7.12650e+03 2.95770e-03
7.12700e+03 2.21781e-03
7.12750e+03 2.43123e-03
7.12800e+03 2.51696e-03
7.12850e+03 2.58780e-03
7.12900e+03 2.58781e-03
7.12950e+03 2.28962e-03
7.13000e+03 3.08546e-03
7.13050e+03 0.00000e+00
7.13100e+03 0.00000e+00
7.13150e+03 0.00000e+00
7.13200e+03 0.00000e+00
7.13250e+03 0.00000e+00
7.13300e+03 1.60661e-03
7.13350e+03 1.10897e-03
7.13400e+03 0.00000e+00
7.13450e+03 1.54978e-03
7.13500e+03 1.87690e-03
7.13550e+03 1.29448e-03
7.13600e+03 0.00000e+00
7.13650e+03 0.00000e+00
7.13700e+03 0.00000e+00
7.13750e+03 0.00000e+00
7.13800e+03 0.00000e+00
7.13850e+03 0.00000e+00
7.13900e+03 0.00000e+00
7.13950e+03 0.00000e+00
7.14000e+03 0.00000e+00
7.14050e+03 0.00000e+00
7.14100e+03 0.00000e+00
7.14150e+03 0.00000e+00
7.14200e+03 1.48792e-03
7.14250e+03 0.00000e+00
7.14300e+03 0.00000e+00
7.14350e+03 0.00000e+00
7.14400e+03 0.00000e+00
7.14450e+03 1.32621e-03
7.14500e+03 1.70578e-03
7.14550e+03 0.00000e+00
7.14600e+03 1.75915e-03
7.14650e+03 2.82680e-03
7.14700e+03 2.83821e-03
7.14750e+03 1.55867e-03
7.14800e+03 1.73937e-03
7.14850e+03 2.53701e-03
7.14900e+03 1.16187e-03
7.14950e+03 1.95862e-03
7.15000e+03 1.97067e-03
7.15050e+03 2.47241e-03
7.15100e+03 4.43750e-03
7.15150e+03 4.36419e-03
7.15200e+03 3.37163e-03
7.15250e+03 2.60246e-03
7.15300e+03 3.00393e-03
7.15350e+03 2.30653e-03
7.15400e+03 1.51300e-03
7.15450e+03 0.00000e+00
7.15500e+03 0.00000e+00
7.15550e+03 1.98000e-03
7.15600e+03 2.37992e-03
7.15650e+03 2.62606e-03
7.15700e+03 3.27269e-03
7.15750e+03 3.38016e-03
7.15800e+03 3.68079e-03
7.15850e+03 4.35279e-03
7.15900e+03 3.30276e-03
7.15950e+03 3.07999e-03
7.16000e+03 3.69578e-03
7.16050e+03 3.93898e-03
7.16100e+03 3.82583e-03
7.16150e+03 5.08311e-03
7.16200e+03 3.60014e-03
7.16250e+03 3.41947e-03
7.16300e+03 2.33643e-03
7.16350e+03 1.69283e-03
7.16400e+03 1.47320e-03
7.16450e+03 1.22628e-03
7.16500e+03 1.62050e-03
7.16550e+03 1.22410e-03
7.16600e+03 0.00000e+00
7.16650e+03 0.00000e+00
7.16700e+03 0.00000e+00
7.16750e+03 0.00000e+00
7.16800e+03 0.00000e+00
7.16850e+03 0.00000e+00
7.16900e+03 0.00000e+00
7.16950e+03 0.00000e+00
7.17000e+03 0.00000e+00
7.17050e+03 0.00000e+00
7.17100e+03 0.00000e+00
7.17150e+03 0.00000e+00
7.17200e+03 0.00000e+00
7.17250e+03 0.00000e+00
7.17300e+03 0.00000e+00
7.17350e+03 0.00000e+00
7.17400e+03 0.00000e+00
7.17450e+03 1.05688e-03
7.17500e+03 2.45999e-03
7.17550e+03 1.64235e-03
7.17600e+03 3.88003e-03
7.17650e+03 3.96855e-03
7.17700e+03 4.62892e-03
7.17750e+03 2.40507e-03
7.17800e+03 0.00000e+00
7.17850e+03 0.00000e+00
7.17900e+03 0.00000e+00
7.17950e+03 0.00000e+00
7.18000e+03 0.00000e+00
7.18050e+03 0.00000e+00
7.18100e+03 0.00000e+00
7.18150e+03 0.00000e+00
7.18200e+03 0.00000e+00
7.18250e+03 0.00000e+00
7.18300e+03 0.00000e+00
7.18350e+03 0.00000e+00
7.18400e+03 0.00000e+00
7.18450e+03 0.00000e+00
7.18500e+03 0.00000e+00
7.18550e+03 0.00000e+00
7.18600e+03 0.00000e+00
7.18650e+03 0.00000e+00
7.18700e+03 0.00000e+00
7.18750e+03 0.00000e+00
7.18800e+03 1.03998e-03
7.18850e+03 0.00000e+00
7.18900e+03 1.73524e-03
7.18950e+03 2.10952e-03
7.19000e+03 2.56463e-03
7.19050e+03 1.75041e-03
7.19100e+03 1.76424e-03
7.19150e+03 2.20659e-03
7.19200e+03 3.10341e-03
7.19250e+03 3.47911e-03
7.19300e+03 3.49450e-03
7.19350e+03 4.40603e-03
7.19400e+03 4.13994e-03
7.19450e+03 4.14155e-03
7.19500e+03 3.24510e-03
7.19550e+03 3.80895e-03
7.19600e+03 3.19397e-03
7.19650e+03 3.39578e-03
7.19700e+03 2.20195e-03
7.19750e+03 1.75995e-03
7.19800e+03 1.86808e-03
7.19850e+03 2.35253e-03
7.19900e+03 1.35829e-03
