# Filter name : Subaru/Suprime.IB505
# Description : Suprime IB505 filter  (full transmission)
# Photometric system : Suprime
# FilterType : photon
# Band name : ------
# Observatory : Subaru
# Instrument : Suprime
# Comments : ------
# 
4.83600e+03 1.36105e-03
4.83650e+03 1.39814e-03
4.83700e+03 1.45309e-03
4.83750e+03 1.54378e-03
4.83800e+03 1.58092e-03
4.83850e+03 1.65379e-03
4.83900e+03 1.72668e-03
4.83950e+03 1.83531e-03
4.84000e+03 1.83559e-03
4.84050e+03 1.83587e-03
4.84100e+03 1.85402e-03
4.84150e+03 1.89126e-03
4.84200e+03 1.92730e-03
4.84250e+03 1.98243e-03
4.84300e+03 2.01970e-03
4.84350e+03 2.11063e-03
4.84400e+03 2.14792e-03
4.84450e+03 2.25680e-03
4.84500e+03 2.32992e-03
4.84550e+03 2.38517e-03
4.84600e+03 2.45832e-03
4.84650e+03 2.51360e-03
4.84700e+03 2.56770e-03
4.84750e+03 2.64211e-03
4.84800e+03 2.71536e-03
4.84850e+03 2.89730e-03
4.84900e+03 2.97061e-03
4.84950e+03 3.02601e-03
4.85000e+03 3.11728e-03
4.85050e+03 3.20976e-03
4.85100e+03 3.33695e-03
4.85150e+03 3.35658e-03
4.85200e+03 3.44796e-03
4.85250e+03 3.52142e-03
4.85300e+03 3.53990e-03
4.85350e+03 3.55838e-03
4.85400e+03 3.68693e-03
4.85450e+03 3.77963e-03
4.85500e+03 3.83405e-03
4.85550e+03 3.96269e-03
4.85600e+03 4.09138e-03
4.85650e+03 4.09201e-03
4.85700e+03 4.18364e-03
4.85750e+03 4.31241e-03
4.85800e+03 4.40410e-03
4.85850e+03 4.44190e-03
4.85900e+03 4.60672e-03
4.85950e+03 4.71767e-03
4.86000e+03 4.88258e-03
4.86050e+03 5.06672e-03
4.86100e+03 5.24971e-03
4.86150e+03 5.45194e-03
4.86200e+03 5.56310e-03
4.86250e+03 5.67309e-03
4.86300e+03 5.80231e-03
4.86350e+03 5.89436e-03
4.86400e+03 6.02365e-03
4.86450e+03 6.20818e-03
4.86500e+03 6.41077e-03
4.86550e+03 6.57621e-03
4.86600e+03 6.75971e-03
4.86650e+03 6.96247e-03
4.86700e+03 7.03680e-03
4.86750e+03 7.31293e-03
4.86800e+03 7.47983e-03
4.86850e+03 7.60833e-03
4.86900e+03 7.83060e-03
4.86950e+03 8.03251e-03
4.87000e+03 8.34628e-03
4.87050e+03 8.60363e-03
4.87100e+03 8.93562e-03
4.87150e+03 9.26770e-03
4.87200e+03 9.54457e-03
4.87250e+03 9.76617e-03
4.87300e+03 9.98784e-03
4.87350e+03 1.02649e-02
4.87400e+03 1.05782e-02
4.87450e+03 1.09109e-02
4.87500e+03 1.13532e-02
4.87550e+03 1.16307e-02
4.87600e+03 1.19624e-02
4.87650e+03 1.23340e-02
4.87700e+03 1.26973e-02
4.87750e+03 1.29763e-02
4.87800e+03 1.31711e-02
4.87850e+03 1.36070e-02
4.87900e+03 1.38502e-02
4.87950e+03 1.42260e-02
4.88000e+03 1.46260e-02
4.88050e+03 1.50745e-02
4.88100e+03 1.54989e-02
4.88150e+03 1.58873e-02
4.88200e+03 1.62034e-02
4.88250e+03 1.66282e-02
4.88300e+03 1.69446e-02
4.88350e+03 1.73696e-02
4.88400e+03 1.78310e-02
4.88450e+03 1.82804e-02
4.88500e+03 1.87903e-02
4.88550e+03 1.93488e-02
4.88600e+03 1.99436e-02
4.88650e+03 2.04783e-02
4.88700e+03 2.12548e-02
4.88750e+03 2.18501e-02
4.88800e+03 2.23491e-02
4.88850e+03 2.30414e-02
4.88900e+03 2.37099e-02
4.88950e+03 2.44875e-02
4.89000e+03 2.53620e-02
4.89050e+03 2.61400e-02
4.89100e+03 2.69908e-02
4.89150e+03 2.77814e-02
4.89200e+03 2.86087e-02
4.89250e+03 2.94965e-02
4.89300e+03 3.04210e-02
4.89350e+03 3.13700e-02
4.89400e+03 3.23193e-02
4.89450e+03 3.33172e-02
4.89500e+03 3.41702e-02
4.89550e+03 3.51931e-02
4.89600e+03 3.63253e-02
4.89650e+03 3.74214e-02
4.89700e+03 3.85180e-02
4.89750e+03 3.96150e-02
4.89800e+03 4.08699e-02
4.89850e+03 4.22102e-02
4.89900e+03 4.35750e-02
4.89950e+03 4.49764e-02
4.90000e+03 4.63659e-02
4.90050e+03 4.78039e-02
4.90100e+03 4.92904e-02
4.90150e+03 5.08862e-02
4.90200e+03 5.25549e-02
4.90250e+03 5.43088e-02
4.90300e+03 5.60750e-02
4.90350e+03 5.79506e-02
4.90400e+03 5.97536e-02
4.90450e+03 6.17028e-02
4.90500e+03 6.38467e-02
4.90550e+03 6.58696e-02
4.90600e+03 6.78445e-02
4.90650e+03 6.99415e-02
4.90700e+03 7.19298e-02
4.90750e+03 7.40523e-02
4.90800e+03 7.65520e-02
4.90850e+03 7.89914e-02
4.90900e+03 8.14679e-02
4.90950e+03 8.39935e-02
4.91000e+03 8.66048e-02
4.91050e+03 8.91924e-02
4.91100e+03 9.19873e-02
4.91150e+03 9.48558e-02
4.91200e+03 9.79438e-02
4.91250e+03 1.00996e-01
4.91300e+03 1.04207e-01
4.91350e+03 1.07516e-01
4.91400e+03 1.10899e-01
4.91450e+03 1.14344e-01
4.91500e+03 1.18239e-01
4.91550e+03 1.21978e-01
4.91600e+03 1.25522e-01
4.91650e+03 1.29310e-01
4.91700e+03 1.33343e-01
4.91750e+03 1.37500e-01
4.91800e+03 1.41656e-01
4.91850e+03 1.45814e-01
4.91900e+03 1.50215e-01
4.91950e+03 1.54740e-01
4.92000e+03 1.59267e-01
4.92050e+03 1.64037e-01
4.92100e+03 1.68930e-01
4.92150e+03 1.74069e-01
4.92200e+03 1.79330e-01
4.92250e+03 1.84715e-01
4.92300e+03 1.89978e-01
4.92350e+03 1.95122e-01
4.92400e+03 2.00997e-01
4.92450e+03 2.06508e-01
4.92500e+03 2.12509e-01
4.92550e+03 2.18267e-01
4.92600e+03 2.24148e-01
4.92650e+03 2.30275e-01
4.92700e+03 2.36524e-01
4.92750e+03 2.42532e-01
4.92800e+03 2.48907e-01
4.92850e+03 2.55405e-01
4.92900e+03 2.61783e-01
4.92950e+03 2.68161e-01
4.93000e+03 2.75030e-01
4.93050e+03 2.81779e-01
4.93100e+03 2.88650e-01
4.93150e+03 2.96257e-01
4.93200e+03 3.03010e-01
4.93250e+03 3.10009e-01
4.93300e+03 3.16886e-01
4.93350e+03 3.24255e-01
4.93400e+03 3.31014e-01
4.93450e+03 3.38509e-01
4.93500e+03 3.46125e-01
4.93550e+03 3.53868e-01
4.93600e+03 3.61489e-01
4.93650e+03 3.69112e-01
4.93700e+03 3.76982e-01
4.93750e+03 3.85098e-01
4.93800e+03 3.92604e-01
4.93850e+03 3.99867e-01
4.93900e+03 4.07620e-01
4.93950e+03 4.14887e-01
4.94000e+03 4.22523e-01
4.94050e+03 4.30404e-01
4.94100e+03 4.38409e-01
4.94150e+03 4.46540e-01
4.94200e+03 4.54917e-01
4.94250e+03 4.62193e-01
4.94300e+03 4.69594e-01
4.94350e+03 4.77118e-01
4.94400e+03 4.84767e-01
4.94450e+03 4.92418e-01
4.94500e+03 5.00069e-01
4.94550e+03 5.07723e-01
4.94600e+03 5.15501e-01
4.94650e+03 5.23650e-01
4.94700e+03 5.31309e-01
4.94750e+03 5.39338e-01
4.94800e+03 5.47369e-01
4.94850e+03 5.55523e-01
4.94900e+03 5.63435e-01
4.94950e+03 5.70612e-01
4.95000e+03 5.78772e-01
4.95050e+03 5.86935e-01
4.95100e+03 5.94976e-01
4.95150e+03 6.02772e-01
4.95200e+03 6.10571e-01
4.95250e+03 6.17635e-01
4.95300e+03 6.25314e-01
4.95350e+03 6.32258e-01
4.95400e+03 6.39695e-01
4.95450e+03 6.46520e-01
4.95500e+03 6.53714e-01
4.95550e+03 6.60665e-01
4.95600e+03 6.67617e-01
4.95650e+03 6.74201e-01
4.95700e+03 6.80665e-01
4.95750e+03 6.87499e-01
4.95800e+03 6.93474e-01
4.95850e+03 6.99820e-01
4.95900e+03 7.05551e-01
4.95950e+03 7.11776e-01
4.96000e+03 7.17510e-01
4.96050e+03 7.23738e-01
4.96100e+03 7.29599e-01
4.96150e+03 7.35092e-01
4.96200e+03 7.40463e-01
4.96250e+03 7.46203e-01
4.96300e+03 7.50839e-01
4.96350e+03 7.56091e-01
4.96400e+03 7.60851e-01
4.96450e+03 7.65244e-01
4.96500e+03 7.69761e-01
4.96550e+03 7.73540e-01
4.96600e+03 7.78180e-01
4.96650e+03 7.81961e-01
4.96700e+03 7.86113e-01
4.96750e+03 7.89648e-01
4.96800e+03 7.93308e-01
4.96850e+03 7.96476e-01
4.96900e+03 7.99275e-01
4.96950e+03 8.02568e-01
4.97000e+03 8.05491e-01
4.97050e+03 8.08168e-01
4.97100e+03 8.11586e-01
4.97150e+03 8.14264e-01
4.97200e+03 8.16327e-01
4.97250e+03 8.18267e-01
4.97300e+03 8.20699e-01
4.97350e+03 8.22886e-01
4.97400e+03 8.24951e-01
4.97450e+03 8.27016e-01
4.97500e+03 8.28710e-01
4.97550e+03 8.30036e-01
4.97600e+03 8.31361e-01
4.97650e+03 8.33057e-01
4.97700e+03 8.34384e-01
4.97750e+03 8.35957e-01
4.97800e+03 8.37161e-01
4.97850e+03 8.38118e-01
4.97900e+03 8.38828e-01
4.97950e+03 8.39539e-01
4.98000e+03 8.41607e-01
4.98050e+03 8.42812e-01
4.98100e+03 8.43893e-01
4.98150e+03 8.45222e-01
4.98200e+03 8.45685e-01
4.98250e+03 8.46520e-01
4.98300e+03 8.47603e-01
4.98350e+03 8.48932e-01
4.98400e+03 8.50138e-01
4.98450e+03 8.50602e-01
4.98500e+03 8.51439e-01
4.98550e+03 8.51904e-01
4.98600e+03 8.52740e-01
4.98650e+03 8.53206e-01
4.98700e+03 8.54042e-01
4.98750e+03 8.55003e-01
4.98800e+03 8.55346e-01
4.98850e+03 8.56182e-01
4.98900e+03 8.56648e-01
4.98950e+03 8.57362e-01
4.99000e+03 8.58447e-01
4.99050e+03 8.58666e-01
4.99100e+03 8.59380e-01
4.99150e+03 8.59475e-01
4.99200e+03 8.60189e-01
4.99250e+03 8.61026e-01
4.99300e+03 8.62237e-01
4.99350e+03 8.62951e-01
4.99400e+03 8.63914e-01
4.99450e+03 8.65743e-01
4.99500e+03 8.66582e-01
4.99550e+03 8.67298e-01
4.99600e+03 8.68136e-01
4.99650e+03 8.69099e-01
4.99700e+03 8.70433e-01
4.99750e+03 8.71147e-01
4.99800e+03 8.71862e-01
4.99850e+03 8.73569e-01
4.99900e+03 8.74534e-01
4.99950e+03 8.76368e-01
5.00000e+03 8.77213e-01
5.00050e+03 8.78557e-01
5.00100e+03 8.80026e-01
5.00150e+03 8.81001e-01
5.00200e+03 8.82723e-01
5.00250e+03 8.84198e-01
5.00300e+03 8.85550e-01
5.00350e+03 8.86902e-01
5.00400e+03 8.88627e-01
5.00450e+03 8.90104e-01
5.00500e+03 8.91208e-01
5.00550e+03 8.92560e-01
5.00600e+03 8.94286e-01
5.00650e+03 8.95513e-01
5.00700e+03 8.96369e-01
5.00750e+03 8.97100e-01
5.00800e+03 8.98453e-01
5.00850e+03 9.00053e-01
5.00900e+03 9.00910e-01
5.00950e+03 9.02387e-01
5.01000e+03 9.03120e-01
5.01050e+03 9.03977e-01
5.01100e+03 9.04958e-01
5.01150e+03 9.05816e-01
5.01200e+03 9.06549e-01
5.01250e+03 9.07282e-01
5.01300e+03 9.07890e-01
5.01350e+03 9.09122e-01
5.01400e+03 9.09732e-01
5.01450e+03 9.10963e-01
5.01500e+03 9.12320e-01
5.01550e+03 9.13427e-01
5.01600e+03 9.14660e-01
5.01650e+03 9.15021e-01
5.01700e+03 9.15506e-01
5.01750e+03 9.16614e-01
5.01800e+03 9.16975e-01
5.01850e+03 9.17460e-01
5.01900e+03 9.17945e-01
5.01950e+03 9.18681e-01
5.02000e+03 9.19168e-01
5.02050e+03 9.19405e-01
5.02100e+03 9.20765e-01
5.02150e+03 9.21875e-01
5.02200e+03 9.22612e-01
5.02250e+03 9.22976e-01
5.02300e+03 9.23713e-01
5.02350e+03 9.25324e-01
5.02400e+03 9.25688e-01
5.02450e+03 9.26426e-01
5.02500e+03 9.27912e-01
5.02550e+03 9.28650e-01
5.02600e+03 9.29762e-01
5.02650e+03 9.30875e-01
5.02700e+03 9.32238e-01
5.02750e+03 9.33352e-01
5.02800e+03 9.34715e-01
5.02850e+03 9.36203e-01
5.02900e+03 9.36817e-01
5.02950e+03 9.37556e-01
5.03000e+03 9.38420e-01
5.03050e+03 9.39784e-01
5.03100e+03 9.41149e-01
5.03150e+03 9.41264e-01
5.03200e+03 9.43003e-01
5.03250e+03 9.44118e-01
5.03300e+03 9.44359e-01
5.03350e+03 9.44849e-01
5.03400e+03 9.45714e-01
5.03450e+03 9.46206e-01
5.03500e+03 9.47321e-01
5.03550e+03 9.48187e-01
5.03600e+03 9.48678e-01
5.03650e+03 9.48919e-01
5.03700e+03 9.50035e-01
5.03750e+03 9.50777e-01
5.03800e+03 9.51268e-01
5.03850e+03 9.51759e-01
5.03900e+03 9.52001e-01
5.03950e+03 9.52744e-01
5.04000e+03 9.52107e-01
5.04050e+03 9.52601e-01
5.04100e+03 9.53469e-01
5.04150e+03 9.53585e-01
5.04200e+03 9.53953e-01
5.04250e+03 9.54948e-01
5.04300e+03 9.54563e-01
5.04350e+03 9.54931e-01
5.04400e+03 9.55927e-01
5.04450e+03 9.56420e-01
5.04500e+03 9.56662e-01
5.04550e+03 9.56779e-01
5.04600e+03 9.57022e-01
5.04650e+03 9.57139e-01
5.04700e+03 9.57632e-01
5.04750e+03 9.58000e-01
5.04800e+03 9.58745e-01
5.04850e+03 9.58862e-01
5.04900e+03 9.59356e-01
5.04950e+03 9.59974e-01
5.05000e+03 9.60343e-01
5.05050e+03 9.59832e-01
5.05100e+03 9.60453e-01
5.05150e+03 9.60444e-01
5.05200e+03 9.60687e-01
5.05250e+03 9.60930e-01
5.05300e+03 9.61174e-01
5.05350e+03 9.61165e-01
5.05400e+03 9.62037e-01
5.05450e+03 9.62155e-01
5.05500e+03 9.62397e-01
5.05550e+03 9.62766e-01
5.05600e+03 9.62883e-01
5.05650e+03 9.63252e-01
5.05700e+03 9.63746e-01
5.05750e+03 9.64115e-01
5.05800e+03 9.64232e-01
5.05850e+03 9.64979e-01
5.05900e+03 9.64969e-01
5.05950e+03 9.65087e-01
5.06000e+03 9.64952e-01
5.06050e+03 9.64820e-01
5.06100e+03 9.64811e-01
5.06150e+03 9.65056e-01
5.06200e+03 9.65047e-01
5.06250e+03 9.65292e-01
5.06300e+03 9.65536e-01
5.06350e+03 9.65779e-01
5.06400e+03 9.65772e-01
5.06450e+03 9.65765e-01
5.06500e+03 9.65883e-01
5.06550e+03 9.66126e-01
5.06600e+03 9.65992e-01
5.06650e+03 9.66236e-01
5.06700e+03 9.66605e-01
5.06750e+03 9.67480e-01
5.06800e+03 9.67598e-01
5.06850e+03 9.68094e-01
5.06900e+03 9.68337e-01
5.06950e+03 9.69086e-01
5.07000e+03 9.69331e-01
5.07050e+03 9.69953e-01
5.07100e+03 9.70324e-01
5.07150e+03 9.70570e-01
5.07200e+03 9.71319e-01
5.07250e+03 9.71563e-01
5.07300e+03 9.71681e-01
5.07350e+03 9.71800e-01
5.07400e+03 9.73055e-01
5.07450e+03 9.73299e-01
5.07500e+03 9.73544e-01
5.07550e+03 9.74294e-01
5.07600e+03 9.74665e-01
5.07650e+03 9.75794e-01
5.07700e+03 9.76671e-01
5.07750e+03 9.77043e-01
5.07800e+03 9.77666e-01
5.07850e+03 9.78291e-01
5.07900e+03 9.78789e-01
5.07950e+03 9.79287e-01
5.08000e+03 9.79912e-01
5.08050e+03 9.80411e-01
5.08100e+03 9.80530e-01
5.08150e+03 9.81536e-01
5.08200e+03 9.82035e-01
5.08250e+03 9.82535e-01
5.08300e+03 9.83162e-01
5.08350e+03 9.83282e-01
5.08400e+03 9.84035e-01
5.08450e+03 9.83395e-01
5.08500e+03 9.83896e-01
5.08550e+03 9.83762e-01
5.08600e+03 9.84895e-01
5.08650e+03 9.85268e-01
5.08700e+03 9.85642e-01
5.08750e+03 9.85508e-01
5.08800e+03 9.85754e-01
5.08850e+03 9.86254e-01
5.08900e+03 9.87389e-01
5.08950e+03 9.87128e-01
5.09000e+03 9.87757e-01
5.09050e+03 9.88258e-01
5.09100e+03 9.88759e-01
5.09150e+03 9.88628e-01
5.09200e+03 9.88749e-01
5.09250e+03 9.89757e-01
5.09300e+03 9.90007e-01
5.09350e+03 9.90889e-01
5.09400e+03 9.91011e-01
5.09450e+03 9.91006e-01
5.09500e+03 9.91383e-01
5.09550e+03 9.92526e-01
5.09600e+03 9.93036e-01
5.09650e+03 9.93549e-01
5.09700e+03 9.93808e-01
5.09750e+03 9.94444e-01
5.09800e+03 9.94570e-01
5.09850e+03 9.94819e-01
5.09900e+03 9.95568e-01
5.09950e+03 9.96436e-01
5.10000e+03 9.97422e-01
5.10050e+03 9.97889e-01
5.10100e+03 9.97584e-01
5.10150e+03 9.98160e-01
5.10200e+03 9.98350e-01
5.10250e+03 9.99045e-01
5.10300e+03 9.98848e-01
5.10350e+03 9.99542e-01
5.10400e+03 9.99602e-01
5.10450e+03 9.99792e-01
5.10500e+03 9.99476e-01
5.10550e+03 9.99161e-01
5.10600e+03 9.99353e-01
5.10650e+03 9.99291e-01
5.10700e+03 9.98975e-01
5.10750e+03 9.99041e-01
5.10800e+03 9.98597e-01
5.10850e+03 9.98662e-01
5.10900e+03 1.00000e+00
5.10950e+03 9.99811e-01
5.11000e+03 9.99876e-01
5.11050e+03 9.99306e-01
5.11100e+03 9.99499e-01
5.11150e+03 9.98674e-01
5.11200e+03 9.98484e-01
5.11250e+03 9.98423e-01
5.11300e+03 9.98744e-01
5.11350e+03 9.99318e-01
5.11400e+03 9.99257e-01
5.11450e+03 9.99323e-01
5.11500e+03 9.98623e-01
5.11550e+03 9.98562e-01
5.11600e+03 9.98500e-01
5.11650e+03 9.97292e-01
5.11700e+03 9.96720e-01
5.11750e+03 9.96020e-01
5.11800e+03 9.94940e-01
5.11850e+03 9.94750e-01
5.11900e+03 9.94050e-01
5.11950e+03 9.93351e-01
5.12000e+03 9.92906e-01
5.12050e+03 9.92334e-01
5.12100e+03 9.90743e-01
5.12150e+03 9.89789e-01
5.12200e+03 9.88835e-01
5.12250e+03 9.88008e-01
5.12300e+03 9.87181e-01
5.12350e+03 9.85462e-01
5.12400e+03 9.84252e-01
5.12450e+03 9.83806e-01
5.12500e+03 9.81958e-01
5.12550e+03 9.80492e-01
5.12600e+03 9.79026e-01
5.12650e+03 9.78071e-01
5.12700e+03 9.77626e-01
5.12750e+03 9.76542e-01
5.12800e+03 9.76224e-01
5.12850e+03 9.74502e-01
5.12900e+03 9.73546e-01
5.12950e+03 9.72078e-01
5.13000e+03 9.70101e-01
5.13050e+03 9.68378e-01
5.13100e+03 9.66909e-01
5.13150e+03 9.66080e-01
5.13200e+03 9.64739e-01
5.13250e+03 9.63143e-01
5.13300e+03 9.61164e-01
5.13350e+03 9.59183e-01
5.13400e+03 9.57586e-01
5.13450e+03 9.55989e-01
5.13500e+03 9.53242e-01
5.13550e+03 9.51134e-01
5.13600e+03 9.48514e-01
5.13650e+03 9.46149e-01
5.13700e+03 9.44168e-01
5.13750e+03 9.41802e-01
5.13800e+03 9.39181e-01
5.13850e+03 9.36305e-01
5.13900e+03 9.34321e-01
5.13950e+03 9.31317e-01
5.14000e+03 9.28438e-01
5.14050e+03 9.26071e-01
5.14100e+03 9.23320e-01
5.14150e+03 9.20059e-01
5.14200e+03 9.16924e-01
5.14250e+03 9.13277e-01
5.14300e+03 9.10397e-01
5.14350e+03 9.06878e-01
5.14400e+03 9.03102e-01
5.14450e+03 8.99197e-01
5.14500e+03 8.95932e-01
5.14550e+03 8.91643e-01
5.14600e+03 8.88121e-01
5.14650e+03 8.84599e-01
5.14700e+03 8.80052e-01
5.14750e+03 8.75378e-01
5.14800e+03 8.71598e-01
5.14850e+03 8.66666e-01
5.14900e+03 8.62373e-01
5.14950e+03 8.58337e-01
5.15000e+03 8.53915e-01
5.15050e+03 8.48341e-01
5.15100e+03 8.43790e-01
5.15150e+03 8.39238e-01
5.15200e+03 8.34557e-01
5.15250e+03 8.29108e-01
5.15300e+03 8.23018e-01
5.15350e+03 8.17951e-01
5.15400e+03 8.12371e-01
5.15450e+03 8.06919e-01
5.15500e+03 8.01083e-01
5.15550e+03 7.95757e-01
5.15600e+03 7.89534e-01
5.15650e+03 7.83952e-01
5.15700e+03 7.77727e-01
5.15750e+03 7.71887e-01
5.15800e+03 7.65149e-01
5.15850e+03 7.59562e-01
5.15900e+03 7.52823e-01
5.15950e+03 7.46210e-01
5.16000e+03 7.38572e-01
5.16050e+03 7.32341e-01
5.16100e+03 7.26112e-01
5.16150e+03 7.19368e-01
5.16200e+03 7.12751e-01
5.16250e+03 7.05877e-01
5.16300e+03 6.99388e-01
5.16350e+03 6.92769e-01
5.16400e+03 6.86149e-01
5.16450e+03 6.79144e-01
5.16500e+03 6.72522e-01
5.16550e+03 6.64746e-01
5.16600e+03 6.57738e-01
5.16650e+03 6.50473e-01
5.16700e+03 6.42951e-01
5.16750e+03 6.35811e-01
5.16800e+03 6.29441e-01
5.16850e+03 6.22685e-01
5.16900e+03 6.15671e-01
5.16950e+03 6.08400e-01
5.17000e+03 6.00743e-01
5.17050e+03 5.92958e-01
5.17100e+03 5.85170e-01
5.17150e+03 5.76868e-01
5.17200e+03 5.69207e-01
5.17250e+03 5.61674e-01
5.17300e+03 5.54139e-01
5.17350e+03 5.46347e-01
5.17400e+03 5.39067e-01
5.17450e+03 5.31658e-01
5.17500e+03 5.23861e-01
5.17550e+03 5.15809e-01
5.17600e+03 5.07627e-01
5.17650e+03 4.99957e-01
5.17700e+03 4.92156e-01
5.17750e+03 4.84099e-01
5.17800e+03 4.76683e-01
5.17850e+03 4.68880e-01
5.17900e+03 4.61462e-01
5.17950e+03 4.54043e-01
5.18000e+03 4.45981e-01
5.18050e+03 4.37918e-01
5.18100e+03 4.29724e-01
5.18150e+03 4.22814e-01
5.18200e+03 4.15262e-01
5.18250e+03 4.07450e-01
5.18300e+03 4.00409e-01
5.18350e+03 3.92982e-01
5.18400e+03 3.85939e-01
5.18450e+03 3.78382e-01
5.18500e+03 3.71080e-01
5.18550e+03 3.64034e-01
5.18600e+03 3.56988e-01
5.18650e+03 3.49941e-01
5.18700e+03 3.43020e-01
5.18750e+03 3.36100e-01
5.18800e+03 3.28921e-01
5.18850e+03 3.22385e-01
5.18900e+03 3.15718e-01
5.18950e+03 3.08665e-01
5.19000e+03 3.01869e-01
5.19050e+03 2.94943e-01
5.19100e+03 2.87887e-01
5.19150e+03 2.81088e-01
5.19200e+03 2.74545e-01
5.19250e+03 2.67872e-01
5.19300e+03 2.61456e-01
5.19350e+03 2.55168e-01
5.19400e+03 2.48749e-01
5.19450e+03 2.42713e-01
5.19500e+03 2.36420e-01
5.19550e+03 2.30254e-01
5.19600e+03 2.24858e-01
5.19650e+03 2.18947e-01
5.19700e+03 2.13166e-01
5.19750e+03 2.07773e-01
5.19800e+03 2.02122e-01
5.19850e+03 1.97115e-01
5.19900e+03 1.92369e-01
5.19950e+03 1.87366e-01
5.20000e+03 1.81978e-01
5.20050e+03 1.77105e-01
5.20100e+03 1.72360e-01
5.20150e+03 1.67486e-01
5.20200e+03 1.62996e-01
5.20250e+03 1.58505e-01
5.20300e+03 1.54142e-01
5.20350e+03 1.49779e-01
5.20400e+03 1.45413e-01
5.20450e+03 1.41305e-01
5.20500e+03 1.37068e-01
5.20550e+03 1.33086e-01
5.20600e+03 1.29233e-01
5.20650e+03 1.25147e-01
5.20700e+03 1.21318e-01
5.20750e+03 1.17772e-01
5.20800e+03 1.14340e-01
5.20850e+03 1.11244e-01
5.20900e+03 1.07863e-01
5.20950e+03 1.04791e-01
5.21000e+03 1.01524e-01
5.21050e+03 9.84121e-02
5.21100e+03 9.54409e-02
5.21150e+03 9.25596e-02
5.21200e+03 8.96775e-02
5.21250e+03 8.69886e-02
5.21300e+03 8.43893e-02
5.21350e+03 8.19058e-02
5.21400e+03 7.92666e-02
5.21450e+03 7.69498e-02
5.21500e+03 7.45679e-02
5.21550e+03 7.22370e-02
5.21600e+03 7.02159e-02
5.21650e+03 6.79746e-02
5.21700e+03 6.58490e-02
5.21750e+03 6.37230e-02
5.21800e+03 6.18033e-02
5.21850e+03 6.00514e-02
5.21900e+03 5.81439e-02
5.21950e+03 5.65075e-02
5.22000e+03 5.50002e-02
5.22050e+03 5.32466e-02
5.22100e+03 5.16091e-02
5.22150e+03 5.01006e-02
5.22200e+03 4.86177e-02
5.22250e+03 4.71473e-02
5.22300e+03 4.58450e-02
5.22350e+03 4.46072e-02
5.22400e+03 4.31487e-02
5.22450e+03 4.16899e-02
5.22500e+03 4.04512e-02
5.22550e+03 3.93027e-02
5.22600e+03 3.81281e-02
5.22650e+03 3.68625e-02
5.22700e+03 3.58817e-02
5.22750e+03 3.46932e-02
5.22800e+03 3.36083e-02
5.22850e+03 3.26527e-02
5.22900e+03 3.16970e-02
5.22950e+03 3.07539e-02
5.23000e+03 2.99663e-02
5.23050e+03 2.92824e-02
5.23100e+03 2.82868e-02
5.23150e+03 2.74596e-02
5.23200e+03 2.68789e-02
5.23250e+03 2.62073e-02
5.23300e+03 2.55094e-02
5.23350e+03 2.48373e-02
5.23400e+03 2.41132e-02
5.23450e+03 2.34408e-02
5.23500e+03 2.27553e-02
5.23550e+03 2.21604e-02
5.23600e+03 2.15135e-02
5.23650e+03 2.09315e-02
5.23700e+03 2.03884e-02
5.23750e+03 1.96890e-02
5.23800e+03 1.91585e-02
5.23850e+03 1.85888e-02
5.23900e+03 1.81881e-02
5.23950e+03 1.76831e-02
5.24000e+03 1.70611e-02
5.24050e+03 1.65299e-02
5.24100e+03 1.60376e-02
5.24150e+03 1.56753e-02
5.24200e+03 1.53910e-02
5.24250e+03 1.51065e-02
5.24300e+03 1.47180e-02
5.24350e+03 1.42773e-02
5.24400e+03 1.38625e-02
5.24450e+03 1.35908e-02
5.24500e+03 1.33320e-02
5.24550e+03 1.31513e-02
5.24600e+03 1.28768e-02
5.24650e+03 1.25397e-02
5.24700e+03 1.22638e-02
5.24750e+03 1.20464e-02
5.24800e+03 1.17691e-02
5.24850e+03 1.15724e-02
5.24900e+03 1.12949e-02
5.24950e+03 1.09379e-02
5.25000e+03 1.06211e-02
5.25050e+03 1.02652e-02
5.25100e+03 1.00669e-02
5.25150e+03 9.80996e-03
5.25200e+03 9.59205e-03
5.25250e+03 9.31407e-03
5.25300e+03 8.99692e-03
5.25350e+03 8.83883e-03
5.25400e+03 8.54110e-03
5.25450e+03 8.46253e-03
5.25500e+03 8.18426e-03
5.25550e+03 7.90723e-03
5.25600e+03 7.76850e-03
5.25650e+03 7.56969e-03
5.25700e+03 7.45178e-03
5.25750e+03 7.23330e-03
5.25800e+03 7.03433e-03
5.25850e+03 7.01558e-03
5.25900e+03 6.83747e-03
5.25950e+03 6.77818e-03
5.26000e+03 6.69929e-03
5.26050e+03 6.56027e-03
5.26100e+03 6.38199e-03
5.26150e+03 6.20238e-03
5.26200e+03 6.14429e-03
5.26250e+03 5.96461e-03
5.26300e+03 5.88555e-03
5.26350e+03 5.82741e-03
5.26400e+03 5.74833e-03
5.26450e+03 5.68885e-03
5.26500e+03 5.48936e-03
5.26550e+03 5.47040e-03
5.26600e+03 5.33105e-03
5.26650e+03 5.19165e-03
5.26700e+03 5.07316e-03
5.26750e+03 4.95335e-03
5.26800e+03 4.79423e-03
5.26850e+03 4.71492e-03
5.26900e+03 4.61597e-03
5.26950e+03 4.53665e-03
5.27000e+03 4.41669e-03
5.27050e+03 4.27705e-03
5.27100e+03 4.21861e-03
5.27150e+03 4.13919e-03
5.27200e+03 3.95884e-03
5.27250e+03 3.81909e-03
5.27300e+03 3.78023e-03
5.27350e+03 3.70071e-03
5.27400e+03 3.66051e-03
5.27450e+03 3.60195e-03
5.27500e+03 3.54205e-03
5.27550e+03 3.42182e-03
5.27600e+03 3.40256e-03
5.27650e+03 3.30325e-03
5.27700e+03 3.24330e-03
5.27750e+03 3.18333e-03
5.27800e+03 3.06429e-03
5.27850e+03 3.00430e-03
5.27900e+03 2.96396e-03
5.27950e+03 2.86455e-03
5.28000e+03 2.86490e-03
5.28050e+03 2.86524e-03
5.28100e+03 2.84589e-03
5.28150e+03 2.84623e-03
5.28200e+03 2.78614e-03
5.28250e+03 2.68664e-03
5.28300e+03 2.68697e-03
5.28350e+03 2.62685e-03
5.28400e+03 2.56670e-03
5.28450e+03 2.46713e-03
5.28500e+03 2.46743e-03
5.28550e+03 2.40724e-03
5.28600e+03 2.40753e-03
5.28650e+03 2.32761e-03
5.28700e+03 2.22794e-03
5.28750e+03 2.20715e-03
5.28800e+03 2.26794e-03
5.28850e+03 2.16821e-03
5.28900e+03 2.08821e-03
5.28950e+03 2.00818e-03
5.29000e+03 1.92814e-03
5.29050e+03 1.90863e-03
5.29100e+03 1.72719e-03
5.29150e+03 1.68790e-03
5.29200e+03 1.66702e-03
5.29250e+03 1.68830e-03
5.29300e+03 1.62791e-03
5.29350e+03 1.60836e-03
5.29400e+03 1.56772e-03
5.29450e+03 1.56792e-03
5.29500e+03 1.56811e-03
5.29550e+03 1.52876e-03
5.29600e+03 0.00000e+00
5.29650e+03 1.46849e-03
5.29700e+03 1.52930e-03
5.29750e+03 1.56901e-03
5.29800e+03 1.62983e-03
5.29850e+03 1.66955e-03
5.29900e+03 1.77127e-03
5.29950e+03 1.83212e-03
5.30000e+03 1.87188e-03
