# Filter name : Subaru/Suprime.IB624
# Description : Suprime IB624 filter  (full transmission)
# Photometric system : Suprime
# FilterType : photon
# Band name : ------
# Observatory : Subaru
# Instrument : Suprime
# Comments : ------
# 
5.94000e+03 1.24849e-03
5.94050e+03 1.14050e-03
5.94100e+03 1.20221e-03
5.94150e+03 1.20230e-03
5.94200e+03 1.31051e-03
5.94250e+03 1.31060e-03
5.94300e+03 1.49563e-03
5.94350e+03 1.38761e-03
5.94400e+03 1.57267e-03
5.94450e+03 1.74261e-03
5.94500e+03 1.85089e-03
5.94550e+03 2.19072e-03
5.94600e+03 2.29906e-03
5.94650e+03 2.40641e-03
5.94700e+03 2.48445e-03
5.94750e+03 2.73137e-03
5.94800e+03 2.65472e-03
5.94850e+03 2.65492e-03
5.94900e+03 2.76233e-03
5.94950e+03 2.76254e-03
5.95000e+03 2.76275e-03
5.95050e+03 2.94811e-03
5.95100e+03 3.04141e-03
5.95150e+03 3.14991e-03
5.95200e+03 3.07223e-03
5.95250e+03 3.07246e-03
5.95300e+03 2.96542e-03
5.95350e+03 2.79560e-03
5.95400e+03 2.96587e-03
5.95450e+03 3.04303e-03
5.95500e+03 3.04326e-03
5.95550e+03 2.85821e-03
5.95600e+03 2.85843e-03
5.95650e+03 3.04396e-03
5.95700e+03 3.04419e-03
5.95750e+03 3.15279e-03
5.95800e+03 3.32319e-03
5.95850e+03 3.24545e-03
5.95900e+03 3.24570e-03
5.95950e+03 3.32395e-03
5.96000e+03 3.32420e-03
5.96050e+03 3.40146e-03
5.96100e+03 3.58716e-03
5.96150e+03 3.86611e-03
5.96200e+03 3.69614e-03
5.96250e+03 3.89710e-03
5.96300e+03 3.99065e-03
5.96350e+03 4.17646e-03
5.96400e+03 4.53261e-03
5.96450e+03 4.81075e-03
5.96500e+03 5.08995e-03
5.96550e+03 5.16739e-03
5.96600e+03 5.07550e-03
5.96650e+03 5.35478e-03
5.96700e+03 5.35519e-03
5.96750e+03 5.44789e-03
5.96800e+03 5.80436e-03
5.96850e+03 6.00566e-03
5.96900e+03 6.20801e-03
5.96950e+03 6.20848e-03
5.97000e+03 6.48697e-03
5.97050e+03 6.37989e-03
5.97100e+03 6.38037e-03
5.97150e+03 6.58180e-03
5.97200e+03 6.50516e-03
5.97250e+03 6.42748e-03
5.97300e+03 6.59851e-03
5.97350e+03 6.87819e-03
5.97400e+03 6.97109e-03
5.97450e+03 6.86399e-03
5.97500e+03 7.05032e-03
5.97550e+03 7.23669e-03
5.97600e+03 7.23723e-03
5.97650e+03 7.31497e-03
5.97700e+03 7.48616e-03
5.97750e+03 7.56391e-03
5.97800e+03 7.73516e-03
5.97850e+03 7.92167e-03
5.97900e+03 8.10820e-03
5.97950e+03 8.27952e-03
5.98000e+03 8.62160e-03
5.98050e+03 8.90174e-03
5.98100e+03 8.90242e-03
5.98150e+03 8.90310e-03
5.98200e+03 9.18230e-03
5.98250e+03 9.57135e-03
5.98300e+03 9.57208e-03
5.98350e+03 9.85139e-03
5.98400e+03 1.00545e-02
5.98450e+03 1.01477e-02
5.98500e+03 1.04241e-02
5.98550e+03 1.08011e-02
5.98600e+03 1.09138e-02
5.98650e+03 1.11892e-02
5.98700e+03 1.14749e-02
5.98750e+03 1.17504e-02
5.98800e+03 1.18632e-02
5.98850e+03 1.19354e-02
5.98900e+03 1.22213e-02
5.98950e+03 1.24971e-02
5.99000e+03 1.27832e-02
5.99050e+03 1.30592e-02
5.99100e+03 1.36203e-02
5.99150e+03 1.36216e-02
5.99200e+03 1.37959e-02
5.99250e+03 1.43573e-02
5.99300e+03 1.46336e-02
5.99350e+03 1.45432e-02
5.99400e+03 1.47178e-02
5.99450e+03 1.49942e-02
5.99500e+03 1.53725e-02
5.99550e+03 1.54860e-02
5.99600e+03 1.57626e-02
5.99650e+03 1.61411e-02
5.99700e+03 1.64176e-02
5.99750e+03 1.69085e-02
5.99800e+03 1.70120e-02
5.99850e+03 1.71868e-02
5.99900e+03 1.73923e-02
5.99950e+03 1.78425e-02
6.00000e+03 1.81297e-02
6.00050e+03 1.82028e-02
6.00100e+03 1.82860e-02
6.00150e+03 1.85631e-02
6.00200e+03 1.91463e-02
6.00250e+03 1.95356e-02
6.00300e+03 1.98332e-02
6.00350e+03 2.01921e-02
6.00400e+03 2.06633e-02
6.00450e+03 2.10325e-02
6.00500e+03 2.13305e-02
6.00550e+03 2.15980e-02
6.00600e+03 2.21516e-02
6.00650e+03 2.24501e-02
6.00700e+03 2.29224e-02
6.00750e+03 2.34970e-02
6.00800e+03 2.40719e-02
6.00850e+03 2.47695e-02
6.00900e+03 2.53447e-02
6.00950e+03 2.59302e-02
6.01000e+03 2.62910e-02
6.01050e+03 2.65702e-02
6.01100e+03 2.71356e-02
6.01150e+03 2.76090e-02
6.01200e+03 2.81850e-02
6.01250e+03 2.87507e-02
6.01300e+03 2.95007e-02
6.01350e+03 3.00667e-02
6.01400e+03 3.08580e-02
6.01450e+03 3.18847e-02
6.01500e+03 3.24717e-02
6.01550e+03 3.29770e-02
6.01600e+03 3.35541e-02
6.01650e+03 3.40290e-02
6.01700e+03 3.48110e-02
6.01750e+03 3.59413e-02
6.01800e+03 3.66215e-02
6.01850e+03 3.76499e-02
6.01900e+03 3.81255e-02
6.01950e+03 3.91647e-02
6.02000e+03 3.96406e-02
6.02050e+03 4.06085e-02
6.02100e+03 4.12896e-02
6.02150e+03 4.21554e-02
6.02200e+03 4.29907e-02
6.02250e+03 4.35698e-02
6.02300e+03 4.43236e-02
6.02350e+03 4.51799e-02
6.02400e+03 4.61082e-02
6.02450e+03 4.69547e-02
6.02500e+03 4.78218e-02
6.02550e+03 4.84123e-02
6.02600e+03 4.98338e-02
6.02650e+03 5.07017e-02
6.02700e+03 5.21341e-02
6.02750e+03 5.29204e-02
6.02800e+03 5.40763e-02
6.02850e+03 5.49245e-02
6.02900e+03 5.59681e-02
6.02950e+03 5.72172e-02
6.03000e+03 5.82715e-02
6.03050e+03 5.94801e-02
6.03100e+03 6.08020e-02
6.03150e+03 6.24940e-02
6.03200e+03 6.39296e-02
6.03250e+03 6.51703e-02
6.03300e+03 6.65860e-02
6.03350e+03 6.82898e-02
6.03400e+03 6.97884e-02
6.03450e+03 7.12875e-02
6.03500e+03 7.28999e-02
6.03550e+03 7.48829e-02
6.03600e+03 7.67635e-02
6.03650e+03 7.84596e-02
6.03700e+03 8.06187e-02
6.03750e+03 8.26139e-02
6.03800e+03 8.44862e-02
6.03850e+03 8.65749e-02
6.03900e+03 8.85407e-02
6.03950e+03 9.06303e-02
6.04000e+03 9.27000e-02
6.04050e+03 9.49555e-02
6.04100e+03 9.69026e-02
6.04150e+03 9.88708e-02
6.04200e+03 1.00603e-01
6.04250e+03 1.03303e-01
6.04300e+03 1.05788e-01
6.04350e+03 1.08067e-01
6.04400e+03 1.10347e-01
6.04450e+03 1.12833e-01
6.04500e+03 1.15115e-01
6.04550e+03 1.17705e-01
6.04600e+03 1.20812e-01
6.04650e+03 1.23611e-01
6.04700e+03 1.26409e-01
6.04750e+03 1.28486e-01
6.04800e+03 1.31803e-01
6.04850e+03 1.35017e-01
6.04900e+03 1.38437e-01
6.04950e+03 1.42168e-01
6.05000e+03 1.45694e-01
6.05050e+03 1.47982e-01
6.05100e+03 1.50890e-01
6.05150e+03 1.54108e-01
6.05200e+03 1.57843e-01
6.05250e+03 1.61682e-01
6.05300e+03 1.65420e-01
6.05350e+03 1.69157e-01
6.05400e+03 1.72586e-01
6.05450e+03 1.76533e-01
6.05500e+03 1.80273e-01
6.05550e+03 1.84737e-01
6.05600e+03 1.88376e-01
6.05650e+03 1.92740e-01
6.05700e+03 1.96174e-01
6.05750e+03 2.00229e-01
6.05800e+03 2.04389e-01
6.05850e+03 2.09273e-01
6.05900e+03 2.13952e-01
6.05950e+03 2.19252e-01
6.06000e+03 2.23830e-01
6.06050e+03 2.29029e-01
6.06100e+03 2.34023e-01
6.06150e+03 2.39121e-01
6.06200e+03 2.44221e-01
6.06250e+03 2.48701e-01
6.06300e+03 2.54321e-01
6.06350e+03 2.59113e-01
6.06400e+03 2.64736e-01
6.06450e+03 2.69841e-01
6.06500e+03 2.76088e-01
6.06550e+03 2.81714e-01
6.06600e+03 2.87756e-01
6.06650e+03 2.93696e-01
6.06700e+03 2.99638e-01
6.06750e+03 3.05269e-01
6.06800e+03 3.11318e-01
6.06850e+03 3.17678e-01
6.06900e+03 3.23521e-01
6.06950e+03 3.29885e-01
6.07000e+03 3.36250e-01
6.07050e+03 3.43136e-01
6.07100e+03 3.49088e-01
6.07150e+03 3.55873e-01
6.07200e+03 3.62245e-01
6.07250e+03 3.68204e-01
6.07300e+03 3.74474e-01
6.07350e+03 3.80538e-01
6.07400e+03 3.87226e-01
6.07450e+03 3.93916e-01
6.07500e+03 4.00192e-01
6.07550e+03 4.06469e-01
6.07600e+03 4.13164e-01
6.07650e+03 4.18509e-01
6.07700e+03 4.25727e-01
6.07750e+03 4.32736e-01
6.07800e+03 4.39541e-01
6.07850e+03 4.46244e-01
6.07900e+03 4.53675e-01
6.07950e+03 4.60693e-01
6.08000e+03 4.68232e-01
6.08050e+03 4.75565e-01
6.08100e+03 4.82484e-01
6.08150e+03 4.90029e-01
6.08200e+03 4.97159e-01
6.08250e+03 5.04708e-01
6.08300e+03 5.13090e-01
6.08350e+03 5.20433e-01
6.08400e+03 5.27883e-01
6.08450e+03 5.35438e-01
6.08500e+03 5.41539e-01
6.08550e+03 5.47328e-01
6.08600e+03 5.54160e-01
6.08650e+03 5.61097e-01
6.08700e+03 5.68141e-01
6.08750e+03 5.75186e-01
6.08800e+03 5.82128e-01
6.08850e+03 5.90114e-01
6.08900e+03 5.97894e-01
6.08950e+03 6.05468e-01
6.09000e+03 6.12417e-01
6.09050e+03 6.18328e-01
6.09100e+03 6.24448e-01
6.09150e+03 6.31090e-01
6.09200e+03 6.38464e-01
6.09250e+03 6.45527e-01
6.09300e+03 6.53633e-01
6.09350e+03 6.61634e-01
6.09400e+03 6.68803e-01
6.09450e+03 6.76391e-01
6.09500e+03 6.83250e-01
6.09550e+03 6.89069e-01
6.09600e+03 6.94992e-01
6.09650e+03 7.01022e-01
6.09700e+03 7.06741e-01
6.09750e+03 7.13086e-01
6.09800e+03 7.19434e-01
6.09850e+03 7.25991e-01
6.09900e+03 7.32133e-01
6.09950e+03 7.38589e-01
6.10000e+03 7.44420e-01
6.10050e+03 7.50672e-01
6.10100e+03 7.55880e-01
6.10150e+03 7.61613e-01
6.10200e+03 7.67972e-01
6.10250e+03 7.72972e-01
6.10300e+03 7.77761e-01
6.10350e+03 7.85161e-01
6.10400e+03 7.91518e-01
6.10450e+03 7.96726e-01
6.10500e+03 8.02146e-01
6.10550e+03 8.06207e-01
6.10600e+03 8.10478e-01
6.10650e+03 8.16842e-01
6.10700e+03 8.21638e-01
6.10750e+03 8.27273e-01
6.10800e+03 8.31862e-01
6.10850e+03 8.36453e-01
6.10900e+03 8.41254e-01
6.10950e+03 8.45742e-01
6.11000e+03 8.49603e-01
6.11050e+03 8.53151e-01
6.11100e+03 8.58271e-01
6.11150e+03 8.62030e-01
6.11200e+03 8.65790e-01
6.11250e+03 8.69132e-01
6.11300e+03 8.72787e-01
6.11350e+03 8.77281e-01
6.11400e+03 8.82196e-01
6.11450e+03 8.85121e-01
6.11500e+03 8.89514e-01
6.11550e+03 8.93174e-01
6.11600e+03 8.95997e-01
6.11650e+03 8.99449e-01
6.11700e+03 9.02063e-01
6.11750e+03 9.04155e-01
6.11800e+03 9.06770e-01
6.11850e+03 9.09386e-01
6.11900e+03 9.11059e-01
6.11950e+03 9.12208e-01
6.12000e+03 9.14511e-01
6.12050e+03 9.17025e-01
6.12100e+03 9.20169e-01
6.12150e+03 9.21530e-01
6.12200e+03 9.23099e-01
6.12250e+03 9.23410e-01
6.12300e+03 9.24245e-01
6.12350e+03 9.24976e-01
6.12400e+03 9.26757e-01
6.12450e+03 9.28328e-01
6.12500e+03 9.30320e-01
6.12550e+03 9.31577e-01
6.12600e+03 9.32834e-01
6.12650e+03 9.35247e-01
6.12700e+03 9.36506e-01
6.12750e+03 9.37659e-01
6.12800e+03 9.37656e-01
6.12850e+03 9.38916e-01
6.12900e+03 9.37757e-01
6.12950e+03 9.39752e-01
6.13000e+03 9.41011e-01
6.13050e+03 9.43428e-01
6.13100e+03 9.43322e-01
6.13150e+03 9.44161e-01
6.13200e+03 9.45001e-01
6.13250e+03 9.45840e-01
6.13300e+03 9.45417e-01
6.13350e+03 9.46887e-01
6.13400e+03 9.47306e-01
6.13450e+03 9.47935e-01
6.13500e+03 9.48144e-01
6.13550e+03 9.49827e-01
6.13600e+03 9.51509e-01
6.13650e+03 9.52666e-01
6.13700e+03 9.55507e-01
6.13750e+03 9.55506e-01
6.13800e+03 9.55505e-01
6.13850e+03 9.55504e-01
6.13900e+03 9.55609e-01
6.13950e+03 9.56345e-01
6.14000e+03 9.56450e-01
6.14050e+03 9.56765e-01
6.14100e+03 9.58556e-01
6.14150e+03 9.57185e-01
6.14200e+03 9.57710e-01
6.14250e+03 9.56970e-01
6.14300e+03 9.57285e-01
6.14350e+03 9.57073e-01
6.14400e+03 9.55068e-01
6.14450e+03 9.53906e-01
6.14500e+03 9.53377e-01
6.14550e+03 9.52953e-01
6.14600e+03 9.52950e-01
6.14650e+03 9.52210e-01
6.14700e+03 9.52418e-01
6.14750e+03 9.51678e-01
6.14800e+03 9.51570e-01
6.14850e+03 9.50724e-01
6.14900e+03 9.48082e-01
6.14950e+03 9.47869e-01
6.15000e+03 9.47022e-01
6.15050e+03 9.47019e-01
6.15100e+03 9.46172e-01
6.15150e+03 9.45535e-01
6.15200e+03 9.46905e-01
6.15250e+03 9.46268e-01
6.15300e+03 9.45526e-01
6.15350e+03 9.44572e-01
6.15400e+03 9.43828e-01
6.15450e+03 9.42980e-01
6.15500e+03 9.42766e-01
6.15550e+03 9.41282e-01
6.15600e+03 9.40432e-01
6.15650e+03 9.40006e-01
6.15700e+03 9.41165e-01
6.15750e+03 9.40844e-01
6.15800e+03 9.41158e-01
6.15850e+03 9.40414e-01
6.15900e+03 9.40305e-01
6.15950e+03 9.39878e-01
6.16000e+03 9.38181e-01
6.16050e+03 9.37331e-01
6.16100e+03 9.35633e-01
6.16150e+03 9.34676e-01
6.16200e+03 9.33402e-01
6.16250e+03 9.32867e-01
6.16300e+03 9.32863e-01
6.16350e+03 9.32859e-01
6.16400e+03 9.32324e-01
6.16450e+03 9.29565e-01
6.16500e+03 9.27760e-01
6.16550e+03 9.25319e-01
6.16600e+03 9.23088e-01
6.16650e+03 9.22340e-01
6.16700e+03 9.21804e-01
6.16750e+03 9.20632e-01
6.16800e+03 9.19672e-01
6.16850e+03 9.20408e-01
6.16900e+03 9.19871e-01
6.16950e+03 9.20183e-01
6.17000e+03 9.18799e-01
6.17050e+03 9.18899e-01
6.17100e+03 9.18362e-01
6.17150e+03 9.16446e-01
6.17200e+03 9.14424e-01
6.17250e+03 9.14735e-01
6.17300e+03 9.13455e-01
6.17350e+03 9.14933e-01
6.17400e+03 9.14609e-01
6.17450e+03 9.14921e-01
6.17500e+03 9.14489e-01
6.17550e+03 9.14694e-01
6.17600e+03 9.15325e-01
6.17650e+03 9.14999e-01
6.17700e+03 9.14674e-01
6.17750e+03 9.13923e-01
6.17800e+03 9.14978e-01
6.17850e+03 9.13909e-01
6.17900e+03 9.13476e-01
6.17950e+03 9.15169e-01
6.18000e+03 9.16650e-01
6.18050e+03 9.17812e-01
6.18100e+03 9.20464e-01
6.18150e+03 9.21307e-01
6.18200e+03 9.22683e-01
6.18250e+03 9.22783e-01
6.18300e+03 9.21926e-01
6.18350e+03 9.22132e-01
6.18400e+03 9.23614e-01
6.18450e+03 9.22863e-01
6.18500e+03 9.24027e-01
6.18550e+03 9.25723e-01
6.18600e+03 9.26142e-01
6.18650e+03 9.27093e-01
6.18700e+03 9.28577e-01
6.18750e+03 9.28464e-01
6.18800e+03 9.28989e-01
6.18850e+03 9.29089e-01
6.18900e+03 9.28977e-01
6.18950e+03 9.29077e-01
6.19000e+03 9.31414e-01
6.19050e+03 9.30877e-01
6.19100e+03 9.33108e-01
6.19150e+03 9.33742e-01
6.19200e+03 9.33843e-01
6.19250e+03 9.35116e-01
6.19300e+03 9.36282e-01
6.19350e+03 9.36383e-01
6.19400e+03 9.37870e-01
6.19450e+03 9.38398e-01
6.19500e+03 9.38925e-01
6.19550e+03 9.40946e-01
6.19600e+03 9.41473e-01
6.19650e+03 9.43601e-01
6.19700e+03 9.45195e-01
6.19750e+03 9.45938e-01
6.19800e+03 9.44758e-01
6.19850e+03 9.47318e-01
6.19900e+03 9.47735e-01
6.19950e+03 9.48871e-01
6.20000e+03 9.48823e-01
6.20050e+03 9.50594e-01
6.20100e+03 9.51085e-01
6.20150e+03 9.52536e-01
6.20200e+03 9.53027e-01
6.20250e+03 9.54051e-01
6.20300e+03 9.53795e-01
6.20350e+03 9.54178e-01
6.20400e+03 9.54563e-01
6.20450e+03 9.54947e-01
6.20500e+03 9.55117e-01
6.20550e+03 9.56142e-01
6.20600e+03 9.57060e-01
6.20650e+03 9.58405e-01
6.20700e+03 9.59109e-01
6.20750e+03 9.59815e-01
6.20800e+03 9.61160e-01
6.20850e+03 9.60797e-01
6.20900e+03 9.62246e-01
6.20950e+03 9.63053e-01
6.21000e+03 9.65675e-01
6.21050e+03 9.66482e-01
6.21100e+03 9.68464e-01
6.21150e+03 9.69700e-01
6.21200e+03 9.72858e-01
6.21250e+03 9.73451e-01
6.21300e+03 9.74259e-01
6.21350e+03 9.75280e-01
6.21400e+03 9.76943e-01
6.21450e+03 9.77322e-01
6.21500e+03 9.79734e-01
6.21550e+03 9.80862e-01
6.21600e+03 9.82525e-01
6.21650e+03 9.84938e-01
6.21700e+03 9.85852e-01
6.21750e+03 9.86017e-01
6.21800e+03 9.86719e-01
6.21850e+03 9.89239e-01
6.21900e+03 9.91226e-01
6.21950e+03 9.94068e-01
6.22000e+03 9.93594e-01
6.22050e+03 9.96118e-01
6.22100e+03 9.97997e-01
6.22150e+03 9.99236e-01
6.22200e+03 9.99618e-01
6.22250e+03 1.00000e+00
6.22300e+03 9.99634e-01
6.22350e+03 9.99587e-01
6.22400e+03 9.98471e-01
6.22450e+03 9.97568e-01
6.22500e+03 9.98271e-01
6.22550e+03 9.98439e-01
6.22600e+03 9.97107e-01
6.22650e+03 9.96847e-01
6.22700e+03 9.95622e-01
6.22750e+03 9.94397e-01
6.22800e+03 9.95421e-01
6.22850e+03 9.94303e-01
6.22900e+03 9.93185e-01
6.22950e+03 9.92816e-01
6.23000e+03 9.91590e-01
6.23050e+03 9.91114e-01
6.23100e+03 9.90961e-01
6.23150e+03 9.90806e-01
6.23200e+03 9.92044e-01
6.23250e+03 9.91675e-01
6.23300e+03 9.90984e-01
6.23350e+03 9.91365e-01
6.23400e+03 9.91531e-01
6.23450e+03 9.90090e-01
6.23500e+03 9.88970e-01
6.23550e+03 9.87314e-01
6.23600e+03 9.86086e-01
6.23650e+03 9.84858e-01
6.23700e+03 9.83416e-01
6.23750e+03 9.82831e-01
6.23800e+03 9.82676e-01
6.23850e+03 9.81341e-01
6.23900e+03 9.80329e-01
6.23950e+03 9.80389e-01
6.24000e+03 9.78840e-01
6.24050e+03 9.78257e-01
6.24100e+03 9.76601e-01
6.24150e+03 9.74943e-01
6.24200e+03 9.72856e-01
6.24250e+03 9.70341e-01
6.24300e+03 9.69649e-01
6.24350e+03 9.69063e-01
6.24400e+03 9.66975e-01
6.24450e+03 9.64995e-01
6.24500e+03 9.64732e-01
6.24550e+03 9.63930e-01
6.24600e+03 9.63560e-01
6.24650e+03 9.62651e-01
6.24700e+03 9.62172e-01
6.24750e+03 9.60191e-01
6.24800e+03 9.60356e-01
6.24850e+03 9.59340e-01
6.24900e+03 9.58860e-01
6.24950e+03 9.59025e-01
6.25000e+03 9.59405e-01
6.25050e+03 9.60643e-01
6.25100e+03 9.59842e-01
6.25150e+03 9.58932e-01
6.25200e+03 9.58989e-01
6.25250e+03 9.59368e-01
6.25300e+03 9.58566e-01
6.25350e+03 9.57979e-01
6.25400e+03 9.56854e-01
6.25450e+03 9.57341e-01
6.25500e+03 9.56967e-01
6.25550e+03 9.56057e-01
6.25600e+03 9.53211e-01
6.25650e+03 9.52193e-01
6.25700e+03 9.51175e-01
6.25750e+03 9.49728e-01
6.25800e+03 9.48496e-01
6.25850e+03 9.48231e-01
6.25900e+03 9.48181e-01
6.25950e+03 9.46411e-01
6.26000e+03 9.44319e-01
6.26050e+03 9.42763e-01
6.26100e+03 9.41422e-01
6.26150e+03 9.39436e-01
6.26200e+03 9.38203e-01
6.26250e+03 9.36216e-01
6.26300e+03 9.33583e-01
6.26350e+03 9.32564e-01
6.26400e+03 9.32190e-01
6.26450e+03 9.30956e-01
6.26500e+03 9.29398e-01
6.26550e+03 9.27087e-01
6.26600e+03 9.25636e-01
6.26650e+03 9.24508e-01
6.26700e+03 9.22734e-01
6.26750e+03 9.21606e-01
6.26800e+03 9.20476e-01
6.26850e+03 9.19132e-01
6.26900e+03 9.17573e-01
6.26950e+03 9.16120e-01
6.27000e+03 9.15098e-01
6.27050e+03 9.13323e-01
6.27100e+03 9.12192e-01
6.27150e+03 9.11493e-01
6.27200e+03 9.10578e-01
6.27250e+03 9.09340e-01
6.27300e+03 9.08424e-01
6.27350e+03 9.08694e-01
6.27400e+03 9.08532e-01
6.27450e+03 9.06863e-01
6.27500e+03 9.04978e-01
6.27550e+03 9.05247e-01
6.27600e+03 9.05192e-01
6.27650e+03 9.04600e-01
6.27700e+03 9.04332e-01
6.27750e+03 9.04278e-01
6.27800e+03 9.04548e-01
6.27850e+03 9.05896e-01
6.27900e+03 9.07028e-01
6.27950e+03 9.06113e-01
6.28000e+03 9.05305e-01
6.28050e+03 9.06006e-01
6.28100e+03 9.06815e-01
6.28150e+03 9.06654e-01
6.28200e+03 9.05846e-01
6.28250e+03 9.05146e-01
6.28300e+03 9.06603e-01
6.28350e+03 9.05793e-01
6.28400e+03 9.06711e-01
6.28450e+03 9.07412e-01
6.28500e+03 9.07359e-01
6.28550e+03 9.07844e-01
6.28600e+03 9.06604e-01
6.28650e+03 9.06983e-01
6.28700e+03 9.07468e-01
6.28750e+03 9.08277e-01
6.28800e+03 9.08978e-01
6.28850e+03 9.09681e-01
6.28900e+03 9.09303e-01
6.28950e+03 9.09897e-01
6.29000e+03 9.09844e-01
6.29050e+03 9.10545e-01
6.29100e+03 9.09737e-01
6.29150e+03 9.11086e-01
6.29200e+03 9.11248e-01
6.29250e+03 9.11301e-01
6.29300e+03 9.12541e-01
6.29350e+03 9.12485e-01
6.29400e+03 9.12647e-01
6.29450e+03 9.12701e-01
6.29500e+03 9.12865e-01
6.29550e+03 9.14651e-01
6.29600e+03 9.15362e-01
6.29650e+03 9.15318e-01
6.29700e+03 9.16790e-01
6.29750e+03 9.17290e-01
6.29800e+03 9.18980e-01
6.29850e+03 9.19699e-01
6.29900e+03 9.21390e-01
6.29950e+03 9.21891e-01
6.30000e+03 9.21636e-01
6.30050e+03 9.22893e-01
6.30100e+03 9.23394e-01
6.30150e+03 9.24650e-01
6.30200e+03 9.26123e-01
6.30250e+03 9.26297e-01
6.30300e+03 9.26796e-01
6.30350e+03 9.26431e-01
6.30400e+03 9.28228e-01
6.30450e+03 9.28191e-01
6.30500e+03 9.28370e-01
6.30550e+03 9.28985e-01
6.30600e+03 9.29603e-01
6.30650e+03 9.30655e-01
6.30700e+03 9.30303e-01
6.30750e+03 9.30060e-01
6.30800e+03 9.31657e-01
6.30850e+03 9.32930e-01
6.30900e+03 9.34635e-01
6.30950e+03 9.35692e-01
6.31000e+03 9.36206e-01
6.31050e+03 9.36612e-01
6.31100e+03 9.37235e-01
6.31150e+03 9.38289e-01
6.31200e+03 9.37071e-01
6.31250e+03 9.38234e-01
6.31300e+03 9.39398e-01
6.31350e+03 9.40888e-01
6.31400e+03 9.41185e-01
6.31450e+03 9.41158e-01
6.31500e+03 9.41564e-01
6.31550e+03 9.42728e-01
6.31600e+03 9.43460e-01
6.31650e+03 9.43433e-01
6.31700e+03 9.42539e-01
6.31750e+03 9.42079e-01
6.31800e+03 9.42485e-01
6.31850e+03 9.42674e-01
6.31900e+03 9.43622e-01
6.31950e+03 9.44245e-01
6.32000e+03 9.45194e-01
6.32050e+03 9.45166e-01
6.32100e+03 9.45465e-01
6.32150e+03 9.45004e-01
6.32200e+03 9.45844e-01
6.32250e+03 9.46793e-01
6.32300e+03 9.47633e-01
6.32350e+03 9.47606e-01
6.32400e+03 9.47037e-01
6.32450e+03 9.46359e-01
6.32500e+03 9.46766e-01
6.32550e+03 9.47499e-01
6.32600e+03 9.48341e-01
6.32650e+03 9.47771e-01
6.32700e+03 9.46768e-01
6.32750e+03 9.45873e-01
6.32800e+03 9.44652e-01
6.32850e+03 9.44625e-01
6.32900e+03 9.41776e-01
6.32950e+03 9.41097e-01
6.33000e+03 9.40852e-01
6.33050e+03 9.39521e-01
6.33100e+03 9.38516e-01
6.33150e+03 9.38489e-01
6.33200e+03 9.37266e-01
6.33250e+03 9.36370e-01
6.33300e+03 9.35254e-01
6.33350e+03 9.33597e-01
6.33400e+03 9.32047e-01
6.33450e+03 9.31149e-01
6.33500e+03 9.29381e-01
6.33550e+03 9.28700e-01
6.33600e+03 9.28236e-01
6.33650e+03 9.26793e-01
6.33700e+03 9.27308e-01
6.33750e+03 9.24342e-01
6.33800e+03 9.22246e-01
6.33850e+03 9.20367e-01
6.33900e+03 9.18597e-01
6.33950e+03 9.16066e-01
6.34000e+03 9.14403e-01
6.34050e+03 9.11435e-01
6.34100e+03 9.08575e-01
6.34150e+03 9.06912e-01
6.34200e+03 9.04269e-01
6.34250e+03 9.00973e-01
6.34300e+03 8.98873e-01
6.34350e+03 8.96119e-01
6.34400e+03 8.92168e-01
6.34450e+03 8.89742e-01
6.34500e+03 8.86334e-01
6.34550e+03 8.83580e-01
6.34600e+03 8.79954e-01
6.34650e+03 8.76872e-01
6.34700e+03 8.72918e-01
6.34750e+03 8.69944e-01
6.34800e+03 8.66751e-01
6.34850e+03 8.63993e-01
6.34900e+03 8.60582e-01
6.34950e+03 8.56624e-01
6.35000e+03 8.54082e-01
6.35050e+03 8.51977e-01
6.35100e+03 8.48345e-01
6.35150e+03 8.43840e-01
6.35200e+03 8.41297e-01
6.35250e+03 8.37118e-01
6.35300e+03 8.32829e-01
6.35350e+03 8.29520e-01
6.35400e+03 8.25884e-01
6.35450e+03 8.21810e-01
6.35500e+03 8.18936e-01
6.35550e+03 8.14097e-01
6.35600e+03 8.10457e-01
6.35650e+03 8.05944e-01
6.35700e+03 8.02958e-01
6.35750e+03 7.98554e-01
6.35800e+03 7.93711e-01
6.35850e+03 7.89850e-01
6.35900e+03 7.85006e-01
6.35950e+03 7.80598e-01
6.36000e+03 7.76080e-01
6.36050e+03 7.70906e-01
6.36100e+03 7.67259e-01
6.36150e+03 7.62848e-01
6.36200e+03 7.58000e-01
6.36250e+03 7.53150e-01
6.36300e+03 7.47208e-01
6.36350e+03 7.42466e-01
6.36400e+03 7.37178e-01
6.36450e+03 7.32544e-01
6.36500e+03 7.26708e-01
6.36550e+03 7.21855e-01
6.36600e+03 7.16016e-01
6.36650e+03 7.08756e-01
6.36700e+03 7.03136e-01
6.36750e+03 6.96747e-01
6.36800e+03 6.90905e-01
6.36850e+03 6.85390e-01
6.36900e+03 6.78562e-01
6.36950e+03 6.72388e-01
6.37000e+03 6.64464e-01
6.37050e+03 6.57523e-01
6.37100e+03 6.51893e-01
6.37150e+03 6.45716e-01
6.37200e+03 6.39426e-01
6.37250e+03 6.31277e-01
6.37300e+03 6.24440e-01
6.37350e+03 6.17163e-01
6.37400e+03 6.10650e-01
6.37450e+03 6.03919e-01
6.37500e+03 5.97294e-01
6.37550e+03 5.90669e-01
6.37600e+03 5.82730e-01
6.37650e+03 5.76212e-01
6.37700e+03 5.69254e-01
6.37750e+03 5.61748e-01
6.37800e+03 5.55884e-01
6.37850e+03 5.50128e-01
6.37900e+03 5.43166e-01
6.37950e+03 5.36093e-01
6.38000e+03 5.28144e-01
6.38050e+03 5.22384e-01
6.38100e+03 5.15855e-01
6.38150e+03 5.08230e-01
6.38200e+03 5.00713e-01
6.38250e+03 4.94401e-01
6.38300e+03 4.87649e-01
6.38350e+03 4.81224e-01
6.38400e+03 4.74799e-01
6.38450e+03 4.68153e-01
6.38500e+03 4.62164e-01
6.38550e+03 4.55297e-01
6.38600e+03 4.47880e-01
6.38650e+03 4.40243e-01
6.38700e+03 4.33592e-01
6.38750e+03 4.26939e-01
6.38800e+03 4.20943e-01
6.38850e+03 4.14837e-01
6.38900e+03 4.07852e-01
6.38950e+03 4.01963e-01
6.39000e+03 3.95853e-01
6.39050e+03 3.89852e-01
6.39100e+03 3.83961e-01
6.39150e+03 3.77738e-01
6.39200e+03 3.72063e-01
6.39250e+03 3.65727e-01
6.39300e+03 3.59060e-01
6.39350e+03 3.54040e-01
6.39400e+03 3.48249e-01
6.39450e+03 3.43445e-01
6.39500e+03 3.37873e-01
6.39550e+03 3.31970e-01
6.39600e+03 3.26616e-01
6.39650e+03 3.21151e-01
6.39700e+03 3.16343e-01
6.39750e+03 3.10767e-01
6.39800e+03 3.05188e-01
6.39850e+03 2.99719e-01
6.39900e+03 2.94579e-01
6.39950e+03 2.88890e-01
6.40000e+03 2.83857e-01
6.40050e+03 2.78715e-01
6.40100e+03 2.74672e-01
6.40150e+03 2.69307e-01
6.40200e+03 2.64819e-01
6.40250e+03 2.59228e-01
6.40300e+03 2.54186e-01
6.40350e+03 2.50022e-01
6.40400e+03 2.44977e-01
6.40450e+03 2.39494e-01
6.40500e+03 2.34339e-01
6.40550e+03 2.30394e-01
6.40600e+03 2.26118e-01
6.40650e+03 2.21952e-01
6.40700e+03 2.17785e-01
6.40750e+03 2.14498e-01
6.40800e+03 2.10990e-01
6.40850e+03 2.06932e-01
6.40900e+03 2.02654e-01
6.40950e+03 1.99585e-01
6.41000e+03 1.96185e-01
6.41050e+03 1.92566e-01
6.41100e+03 1.88726e-01
6.41150e+03 1.85435e-01
6.41200e+03 1.82144e-01
6.41250e+03 1.79954e-01
6.41300e+03 1.76992e-01
6.41350e+03 1.73700e-01
6.41400e+03 1.70737e-01
6.41450e+03 1.67776e-01
6.41500e+03 1.65143e-01
6.41550e+03 1.61740e-01
6.41600e+03 1.58225e-01
6.41650e+03 1.55261e-01
6.41700e+03 1.52187e-01
6.41750e+03 1.48892e-01
6.41800e+03 1.45927e-01
6.41850e+03 1.43953e-01
6.41900e+03 1.41647e-01
6.41950e+03 1.38462e-01
6.42000e+03 1.35716e-01
6.42050e+03 1.32970e-01
6.42100e+03 1.30444e-01
6.42150e+03 1.28137e-01
6.42200e+03 1.25280e-01
6.42250e+03 1.23193e-01
6.42300e+03 1.20776e-01
6.42350e+03 1.18689e-01
6.42400e+03 1.16492e-01
6.42450e+03 1.14956e-01
6.42500e+03 1.12648e-01
6.42550e+03 1.10670e-01
6.42600e+03 1.08725e-01
6.42650e+03 1.06747e-01
6.42700e+03 1.05122e-01
6.42750e+03 1.03066e-01
6.42800e+03 1.01396e-01
6.42850e+03 9.94503e-02
6.42900e+03 9.74931e-02
6.42950e+03 9.58777e-02
6.43000e+03 9.46260e-02
6.43050e+03 9.18521e-02
6.43100e+03 9.02911e-02
6.43150e+03 8.85977e-02
6.43200e+03 8.72128e-02
6.43250e+03 8.53315e-02
6.43300e+03 8.39905e-02
6.43350e+03 8.25610e-02
6.43400e+03 8.14403e-02
6.43450e+03 7.96907e-02
6.43500e+03 7.84703e-02
6.43550e+03 7.76804e-02
6.43600e+03 7.62833e-02
6.43650e+03 7.48639e-02
6.43700e+03 7.40735e-02
6.43750e+03 7.28747e-02
6.43800e+03 7.18854e-02
6.43850e+03 7.20000e-02
6.43900e+03 7.07566e-02
6.43950e+03 6.99989e-02
6.44000e+03 6.91306e-02
6.44050e+03 6.78980e-02
6.44100e+03 6.66761e-02
6.44150e+03 6.58739e-02
6.44200e+03 6.48837e-02
6.44250e+03 6.43132e-02
6.44300e+03 6.33228e-02
6.44350e+03 6.24097e-02
6.44400e+03 6.17285e-02
6.44450e+03 6.15995e-02
6.44500e+03 6.04542e-02
6.44550e+03 5.97284e-02
6.44600e+03 5.92458e-02
6.44650e+03 5.82658e-02
6.44700e+03 5.72305e-02
6.44750e+03 5.64713e-02
6.44800e+03 5.52810e-02
6.44850e+03 5.48973e-02
6.44900e+03 5.41268e-02
6.44950e+03 5.34667e-02
6.45000e+03 5.26738e-02
6.45050e+03 5.21020e-02
6.45100e+03 5.11984e-02
6.45150e+03 5.01842e-02
6.45200e+03 4.90482e-02
6.45250e+03 4.76799e-02
6.45300e+03 4.71298e-02
6.45350e+03 4.67786e-02
6.45400e+03 4.55094e-02
6.45450e+03 4.41627e-02
6.45500e+03 4.32362e-02
6.45550e+03 4.23426e-02
6.45600e+03 4.15597e-02
6.45650e+03 4.08652e-02
6.45700e+03 4.01926e-02
6.45750e+03 3.90775e-02
6.45800e+03 3.85265e-02
6.45850e+03 3.74111e-02
6.45900e+03 3.66386e-02
6.45950e+03 3.58441e-02
6.46000e+03 3.51710e-02
6.46050e+03 3.48409e-02
6.46100e+03 3.47101e-02
6.46150e+03 3.36939e-02
6.46200e+03 3.31423e-02
6.46250e+03 3.31221e-02
6.46300e+03 3.29025e-02
6.46350e+03 3.21183e-02
6.46400e+03 3.17659e-02
6.46450e+03 3.10922e-02
6.46500e+03 3.05293e-02
6.46550e+03 3.02764e-02
6.46600e+03 2.96025e-02
6.46650e+03 2.93495e-02
6.46700e+03 2.86756e-02
6.46750e+03 2.86661e-02
6.46800e+03 2.84352e-02
6.46850e+03 2.79605e-02
6.46900e+03 2.70647e-02
6.46950e+03 2.69333e-02
6.47000e+03 2.62590e-02
6.47050e+03 2.59171e-02
6.47100e+03 2.53645e-02
6.47150e+03 2.55655e-02
6.47200e+03 2.50239e-02
6.47250e+03 2.53468e-02
6.47300e+03 2.52152e-02
6.47350e+03 2.46735e-02
6.47400e+03 2.46639e-02
6.47450e+03 2.42441e-02
6.47500e+03 2.42455e-02
6.47550e+03 2.42247e-02
6.47600e+03 2.41042e-02
6.47650e+03 2.37729e-02
6.47700e+03 2.33196e-02
6.47750e+03 2.25225e-02
6.47800e+03 2.25017e-02
6.47850e+03 2.22922e-02
6.47900e+03 2.21715e-02
6.47950e+03 2.16292e-02
6.48000e+03 2.14973e-02
6.48050e+03 2.05002e-02
6.48100e+03 2.00798e-02
6.48150e+03 2.04027e-02
6.48200e+03 1.98269e-02
6.48250e+03 1.98281e-02
6.48300e+03 1.98292e-02
6.48350e+03 1.91867e-02
6.48400e+03 1.88659e-02
6.48450e+03 1.83454e-02
6.48500e+03 1.85906e-02
6.48550e+03 1.82698e-02
6.48600e+03 1.79490e-02
6.48650e+03 1.70952e-02
6.48700e+03 1.69741e-02
6.48750e+03 1.67530e-02
6.48800e+03 1.64320e-02
6.48850e+03 1.61998e-02
6.48900e+03 1.60785e-02
6.48950e+03 1.52133e-02
6.49000e+03 1.48920e-02
6.49050e+03 1.42377e-02
6.49100e+03 1.35721e-02
6.49150e+03 1.31509e-02
6.49200e+03 1.27294e-02
6.49250e+03 1.28191e-02
6.49300e+03 1.18200e-02
6.49350e+03 1.17318e-02
6.49400e+03 1.16102e-02
6.49450e+03 1.13554e-02
6.49500e+03 1.03593e-02
6.49550e+03 9.91873e-03
6.49600e+03 9.91930e-03
6.49650e+03 9.83541e-03
6.49700e+03 9.39473e-03
6.49750e+03 9.39527e-03
6.49800e+03 9.19241e-03
6.49850e+03 9.19281e-03
6.49900e+03 9.07402e-03
6.49950e+03 8.83728e-03
6.50000e+03 8.71840e-03
6.50050e+03 8.83747e-03
6.50100e+03 9.17664e-03
6.50150e+03 8.93887e-03
6.50200e+03 8.85451e-03
6.50250e+03 9.10921e-03
6.50300e+03 9.34724e-03
6.50350e+03 9.46521e-03
6.50400e+03 9.38085e-03
6.50450e+03 9.14307e-03
6.50500e+03 9.38110e-03
6.50550e+03 9.38123e-03
6.50600e+03 9.16123e-03
6.50650e+03 8.82225e-03
6.50700e+03 8.94022e-03
6.50750e+03 8.83918e-03
6.50800e+03 8.83929e-03
6.50850e+03 8.85603e-03
6.50900e+03 8.39796e-03
6.50950e+03 8.17782e-03
6.51000e+03 7.71975e-03
6.51050e+03 7.48184e-03
6.51100e+03 7.36290e-03
6.51150e+03 7.02380e-03
6.51200e+03 6.90485e-03
6.51250e+03 6.68472e-03
6.51300e+03 6.22664e-03
6.51350e+03 6.22666e-03
6.51400e+03 6.22669e-03
6.51450e+03 6.22671e-03
6.51500e+03 5.48064e-03
6.51550e+03 5.36169e-03
6.51600e+03 4.81797e-03
6.51650e+03 4.36099e-03
6.51700e+03 4.58117e-03
6.51750e+03 5.03930e-03
6.51800e+03 5.03932e-03
6.51850e+03 5.36181e-03
6.51900e+03 5.36183e-03
6.51950e+03 5.12388e-03
6.52000e+03 5.00492e-03
6.52050e+03 4.80145e-03
6.52100e+03 4.92045e-03
6.52150e+03 4.58132e-03
6.52200e+03 4.34337e-03
6.52250e+03 4.22441e-03
6.52300e+03 4.51354e-03
6.52350e+03 4.73373e-03
6.52400e+03 5.05623e-03
6.52450e+03 5.05625e-03
6.52500e+03 4.95507e-03
6.52550e+03 4.29233e-03
6.52600e+03 4.29235e-03
6.52650e+03 4.08887e-03
6.52700e+03 3.88539e-03
6.52750e+03 4.12337e-03
6.52800e+03 3.78421e-03
6.52850e+03 4.10671e-03
6.52900e+03 3.86876e-03
6.52950e+03 3.63079e-03
6.53000e+03 3.63080e-03
6.53050e+03 3.74980e-03
6.53100e+03 3.97111e-03
6.53150e+03 3.86882e-03
6.53200e+03 3.54634e-03
6.53250e+03 3.03702e-03
6.53300e+03 2.91915e-03
6.53350e+03 3.24055e-03
6.53400e+03 2.95253e-03
6.53450e+03 2.61336e-03
6.53500e+03 2.61337e-03
6.53550e+03 2.37539e-03
6.53600e+03 2.37540e-03
6.53650e+03 2.13853e-03
6.53700e+03 2.47772e-03
6.53750e+03 2.59673e-03
6.53800e+03 2.71462e-03
6.53850e+03 2.59675e-03
6.53900e+03 2.37545e-03
6.53950e+03 2.13858e-03
6.54000e+03 2.34210e-03
6.54050e+03 2.63015e-03
6.54100e+03 2.34212e-03
6.54150e+03 2.34213e-03
6.54200e+03 2.74919e-03
6.54250e+03 2.34215e-03
6.54300e+03 2.34216e-03
6.54350e+03 2.46117e-03
6.54400e+03 2.69806e-03
6.54450e+03 2.69807e-03
6.54500e+03 2.47788e-03
6.54550e+03 2.27437e-03
6.54600e+03 1.86621e-03
6.54650e+03 1.45917e-03
6.54700e+03 1.25565e-03
6.54750e+03 1.37464e-03
6.54800e+03 1.25566e-03
6.54850e+03 1.25566e-03
6.54900e+03 1.25567e-03
6.54950e+03 0.00000e+00
