# Filter name : Subaru/Suprime.IB738
# Description : Suprime IB738 filter  (full transmission)
# Photometric system : Suprime
# FilterType : photon
# Band name : ------
# Observatory : Subaru
# Instrument : Suprime
# Comments : ------
# 
7.07600e+03 1.22130e-03
7.07650e+03 1.27131e-03
7.07700e+03 1.32243e-03
7.07750e+03 1.33911e-03
7.07800e+03 1.44136e-03
7.07850e+03 1.37357e-03
7.07900e+03 1.44137e-03
7.07950e+03 1.50916e-03
7.08000e+03 1.57697e-03
7.08050e+03 1.64476e-03
7.08100e+03 1.64477e-03
7.08150e+03 1.64478e-03
7.08200e+03 1.67923e-03
7.08250e+03 1.72925e-03
7.08300e+03 1.84817e-03
7.08350e+03 1.84818e-03
7.08400e+03 1.96711e-03
7.08450e+03 2.11938e-03
7.08500e+03 2.18717e-03
7.08550e+03 2.37389e-03
7.08600e+03 2.40836e-03
7.08650e+03 2.47616e-03
7.08700e+03 2.45950e-03
7.08750e+03 2.52731e-03
7.08800e+03 2.50954e-03
7.08850e+03 2.57735e-03
7.08900e+03 2.61181e-03
7.08950e+03 2.67961e-03
7.09000e+03 2.86635e-03
7.09050e+03 2.88304e-03
7.09100e+03 2.95084e-03
7.09150e+03 3.06978e-03
7.09200e+03 3.08647e-03
7.09250e+03 3.17095e-03
7.09300e+03 3.15429e-03
7.09350e+03 3.27323e-03
7.09400e+03 3.23880e-03
7.09450e+03 3.44332e-03
7.09500e+03 3.52781e-03
7.09550e+03 3.61230e-03
7.09600e+03 3.68011e-03
7.09650e+03 3.69680e-03
7.09700e+03 3.74796e-03
7.09750e+03 3.78243e-03
7.09800e+03 3.93472e-03
7.09850e+03 4.05367e-03
7.09900e+03 4.13816e-03
7.09950e+03 4.22267e-03
7.10000e+03 4.35940e-03
7.10050e+03 4.51171e-03
7.10100e+03 4.56286e-03
7.10150e+03 4.63068e-03
7.10200e+03 4.79966e-03
7.10250e+03 4.98643e-03
7.10300e+03 5.00313e-03
7.10350e+03 5.08875e-03
7.10400e+03 5.25774e-03
7.10450e+03 5.41117e-03
7.10500e+03 5.59684e-03
7.10550e+03 5.73248e-03
7.10600e+03 5.71584e-03
7.10650e+03 5.81814e-03
7.10700e+03 6.07273e-03
7.10750e+03 6.10611e-03
7.10800e+03 6.30957e-03
7.10850e+03 6.46302e-03
7.10900e+03 6.88659e-03
7.10950e+03 6.97110e-03
7.11000e+03 7.07341e-03
7.11050e+03 7.22574e-03
7.11100e+03 7.32804e-03
7.11150e+03 7.66713e-03
7.11200e+03 7.83725e-03
7.11250e+03 8.17634e-03
7.11300e+03 8.34535e-03
7.11350e+03 8.63442e-03
7.11400e+03 8.71894e-03
7.11450e+03 8.88907e-03
7.11500e+03 9.09255e-03
7.11550e+03 9.29603e-03
7.11600e+03 9.56732e-03
7.11650e+03 9.60071e-03
7.11700e+03 9.99096e-03
7.11750e+03 1.01778e-02
7.11800e+03 1.05002e-02
7.11850e+03 1.07548e-02
7.11900e+03 1.11117e-02
7.11950e+03 1.14175e-02
7.12000e+03 1.19401e-02
7.12050e+03 1.22515e-02
7.12100e+03 1.24849e-02
7.12150e+03 1.28631e-02
7.12200e+03 1.34301e-02
7.12250e+03 1.39416e-02
7.12300e+03 1.41974e-02
7.12350e+03 1.46532e-02
7.12400e+03 1.49646e-02
7.12450e+03 1.52982e-02
7.12500e+03 1.55206e-02
7.12550e+03 1.60099e-02
7.12600e+03 1.66104e-02
7.12650e+03 1.70107e-02
7.12700e+03 1.76112e-02
7.12750e+03 1.80115e-02
7.12800e+03 1.84786e-02
7.12850e+03 1.88122e-02
7.12900e+03 1.93905e-02
7.12950e+03 1.97797e-02
7.13000e+03 2.05469e-02
7.13050e+03 2.11697e-02
7.13100e+03 2.16479e-02
7.13150e+03 2.23485e-02
7.13200e+03 2.28712e-02
7.13250e+03 2.35161e-02
7.13300e+03 2.40388e-02
7.13350e+03 2.47171e-02
7.13400e+03 2.54622e-02
7.13450e+03 2.62852e-02
7.13500e+03 2.69302e-02
7.13550e+03 2.75870e-02
7.13600e+03 2.80692e-02
7.13650e+03 2.88875e-02
7.13700e+03 2.99628e-02
7.13750e+03 3.08044e-02
7.13800e+03 3.15552e-02
7.13850e+03 3.22246e-02
7.13900e+03 3.31891e-02
7.13950e+03 3.41571e-02
7.14000e+03 3.50708e-02
7.14050e+03 3.61078e-02
7.14100e+03 3.70647e-02
7.14150e+03 3.79092e-02
7.14200e+03 3.90404e-02
7.14250e+03 4.02582e-02
7.14300e+03 4.14961e-02
7.14350e+03 4.27208e-02
7.14400e+03 4.41531e-02
7.14450e+03 4.56602e-02
7.14500e+03 4.69993e-02
7.14550e+03 4.85895e-02
7.14600e+03 4.96819e-02
7.14650e+03 5.10801e-02
7.14700e+03 5.24759e-02
7.14750e+03 5.37596e-02
7.14800e+03 5.52164e-02
7.14850e+03 5.70871e-02
7.14900e+03 5.84833e-02
7.14950e+03 6.02491e-02
7.15000e+03 6.18147e-02
7.15050e+03 6.34100e-02
7.15100e+03 6.51007e-02
7.15150e+03 6.67557e-02
7.15200e+03 6.86475e-02
7.15250e+03 7.02854e-02
7.15300e+03 7.17575e-02
7.15350e+03 7.34767e-02
7.15400e+03 7.53122e-02
7.15450e+03 7.74482e-02
7.15500e+03 7.94612e-02
7.15550e+03 8.15142e-02
7.15600e+03 8.38339e-02
7.15650e+03 8.63656e-02
7.15700e+03 8.87958e-02
7.15750e+03 9.11029e-02
7.15800e+03 9.33302e-02
7.15850e+03 9.55104e-02
7.15900e+03 9.78263e-02
7.15950e+03 1.00267e-01
7.16000e+03 1.02692e-01
7.16050e+03 1.04973e-01
7.16100e+03 1.07657e-01
7.16150e+03 1.10025e-01
7.16200e+03 1.12603e-01
7.16250e+03 1.15605e-01
7.16300e+03 1.18707e-01
7.16350e+03 1.21698e-01
7.16400e+03 1.24469e-01
7.16450e+03 1.27448e-01
7.16500e+03 1.30742e-01
7.16550e+03 1.33711e-01
7.16600e+03 1.37100e-01
7.16650e+03 1.40058e-01
7.16700e+03 1.43646e-01
7.16750e+03 1.47439e-01
7.16800e+03 1.50804e-01
7.16850e+03 1.54478e-01
7.16900e+03 1.58251e-01
7.16950e+03 1.61910e-01
7.17000e+03 1.66091e-01
7.17050e+03 1.69841e-01
7.17100e+03 1.73479e-01
7.17150e+03 1.77742e-01
7.17200e+03 1.81470e-01
7.17250e+03 1.85402e-01
7.17300e+03 1.89432e-01
7.17350e+03 1.93664e-01
7.17400e+03 1.98094e-01
7.17450e+03 2.02387e-01
7.17500e+03 2.06647e-01
7.17550e+03 2.11090e-01
7.17600e+03 2.15410e-01
7.17650e+03 2.19931e-01
7.17700e+03 2.24451e-01
7.17750e+03 2.29189e-01
7.17800e+03 2.34261e-01
7.17850e+03 2.39053e-01
7.17900e+03 2.43683e-01
7.17950e+03 2.48995e-01
7.18000e+03 2.54277e-01
7.18050e+03 2.59638e-01
7.18100e+03 2.65357e-01
7.18150e+03 2.70659e-01
7.18200e+03 2.75850e-01
7.18250e+03 2.81462e-01
7.18300e+03 2.86974e-01
7.18350e+03 2.92593e-01
7.18400e+03 2.98114e-01
7.18450e+03 3.03742e-01
7.18500e+03 3.09271e-01
7.18550e+03 3.15220e-01
7.18600e+03 3.20549e-01
7.18650e+03 3.26715e-01
7.18700e+03 3.32677e-01
7.18750e+03 3.38018e-01
7.18800e+03 3.44824e-01
7.18850e+03 3.50383e-01
7.18900e+03 3.56051e-01
7.18950e+03 3.62244e-01
7.19000e+03 3.68339e-01
7.19050e+03 3.74752e-01
7.19100e+03 3.80333e-01
7.19150e+03 3.86650e-01
7.19200e+03 3.92973e-01
7.19250e+03 3.99195e-01
7.19300e+03 4.05317e-01
7.19350e+03 4.11758e-01
7.19400e+03 4.17890e-01
7.19450e+03 4.24864e-01
7.19500e+03 4.31423e-01
7.19550e+03 4.37673e-01
7.19600e+03 4.44243e-01
7.19650e+03 4.50713e-01
7.19700e+03 4.57502e-01
7.19750e+03 4.63875e-01
7.19800e+03 4.70570e-01
7.19850e+03 4.77375e-01
7.19900e+03 4.83975e-01
7.19950e+03 4.90895e-01
7.20000e+03 4.97296e-01
7.20050e+03 5.04017e-01
7.20100e+03 5.10744e-01
7.20150e+03 5.17054e-01
7.20200e+03 5.24211e-01
7.20250e+03 5.30742e-01
7.20300e+03 5.37277e-01
7.20350e+03 5.43923e-01
7.20400e+03 5.50573e-01
7.20450e+03 5.57545e-01
7.20500e+03 5.65050e-01
7.20550e+03 5.71926e-01
7.20600e+03 5.78490e-01
7.20650e+03 5.85378e-01
7.20700e+03 5.92586e-01
7.20750e+03 5.98848e-01
7.20800e+03 6.05644e-01
7.20850e+03 6.12339e-01
7.20900e+03 6.18615e-01
7.20950e+03 6.24577e-01
7.21000e+03 6.30970e-01
7.21050e+03 6.37153e-01
7.21100e+03 6.43661e-01
7.21150e+03 6.50280e-01
7.21200e+03 6.56159e-01
7.21250e+03 6.62148e-01
7.21300e+03 6.67413e-01
7.21350e+03 6.74082e-01
7.21400e+03 6.80238e-01
7.21450e+03 6.85983e-01
7.21500e+03 6.91629e-01
7.21550e+03 6.97492e-01
7.21600e+03 7.04102e-01
7.21650e+03 7.10066e-01
7.21700e+03 7.15914e-01
7.21750e+03 7.22280e-01
7.21800e+03 7.27770e-01
7.21850e+03 7.33234e-01
7.21900e+03 7.39306e-01
7.21950e+03 7.45446e-01
7.22000e+03 7.50366e-01
7.22050e+03 7.56094e-01
7.22100e+03 7.60293e-01
7.22150e+03 7.65548e-01
7.22200e+03 7.70597e-01
7.22250e+03 7.74800e-01
7.22300e+03 7.78469e-01
7.22350e+03 7.83101e-01
7.22400e+03 7.87198e-01
7.22450e+03 7.91617e-01
7.22500e+03 7.96249e-01
7.22550e+03 8.01630e-01
7.22600e+03 8.06263e-01
7.22650e+03 8.09935e-01
7.22700e+03 8.13820e-01
7.22750e+03 8.17599e-01
7.22800e+03 8.21914e-01
7.22850e+03 8.25908e-01
7.22900e+03 8.29795e-01
7.22950e+03 8.32721e-01
7.23000e+03 8.36182e-01
7.23050e+03 8.39964e-01
7.23100e+03 8.43426e-01
7.23150e+03 8.46032e-01
7.23200e+03 8.48639e-01
7.23250e+03 8.51780e-01
7.23300e+03 8.54708e-01
7.23350e+03 8.56781e-01
7.23400e+03 8.59709e-01
7.23450e+03 8.62102e-01
7.23500e+03 8.64069e-01
7.23550e+03 8.65606e-01
7.23600e+03 8.67679e-01
7.23650e+03 8.69645e-01
7.23700e+03 8.72040e-01
7.23750e+03 8.74220e-01
7.23800e+03 8.76293e-01
7.23850e+03 8.78261e-01
7.23900e+03 8.80763e-01
7.23950e+03 8.82945e-01
7.24000e+03 8.85768e-01
7.24050e+03 8.87415e-01
7.24100e+03 8.89276e-01
7.24150e+03 8.89746e-01
7.24200e+03 8.91392e-01
7.24250e+03 8.93575e-01
7.24300e+03 8.94900e-01
7.24350e+03 8.95691e-01
7.24400e+03 8.96803e-01
7.24450e+03 8.98236e-01
7.24500e+03 8.99136e-01
7.24550e+03 9.01532e-01
7.24600e+03 9.02860e-01
7.24650e+03 9.04293e-01
7.24700e+03 9.05942e-01
7.24750e+03 9.07269e-01
7.24800e+03 9.08703e-01
7.24850e+03 9.10566e-01
7.24900e+03 9.12429e-01
7.24950e+03 9.14184e-01
7.25000e+03 9.15297e-01
7.25050e+03 9.16517e-01
7.25100e+03 9.17415e-01
7.25150e+03 9.18957e-01
7.25200e+03 9.20391e-01
7.25250e+03 9.20538e-01
7.25300e+03 9.22080e-01
7.25350e+03 9.22121e-01
7.25400e+03 9.22805e-01
7.25450e+03 9.24561e-01
7.25500e+03 9.25995e-01
7.25550e+03 9.26358e-01
7.25600e+03 9.26934e-01
7.25650e+03 9.27941e-01
7.25700e+03 9.28731e-01
7.25750e+03 9.29738e-01
7.25800e+03 9.30422e-01
7.25850e+03 9.30035e-01
7.25900e+03 9.30828e-01
7.25950e+03 9.32692e-01
7.26000e+03 9.34021e-01
7.26050e+03 9.34278e-01
7.26100e+03 9.35286e-01
7.26150e+03 9.35543e-01
7.26200e+03 9.36873e-01
7.26250e+03 9.37988e-01
7.26300e+03 9.38889e-01
7.26350e+03 9.39040e-01
7.26400e+03 9.40692e-01
7.26450e+03 9.40198e-01
7.26500e+03 9.39919e-01
7.26550e+03 9.40283e-01
7.26600e+03 9.40433e-01
7.26650e+03 9.41120e-01
7.26700e+03 9.42128e-01
7.26750e+03 9.42386e-01
7.26800e+03 9.41998e-01
7.26850e+03 9.42793e-01
7.26900e+03 9.43372e-01
7.26950e+03 9.44810e-01
7.27000e+03 9.45604e-01
7.27050e+03 9.45862e-01
7.27100e+03 9.46334e-01
7.27150e+03 9.47879e-01
7.27200e+03 9.47493e-01
7.27250e+03 9.48501e-01
7.27300e+03 9.48437e-01
7.27350e+03 9.49553e-01
7.27400e+03 9.49918e-01
7.27450e+03 9.51142e-01
7.27500e+03 9.51399e-01
7.27550e+03 9.51335e-01
7.27600e+03 9.51593e-01
7.27650e+03 9.52065e-01
7.27700e+03 9.52538e-01
7.27750e+03 9.53009e-01
7.27800e+03 9.52515e-01
7.27850e+03 9.51376e-01
7.27900e+03 9.51312e-01
7.27950e+03 9.51999e-01
7.28000e+03 9.50537e-01
7.28050e+03 9.51010e-01
7.28100e+03 9.49547e-01
7.28150e+03 9.50342e-01
7.28200e+03 9.50170e-01
7.28250e+03 9.50427e-01
7.28300e+03 9.50255e-01
7.28350e+03 9.50405e-01
7.28400e+03 9.50017e-01
7.28450e+03 9.50060e-01
7.28500e+03 9.49242e-01
7.28550e+03 9.47779e-01
7.28600e+03 9.47284e-01
7.28650e+03 9.45391e-01
7.28700e+03 9.44573e-01
7.28750e+03 9.43109e-01
7.28800e+03 9.42829e-01
7.28850e+03 9.41151e-01
7.28900e+03 9.40871e-01
7.28950e+03 9.39300e-01
7.29000e+03 9.37514e-01
7.29050e+03 9.36050e-01
7.29100e+03 9.35663e-01
7.29150e+03 9.34629e-01
7.29200e+03 9.32950e-01
7.29250e+03 9.32670e-01
7.29300e+03 9.31744e-01
7.29350e+03 9.30493e-01
7.29400e+03 9.29862e-01
7.29450e+03 9.29854e-01
7.29500e+03 9.28216e-01
7.29550e+03 9.26679e-01
7.29600e+03 9.27184e-01
7.29650e+03 9.27158e-01
7.29700e+03 9.28223e-01
7.29750e+03 9.26835e-01
7.29800e+03 9.26554e-01
7.29850e+03 9.26632e-01
7.29900e+03 9.26433e-01
7.29950e+03 9.26071e-01
7.30000e+03 9.26952e-01
7.30050e+03 9.27576e-01
7.30100e+03 9.28359e-01
7.30150e+03 9.29182e-01
7.30200e+03 9.29488e-01
7.30250e+03 9.30774e-01
7.30300e+03 9.31513e-01
7.30350e+03 9.31475e-01
7.30400e+03 9.31536e-01
7.30450e+03 9.32569e-01
7.30500e+03 9.32738e-01
7.30550e+03 9.33447e-01
7.30600e+03 9.34049e-01
7.30650e+03 9.34975e-01
7.30700e+03 9.36009e-01
7.30750e+03 9.36828e-01
7.30800e+03 9.38297e-01
7.30850e+03 9.38574e-01
7.30900e+03 9.38960e-01
7.30950e+03 9.39888e-01
7.31000e+03 9.40599e-01
7.31050e+03 9.40660e-01
7.31100e+03 9.41915e-01
7.31150e+03 9.43172e-01
7.31200e+03 9.44102e-01
7.31250e+03 9.44489e-01
7.31300e+03 9.44331e-01
7.31350e+03 9.45152e-01
7.31400e+03 9.45865e-01
7.31450e+03 9.46360e-01
7.31500e+03 9.46201e-01
7.31550e+03 9.47350e-01
7.31600e+03 9.47407e-01
7.31650e+03 9.46920e-01
7.31700e+03 9.46323e-01
7.31750e+03 9.46924e-01
7.31800e+03 9.47419e-01
7.31850e+03 9.48240e-01
7.31900e+03 9.48844e-01
7.31950e+03 9.49776e-01
7.32000e+03 9.51036e-01
7.32050e+03 9.51533e-01
7.32100e+03 9.53234e-01
7.32150e+03 9.54606e-01
7.32200e+03 9.56200e-01
7.32250e+03 9.57574e-01
7.32300e+03 9.57413e-01
7.32350e+03 9.58350e-01
7.32400e+03 9.58629e-01
7.32450e+03 9.59237e-01
7.32500e+03 9.59955e-01
7.32550e+03 9.61002e-01
7.32600e+03 9.62161e-01
7.32650e+03 9.63759e-01
7.32700e+03 9.64699e-01
7.32750e+03 9.65089e-01
7.32800e+03 9.64488e-01
7.32850e+03 9.64876e-01
7.32900e+03 9.66147e-01
7.32950e+03 9.66426e-01
7.33000e+03 9.67034e-01
7.33050e+03 9.66651e-01
7.33100e+03 9.67811e-01
7.33150e+03 9.68199e-01
7.33200e+03 9.68256e-01
7.33250e+03 9.68644e-01
7.33300e+03 9.69363e-01
7.33350e+03 9.70084e-01
7.33400e+03 9.70805e-01
7.33450e+03 9.71438e-01
7.33500e+03 9.71876e-01
7.33550e+03 9.72551e-01
7.33600e+03 9.72680e-01
7.33650e+03 9.73141e-01
7.33700e+03 9.73370e-01
7.33750e+03 9.73025e-01
7.33800e+03 9.72984e-01
7.33850e+03 9.72684e-01
7.33900e+03 9.72669e-01
7.33950e+03 9.73379e-01
7.34000e+03 9.73246e-01
7.34050e+03 9.73821e-01
7.34100e+03 9.74115e-01
7.34150e+03 9.73806e-01
7.34200e+03 9.72796e-01
7.34250e+03 9.72658e-01
7.34300e+03 9.72624e-01
7.34350e+03 9.72707e-01
7.34400e+03 9.73257e-01
7.34450e+03 9.72715e-01
7.34500e+03 9.73065e-01
7.34550e+03 9.74414e-01
7.34600e+03 9.74986e-01
7.34650e+03 9.75780e-01
7.34700e+03 9.76129e-01
7.34750e+03 9.77256e-01
7.34800e+03 9.79163e-01
7.34850e+03 9.79846e-01
7.34900e+03 9.80418e-01
7.34950e+03 9.80766e-01
7.35000e+03 9.80782e-01
7.35050e+03 9.81576e-01
7.35100e+03 9.82258e-01
7.35150e+03 9.83497e-01
7.35200e+03 9.84959e-01
7.35250e+03 9.85196e-01
7.35300e+03 9.85546e-01
7.35350e+03 9.86674e-01
7.35400e+03 9.88580e-01
7.35450e+03 9.89931e-01
7.35500e+03 9.90393e-01
7.35550e+03 9.90410e-01
7.35600e+03 9.92431e-01
7.35650e+03 9.93673e-01
7.35700e+03 9.93914e-01
7.35750e+03 9.94710e-01
7.35800e+03 9.95617e-01
7.35850e+03 9.95965e-01
7.35900e+03 9.96980e-01
7.35950e+03 9.98104e-01
7.36000e+03 9.98668e-01
7.36050e+03 9.99230e-01
7.36100e+03 9.99678e-01
7.36150e+03 9.99456e-01
7.36200e+03 9.99343e-01
7.36250e+03 9.99007e-01
7.36300e+03 9.99784e-01
7.36350e+03 9.99114e-01
7.36400e+03 9.98556e-01
7.36450e+03 9.98443e-01
7.36500e+03 9.98776e-01
7.36550e+03 9.99111e-01
7.36600e+03 9.99889e-01
7.36650e+03 9.99778e-01
7.36700e+03 1.00000e+00
7.36750e+03 1.00000e+00
7.36800e+03 9.99220e-01
7.36850e+03 9.99554e-01
7.36900e+03 9.99999e-01
7.36950e+03 9.98886e-01
7.37000e+03 9.97996e-01
7.37050e+03 9.97439e-01
7.37100e+03 9.97883e-01
7.37150e+03 9.96993e-01
7.37200e+03 9.96437e-01
7.37250e+03 9.95991e-01
7.37300e+03 9.97327e-01
7.37350e+03 9.97216e-01
7.37400e+03 9.96770e-01
7.37450e+03 9.96770e-01
7.37500e+03 9.96102e-01
7.37550e+03 9.96102e-01
7.37600e+03 9.95212e-01
7.37650e+03 9.95768e-01
7.37700e+03 9.96102e-01
7.37750e+03 9.96435e-01
7.37800e+03 9.96101e-01
7.37850e+03 9.97325e-01
7.37900e+03 9.97325e-01
7.37950e+03 9.97547e-01
7.38000e+03 9.97881e-01
7.38050e+03 9.97770e-01
7.38100e+03 9.97770e-01
7.38150e+03 9.96881e-01
7.38200e+03 9.95990e-01
7.38250e+03 9.96102e-01
7.38300e+03 9.95100e-01
7.38350e+03 9.94990e-01
7.38400e+03 9.94990e-01
7.38450e+03 9.95991e-01
7.38500e+03 9.95880e-01
7.38550e+03 9.95770e-01
7.38600e+03 9.95881e-01
7.38650e+03 9.95325e-01
7.38700e+03 9.94769e-01
7.38750e+03 9.95215e-01
7.38800e+03 9.94546e-01
7.38850e+03 9.94659e-01
7.38900e+03 9.93434e-01
7.38950e+03 9.93101e-01
7.39000e+03 9.92655e-01
7.39050e+03 9.91542e-01
7.39100e+03 9.91209e-01
7.39150e+03 9.89539e-01
7.39200e+03 9.89985e-01
7.39250e+03 9.88315e-01
7.39300e+03 9.86757e-01
7.39350e+03 9.85533e-01
7.39400e+03 9.85421e-01
7.39450e+03 9.83863e-01
7.39500e+03 9.82528e-01
7.39550e+03 9.81860e-01
7.39600e+03 9.79856e-01
7.39650e+03 9.79078e-01
7.39700e+03 9.78632e-01
7.39750e+03 9.78298e-01
7.39800e+03 9.77852e-01
7.39850e+03 9.76183e-01
7.39900e+03 9.76516e-01
7.39950e+03 9.75515e-01
7.40000e+03 9.74403e-01
7.40050e+03 9.72845e-01
7.40100e+03 9.71732e-01
7.40150e+03 9.71955e-01
7.40200e+03 9.70286e-01
7.40250e+03 9.69174e-01
7.40300e+03 9.69064e-01
7.40350e+03 9.69175e-01
7.40400e+03 9.67840e-01
7.40450e+03 9.65392e-01
7.40500e+03 9.64725e-01
7.40550e+03 9.64280e-01
7.40600e+03 9.63836e-01
7.40650e+03 9.63503e-01
7.40700e+03 9.62167e-01
7.40750e+03 9.61945e-01
7.40800e+03 9.60943e-01
7.40850e+03 9.61278e-01
7.40900e+03 9.60833e-01
7.40950e+03 9.59944e-01
7.41000e+03 9.58942e-01
7.41050e+03 9.58163e-01
7.41100e+03 9.58052e-01
7.41150e+03 9.56829e-01
7.41200e+03 9.56940e-01
7.41250e+03 9.56717e-01
7.41300e+03 9.56384e-01
7.41350e+03 9.55938e-01
7.41400e+03 9.55271e-01
7.41450e+03 9.55382e-01
7.41500e+03 9.54382e-01
7.41550e+03 9.53825e-01
7.41600e+03 9.53157e-01
7.41650e+03 9.52713e-01
7.41700e+03 9.52491e-01
7.41750e+03 9.51934e-01
7.41800e+03 9.51824e-01
7.41850e+03 9.51824e-01
7.41900e+03 9.51378e-01
7.41950e+03 9.49599e-01
7.42000e+03 9.50266e-01
7.42050e+03 9.49932e-01
7.42100e+03 9.49042e-01
7.42150e+03 9.47594e-01
7.42200e+03 9.47706e-01
7.42250e+03 9.47038e-01
7.42300e+03 9.46593e-01
7.42350e+03 9.46147e-01
7.42400e+03 9.45703e-01
7.42450e+03 9.44367e-01
7.42500e+03 9.43698e-01
7.42550e+03 9.42808e-01
7.42600e+03 9.41695e-01
7.42650e+03 9.41138e-01
7.42700e+03 9.40138e-01
7.42750e+03 9.39358e-01
7.42800e+03 9.37912e-01
7.42850e+03 9.37355e-01
7.42900e+03 9.36242e-01
7.42950e+03 9.35686e-01
7.43000e+03 9.35240e-01
7.43050e+03 9.34238e-01
7.43100e+03 9.33014e-01
7.43150e+03 9.32457e-01
7.43200e+03 9.32234e-01
7.43250e+03 9.31010e-01
7.43300e+03 9.28451e-01
7.43350e+03 9.27226e-01
7.43400e+03 9.25890e-01
7.43450e+03 9.25112e-01
7.43500e+03 9.24110e-01
7.43550e+03 9.23331e-01
7.43600e+03 9.21995e-01
7.43650e+03 9.20771e-01
7.43700e+03 9.20104e-01
7.43750e+03 9.18099e-01
7.43800e+03 9.16765e-01
7.43850e+03 9.16875e-01
7.43900e+03 9.16875e-01
7.43950e+03 9.16986e-01
7.44000e+03 9.16541e-01
7.44050e+03 9.16095e-01
7.44100e+03 9.16207e-01
7.44150e+03 9.15984e-01
7.44200e+03 9.16206e-01
7.44250e+03 9.15427e-01
7.44300e+03 9.14537e-01
7.44350e+03 9.15204e-01
7.44400e+03 9.15983e-01
7.44450e+03 9.15426e-01
7.44500e+03 9.14090e-01
7.44550e+03 9.14090e-01
7.44600e+03 9.13533e-01
7.44650e+03 9.13756e-01
7.44700e+03 9.12865e-01
7.44750e+03 9.12309e-01
7.44800e+03 9.12865e-01
7.44850e+03 9.12196e-01
7.44900e+03 9.13086e-01
7.44950e+03 9.13308e-01
7.45000e+03 9.13865e-01
7.45050e+03 9.13198e-01
7.45100e+03 9.12196e-01
7.45150e+03 9.11752e-01
7.45200e+03 9.10751e-01
7.45250e+03 9.12087e-01
7.45300e+03 9.11086e-01
7.45350e+03 9.12199e-01
7.45400e+03 9.12089e-01
7.45450e+03 9.11311e-01
7.45500e+03 9.10310e-01
7.45550e+03 9.09310e-01
7.45600e+03 9.07864e-01
7.45650e+03 9.07753e-01
7.45700e+03 9.06864e-01
7.45750e+03 9.06642e-01
7.45800e+03 9.04973e-01
7.45850e+03 9.03861e-01
7.45900e+03 9.03639e-01
7.45950e+03 9.02082e-01
7.46000e+03 9.00970e-01
7.46050e+03 9.00302e-01
7.46100e+03 8.99635e-01
7.46150e+03 8.97743e-01
7.46200e+03 8.95740e-01
7.46250e+03 8.93625e-01
7.46300e+03 8.93180e-01
7.46350e+03 8.92067e-01
7.46400e+03 8.89841e-01
7.46450e+03 8.89840e-01
7.46500e+03 8.88838e-01
7.46550e+03 8.87058e-01
7.46600e+03 8.84943e-01
7.46650e+03 8.83385e-01
7.46700e+03 8.82383e-01
7.46750e+03 8.81270e-01
7.46800e+03 8.80157e-01
7.46850e+03 8.77264e-01
7.46900e+03 8.76485e-01
7.46950e+03 8.75149e-01
7.47000e+03 8.72478e-01
7.47050e+03 8.69474e-01
7.47100e+03 8.67025e-01
7.47150e+03 8.64688e-01
7.47200e+03 8.63464e-01
7.47250e+03 8.60904e-01
7.47300e+03 8.58456e-01
7.47350e+03 8.56119e-01
7.47400e+03 8.54894e-01
7.47450e+03 8.54226e-01
7.47500e+03 8.52334e-01
7.47550e+03 8.49663e-01
7.47600e+03 8.47993e-01
7.47650e+03 8.45990e-01
7.47700e+03 8.43542e-01
7.47750e+03 8.42318e-01
7.47800e+03 8.40648e-01
7.47850e+03 8.38756e-01
7.47900e+03 8.37309e-01
7.47950e+03 8.34082e-01
7.48000e+03 8.30966e-01
7.48050e+03 8.26961e-01
7.48100e+03 8.24179e-01
7.48150e+03 8.21397e-01
7.48200e+03 8.19728e-01
7.48250e+03 8.17614e-01
7.48300e+03 8.14832e-01
7.48350e+03 8.11272e-01
7.48400e+03 8.08157e-01
7.48450e+03 8.05821e-01
7.48500e+03 8.02594e-01
7.48550e+03 7.99368e-01
7.48600e+03 7.96808e-01
7.48650e+03 7.94472e-01
7.48700e+03 7.92136e-01
7.48750e+03 7.89911e-01
7.48800e+03 7.86573e-01
7.48850e+03 7.84236e-01
7.48900e+03 7.81900e-01
7.48950e+03 7.78672e-01
7.49000e+03 7.75446e-01
7.49050e+03 7.71106e-01
7.49100e+03 7.66766e-01
7.49150e+03 7.63650e-01
7.49200e+03 7.59644e-01
7.49250e+03 7.56082e-01
7.49300e+03 7.53967e-01
7.49350e+03 7.50517e-01
7.49400e+03 7.47735e-01
7.49450e+03 7.44285e-01
7.49500e+03 7.40724e-01
7.49550e+03 7.38052e-01
7.49600e+03 7.35269e-01
7.49650e+03 7.31820e-01
7.49700e+03 7.28036e-01
7.49750e+03 7.25365e-01
7.49800e+03 7.21692e-01
7.49850e+03 7.18465e-01
7.49900e+03 7.16239e-01
7.49950e+03 7.14347e-01
7.50000e+03 7.11342e-01
7.50050e+03 7.08337e-01
7.50100e+03 7.06000e-01
7.50150e+03 7.01995e-01
7.50200e+03 6.99434e-01
7.50250e+03 6.95874e-01
7.50300e+03 6.91757e-01
7.50350e+03 6.88195e-01
7.50400e+03 6.84523e-01
7.50450e+03 6.80295e-01
7.50500e+03 6.76401e-01
7.50550e+03 6.73396e-01
7.50600e+03 6.70725e-01
7.50650e+03 6.66830e-01
7.50700e+03 6.63381e-01
7.50750e+03 6.59040e-01
7.50800e+03 6.54812e-01
7.50850e+03 6.51251e-01
7.50900e+03 6.46800e-01
7.50950e+03 6.42349e-01
7.51000e+03 6.37787e-01
7.51050e+03 6.33559e-01
7.51100e+03 6.29330e-01
7.51150e+03 6.25213e-01
7.51200e+03 6.20762e-01
7.51250e+03 6.17535e-01
7.51300e+03 6.14420e-01
7.51350e+03 6.09969e-01
7.51400e+03 6.05629e-01
7.51450e+03 6.00177e-01
7.51500e+03 5.93945e-01
7.51550e+03 5.89606e-01
7.51600e+03 5.84599e-01
7.51650e+03 5.79813e-01
7.51700e+03 5.73360e-01
7.51750e+03 5.68686e-01
7.51800e+03 5.62789e-01
7.51850e+03 5.57448e-01
7.51900e+03 5.53220e-01
7.51950e+03 5.47545e-01
7.52000e+03 5.42760e-01
7.52050e+03 5.37531e-01
7.52100e+03 5.31634e-01
7.52150e+03 5.25737e-01
7.52200e+03 5.19172e-01
7.52250e+03 5.14834e-01
7.52300e+03 5.10271e-01
7.52350e+03 5.05265e-01
7.52400e+03 5.00258e-01
7.52450e+03 4.93694e-01
7.52500e+03 4.87352e-01
7.52550e+03 4.81678e-01
7.52600e+03 4.75780e-01
7.52650e+03 4.68994e-01
7.52700e+03 4.62764e-01
7.52750e+03 4.56088e-01
7.52800e+03 4.50079e-01
7.52850e+03 4.43403e-01
7.52900e+03 4.37173e-01
7.52950e+03 4.31498e-01
7.53000e+03 4.25045e-01
7.53050e+03 4.20261e-01
7.53100e+03 4.14920e-01
7.53150e+03 4.08355e-01
7.53200e+03 4.02680e-01
7.53250e+03 3.97117e-01
7.53300e+03 3.93110e-01
7.53350e+03 3.87880e-01
7.53400e+03 3.82985e-01
7.53450e+03 3.77644e-01
7.53500e+03 3.72080e-01
7.53550e+03 3.67184e-01
7.53600e+03 3.61620e-01
7.53650e+03 3.56502e-01
7.53700e+03 3.51495e-01
7.53750e+03 3.46153e-01
7.53800e+03 3.41035e-01
7.53850e+03 3.35694e-01
7.53900e+03 3.29797e-01
7.53950e+03 3.25346e-01
7.54000e+03 3.20561e-01
7.54050e+03 3.16778e-01
7.54100e+03 3.12215e-01
7.54150e+03 3.07431e-01
7.54200e+03 3.03203e-01
7.54250e+03 2.99754e-01
7.54300e+03 2.94301e-01
7.54350e+03 2.90184e-01
7.54400e+03 2.86512e-01
7.54450e+03 2.82951e-01
7.54500e+03 2.78056e-01
7.54550e+03 2.73383e-01
7.54600e+03 2.68932e-01
7.54650e+03 2.64036e-01
7.54700e+03 2.60253e-01
7.54750e+03 2.56359e-01
7.54800e+03 2.52019e-01
7.54850e+03 2.47457e-01
7.54900e+03 2.42338e-01
7.54950e+03 2.37887e-01
7.55000e+03 2.33437e-01
7.55050e+03 2.30210e-01
7.55100e+03 2.26093e-01
7.55150e+03 2.21753e-01
7.55200e+03 2.17636e-01
7.55250e+03 2.13631e-01
7.55300e+03 2.09737e-01
7.55350e+03 2.06176e-01
7.55400e+03 2.02505e-01
7.55450e+03 1.98054e-01
7.55500e+03 1.94271e-01
7.55550e+03 1.90376e-01
7.55600e+03 1.85926e-01
7.55650e+03 1.81475e-01
7.55700e+03 1.77693e-01
7.55750e+03 1.74243e-01
7.55800e+03 1.69904e-01
7.55850e+03 1.66121e-01
7.55900e+03 1.63451e-01
7.55950e+03 1.60447e-01
7.56000e+03 1.56330e-01
7.56050e+03 1.52435e-01
7.56100e+03 1.49542e-01
7.56150e+03 1.45648e-01
7.56200e+03 1.42420e-01
7.56250e+03 1.39860e-01
7.56300e+03 1.36410e-01
7.56350e+03 1.33071e-01
7.56400e+03 1.30068e-01
7.56450e+03 1.27173e-01
7.56500e+03 1.24503e-01
7.56550e+03 1.21609e-01
7.56600e+03 1.18716e-01
7.56650e+03 1.15822e-01
7.56700e+03 1.12706e-01
7.56750e+03 1.09947e-01
7.56800e+03 1.07399e-01
7.56850e+03 1.05348e-01
7.56900e+03 1.02929e-01
7.56950e+03 1.00247e-01
7.57000e+03 9.80399e-02
7.57050e+03 9.64480e-02
7.57100e+03 9.46936e-02
7.57150e+03 9.28132e-02
7.57200e+03 9.09434e-02
7.57250e+03 8.91753e-02
7.57300e+03 8.78987e-02
7.57350e+03 8.56765e-02
7.57400e+03 8.41159e-02
7.57450e+03 8.25438e-02
7.57500e+03 8.00477e-02
7.57550e+03 7.83162e-02
7.57600e+03 7.66779e-02
7.57650e+03 7.48706e-02
7.57700e+03 7.27651e-02
7.57750e+03 7.17527e-02
7.57800e+03 7.06835e-02
7.57850e+03 6.82744e-02
7.57900e+03 6.68781e-02
7.57950e+03 6.53442e-02
7.58000e+03 6.34320e-02
7.58050e+03 6.18732e-02
7.58100e+03 5.99760e-02
7.58150e+03 5.82557e-02
7.58200e+03 5.66619e-02
7.58250e+03 5.52085e-02
7.58300e+03 5.45387e-02
7.58350e+03 5.34768e-02
7.58400e+03 5.18939e-02
7.58450e+03 5.01474e-02
7.58500e+03 4.85997e-02
7.58550e+03 4.76575e-02
7.58600e+03 4.65360e-02
7.58650e+03 4.48165e-02
7.58700e+03 4.36819e-02
7.58750e+03 4.24504e-02
7.58800e+03 4.12066e-02
7.58850e+03 4.00201e-02
7.58900e+03 3.86946e-02
7.58950e+03 3.76626e-02
7.59000e+03 3.66801e-02
7.59050e+03 3.50525e-02
7.59100e+03 3.42552e-02
7.59150e+03 3.28783e-02
7.59200e+03 3.18947e-02
7.59250e+03 3.10509e-02
7.59300e+03 3.01321e-02
7.59350e+03 2.85941e-02
7.59400e+03 2.69822e-02
7.59450e+03 2.62803e-02
7.59500e+03 2.54395e-02
7.59550e+03 2.41018e-02
7.59600e+03 2.34316e-02
7.59650e+03 2.28163e-02
7.59700e+03 2.13778e-02
7.59750e+03 2.08991e-02
7.59800e+03 2.01940e-02
7.59850e+03 1.95060e-02
7.59900e+03 1.87327e-02
7.59950e+03 1.78107e-02
7.60000e+03 1.73730e-02
7.60050e+03 1.65672e-02
7.60100e+03 1.59028e-02
7.60150e+03 1.53134e-02
7.60200e+03 1.43618e-02
7.60250e+03 1.37617e-02
7.60300e+03 1.30154e-02
7.60350e+03 1.24808e-02
7.60400e+03 1.23853e-02
7.60450e+03 1.18629e-02
7.60500e+03 1.14235e-02
7.60550e+03 1.08651e-02
7.60600e+03 1.06671e-02
7.60650e+03 1.03905e-02
7.60700e+03 1.02623e-02
7.60750e+03 9.69110e-03
7.60800e+03 9.51072e-03
7.60850e+03 9.10180e-03
7.60900e+03 8.48636e-03
7.60950e+03 8.44790e-03
7.61000e+03 8.38453e-03
7.61050e+03 8.15221e-03
7.61100e+03 7.73846e-03
7.61150e+03 7.67953e-03
7.61200e+03 7.75758e-03
7.61250e+03 7.49366e-03
7.61300e+03 7.81611e-03
7.61350e+03 7.67666e-03
7.61400e+03 7.72855e-03
7.61450e+03 7.67590e-03
7.61500e+03 7.78301e-03
7.61550e+03 7.93709e-03
7.61600e+03 7.87416e-03
7.61650e+03 8.04268e-03
7.61700e+03 8.26062e-03
7.61750e+03 8.19581e-03
7.61800e+03 8.51904e-03
7.61850e+03 8.91093e-03
7.61900e+03 9.13127e-03
7.61950e+03 9.29968e-03
7.62000e+03 8.96022e-03
7.62050e+03 9.18911e-03
7.62100e+03 9.38701e-03
7.62150e+03 9.45660e-03
7.62200e+03 8.99795e-03
7.62250e+03 9.26509e-03
7.62300e+03 9.07510e-03
7.62350e+03 9.34338e-03
7.62400e+03 8.93602e-03
7.62450e+03 8.74104e-03
7.62500e+03 8.89207e-03
7.62550e+03 8.59439e-03
7.62600e+03 8.31477e-03
7.62650e+03 8.16377e-03
7.62700e+03 8.34861e-03
7.62750e+03 8.37427e-03
7.62800e+03 8.23873e-03
7.62850e+03 8.19655e-03
7.62900e+03 7.68174e-03
7.62950e+03 7.80242e-03
7.63000e+03 7.45660e-03
7.63050e+03 7.35765e-03
7.63100e+03 6.75476e-03
7.63150e+03 6.45394e-03
7.63200e+03 6.14714e-03
7.63250e+03 5.99187e-03
7.63300e+03 5.86300e-03
7.63350e+03 5.97667e-03
7.63400e+03 5.70378e-03
7.63450e+03 5.36315e-03
7.63500e+03 5.30972e-03
7.63550e+03 5.16393e-03
7.63600e+03 5.02976e-03
7.63650e+03 4.83619e-03
7.63700e+03 4.58304e-03
7.63750e+03 4.52559e-03
7.63800e+03 4.68965e-03
7.63850e+03 4.26601e-03
7.63900e+03 4.02736e-03
7.63950e+03 3.70409e-03
7.64000e+03 3.62753e-03
7.64050e+03 3.70634e-03
7.64100e+03 3.52836e-03
7.64150e+03 3.41072e-03
7.64200e+03 3.50925e-03
7.64250e+03 3.29846e-03
7.64300e+03 2.87042e-03
7.64350e+03 2.75344e-03
7.64400e+03 2.25762e-03
7.64450e+03 1.98952e-03
7.64500e+03 2.67011e-03
7.64550e+03 2.63826e-03
7.64600e+03 2.94427e-03
7.64650e+03 2.68642e-03
7.64700e+03 2.84413e-03
7.64750e+03 2.93975e-03
7.64800e+03 2.90605e-03
7.64850e+03 3.09230e-03
7.64900e+03 3.04504e-03
7.64950e+03 2.85124e-03
7.65000e+03 2.94557e-03
7.65050e+03 2.77579e-03
7.65100e+03 2.68431e-03
7.65150e+03 2.47188e-03
7.65200e+03 2.63305e-03
7.65250e+03 2.41710e-03
7.65300e+03 2.17208e-03
7.65350e+03 1.95209e-03
7.65400e+03 1.94913e-03
7.65450e+03 1.83483e-03
7.65500e+03 1.84470e-03
7.65550e+03 1.70194e-03
7.65600e+03 1.66875e-03
7.65650e+03 1.79032e-03
7.65700e+03 1.68648e-03
7.65750e+03 2.07996e-03
7.65800e+03 1.57466e-03
7.65850e+03 1.10834e-03
7.65900e+03 0.00000e+00
7.65950e+03 1.09011e-03
7.66000e+03 1.21242e-03
7.66050e+03 1.39524e-03
7.66100e+03 0.00000e+00
7.66150e+03 0.00000e+00
7.66200e+03 0.00000e+00
7.66250e+03 0.00000e+00
7.66300e+03 0.00000e+00
7.66350e+03 0.00000e+00
7.66400e+03 0.00000e+00
7.66450e+03 0.00000e+00
7.66500e+03 0.00000e+00
7.66550e+03 0.00000e+00
7.66600e+03 0.00000e+00
7.66650e+03 0.00000e+00
7.66700e+03 0.00000e+00
7.66750e+03 0.00000e+00
7.66800e+03 0.00000e+00
7.66850e+03 0.00000e+00
7.66900e+03 0.00000e+00
7.66950e+03 0.00000e+00
7.67000e+03 0.00000e+00
7.67050e+03 0.00000e+00
7.67100e+03 0.00000e+00
7.67150e+03 0.00000e+00
7.67200e+03 0.00000e+00
7.67250e+03 0.00000e+00
7.67300e+03 0.00000e+00
7.67350e+03 0.00000e+00
7.67400e+03 0.00000e+00
7.67450e+03 0.00000e+00
7.67500e+03 0.00000e+00
7.67550e+03 0.00000e+00
7.67600e+03 0.00000e+00
7.67650e+03 0.00000e+00
7.67700e+03 0.00000e+00
7.67750e+03 0.00000e+00
7.67800e+03 0.00000e+00
7.67850e+03 0.00000e+00
7.67900e+03 0.00000e+00
7.67950e+03 0.00000e+00
7.68000e+03 0.00000e+00
7.68050e+03 0.00000e+00
7.68100e+03 0.00000e+00
7.68150e+03 0.00000e+00
7.68200e+03 0.00000e+00
7.68250e+03 0.00000e+00
7.68300e+03 0.00000e+00
7.68350e+03 0.00000e+00
7.68400e+03 0.00000e+00
7.68450e+03 0.00000e+00
7.68500e+03 0.00000e+00
7.68550e+03 0.00000e+00
7.68600e+03 0.00000e+00
7.68650e+03 0.00000e+00
7.68700e+03 0.00000e+00
7.68750e+03 0.00000e+00
7.68800e+03 0.00000e+00
7.68850e+03 0.00000e+00
7.68900e+03 0.00000e+00
7.68950e+03 0.00000e+00
7.69000e+03 0.00000e+00
7.69050e+03 0.00000e+00
7.69100e+03 0.00000e+00
7.69150e+03 0.00000e+00
7.69200e+03 0.00000e+00
7.69250e+03 0.00000e+00
7.69300e+03 0.00000e+00
7.69350e+03 1.41076e-03
7.69400e+03 1.63259e-03
7.69450e+03 2.26121e-03
7.69500e+03 2.77173e-03
7.69550e+03 2.89110e-03
7.69600e+03 3.48638e-03
7.69650e+03 3.31598e-03
7.69700e+03 3.23138e-03
7.69750e+03 3.36747e-03
7.69800e+03 3.92940e-03
7.69850e+03 3.77568e-03
7.69900e+03 3.82705e-03
7.69950e+03 4.44028e-03
7.70000e+03 4.67782e-03
