# Filter name : Subaru/Suprime.IB484
# Description : Suprime IB484 filter  (full transmission)
# Photometric system : Suprime
# FilterType : photon
# Band name : ------
# Observatory : Subaru
# Instrument : Suprime
# Comments : ------
# 
4.63350e+03 0.00000e+00
4.63400e+03 1.14967e-03
4.63450e+03 1.19692e-03
4.63500e+03 1.21383e-03
4.63550e+03 1.24541e-03
4.63600e+03 1.30944e-03
4.63650e+03 1.30963e-03
4.63700e+03 1.35800e-03
4.63750e+03 1.39065e-03
4.63800e+03 1.43799e-03
4.63850e+03 1.47068e-03
4.63900e+03 1.53480e-03
4.63950e+03 1.58322e-03
4.64000e+03 1.66310e-03
4.64050e+03 1.69479e-03
4.64100e+03 1.74325e-03
4.64150e+03 1.83997e-03
4.64200e+03 1.88847e-03
4.64250e+03 1.95272e-03
4.64300e+03 2.01698e-03
4.64350e+03 2.04875e-03
4.64400e+03 2.16132e-03
4.64450e+03 2.30539e-03
4.64500e+03 2.32252e-03
4.64550e+03 2.37009e-03
4.64600e+03 2.45128e-03
4.64650e+03 2.53143e-03
4.64700e+03 2.53180e-03
4.64750e+03 2.54792e-03
4.64800e+03 2.61238e-03
4.64850e+03 2.72517e-03
4.64900e+03 2.82223e-03
4.64950e+03 2.96662e-03
4.65000e+03 3.09528e-03
4.65050e+03 3.12727e-03
4.65100e+03 3.25704e-03
4.65150e+03 3.36899e-03
4.65200e+03 3.45045e-03
4.65250e+03 3.51513e-03
4.65300e+03 3.64398e-03
4.65350e+03 3.75709e-03
4.65400e+03 3.85340e-03
4.65450e+03 3.93395e-03
4.65500e+03 4.09557e-03
4.65550e+03 4.27304e-03
4.65600e+03 4.41791e-03
4.65650e+03 4.51544e-03
4.65700e+03 4.64460e-03
4.65750e+03 4.72533e-03
4.65800e+03 4.83876e-03
4.65850e+03 4.99963e-03
4.65900e+03 5.12998e-03
4.65950e+03 5.22665e-03
4.66000e+03 5.37182e-03
4.66050e+03 5.53392e-03
4.66100e+03 5.77619e-03
4.66150e+03 5.98584e-03
4.66200e+03 6.24408e-03
4.66250e+03 6.43910e-03
4.66300e+03 6.64894e-03
4.66350e+03 6.82718e-03
4.66400e+03 7.03714e-03
4.66450e+03 7.19966e-03
4.66500e+03 7.42558e-03
4.66550e+03 7.65260e-03
4.66600e+03 7.86280e-03
4.66650e+03 8.13854e-03
4.66700e+03 8.39746e-03
4.66750e+03 8.72090e-03
4.66800e+03 8.99584e-03
4.66850e+03 9.36807e-03
4.66900e+03 9.59562e-03
4.66950e+03 9.88771e-03
4.67000e+03 1.01143e-02
4.67050e+03 1.04383e-02
4.67100e+03 1.07444e-02
4.67150e+03 1.10844e-02
4.67200e+03 1.14140e-02
4.67250e+03 1.19129e-02
4.67300e+03 1.22532e-02
4.67350e+03 1.26572e-02
4.67400e+03 1.30931e-02
4.67450e+03 1.35819e-02
4.67500e+03 1.40603e-02
4.67550e+03 1.45284e-02
4.67600e+03 1.50494e-02
4.67650e+03 1.54647e-02
4.67700e+03 1.60496e-02
4.67750e+03 1.66665e-02
4.67800e+03 1.72730e-02
4.67850e+03 1.79326e-02
4.67900e+03 1.85395e-02
4.67950e+03 1.92631e-02
4.68000e+03 1.99339e-02
4.68050e+03 2.05943e-02
4.68100e+03 2.14140e-02
4.68150e+03 2.22551e-02
4.68200e+03 2.31283e-02
4.68250e+03 2.40124e-02
4.68300e+03 2.49497e-02
4.68350e+03 2.59086e-02
4.68400e+03 2.69421e-02
4.68450e+03 2.79654e-02
4.68500e+03 2.89993e-02
4.68550e+03 3.00975e-02
4.68600e+03 3.11852e-02
4.68650e+03 3.24009e-02
4.68700e+03 3.37337e-02
4.68750e+03 3.49288e-02
4.68800e+03 3.62092e-02
4.68850e+03 3.77132e-02
4.68900e+03 3.92070e-02
4.68950e+03 4.06588e-02
4.69000e+03 4.20896e-02
4.69050e+03 4.36592e-02
4.69100e+03 4.52080e-02
4.69150e+03 4.68850e-02
4.69200e+03 4.84666e-02
4.69250e+03 5.03574e-02
4.69300e+03 5.22594e-02
4.69350e+03 5.41194e-02
4.69400e+03 5.61927e-02
4.69450e+03 5.83093e-02
4.69500e+03 6.03521e-02
4.69550e+03 6.26829e-02
4.69600e+03 6.50251e-02
4.69650e+03 6.71867e-02
4.69700e+03 6.95302e-02
4.69750e+03 7.22685e-02
4.69800e+03 7.49330e-02
4.69850e+03 7.77368e-02
4.69900e+03 8.06479e-02
4.69950e+03 8.34743e-02
4.70000e+03 8.64402e-02
4.70050e+03 8.95347e-02
4.70100e+03 9.26833e-02
4.70150e+03 9.61314e-02
4.70200e+03 9.95376e-02
4.70250e+03 1.02891e-01
4.70300e+03 1.06470e-01
4.70350e+03 1.10167e-01
4.70400e+03 1.14025e-01
4.70450e+03 1.18097e-01
4.70500e+03 1.22277e-01
4.70550e+03 1.26138e-01
4.70600e+03 1.30427e-01
4.70650e+03 1.34504e-01
4.70700e+03 1.38902e-01
4.70750e+03 1.43622e-01
4.70800e+03 1.48557e-01
4.70850e+03 1.53279e-01
4.70900e+03 1.58110e-01
4.70950e+03 1.63048e-01
4.71000e+03 1.68202e-01
4.71050e+03 1.73464e-01
4.71100e+03 1.78941e-01
4.71150e+03 1.84527e-01
4.71200e+03 1.90221e-01
4.71250e+03 1.96025e-01
4.71300e+03 2.01828e-01
4.71350e+03 2.07741e-01
4.71400e+03 2.13977e-01
4.71450e+03 2.20428e-01
4.71500e+03 2.26773e-01
4.71550e+03 2.33227e-01
4.71600e+03 2.40004e-01
4.71650e+03 2.46998e-01
4.71700e+03 2.53779e-01
4.71750e+03 2.60454e-01
4.71800e+03 2.67560e-01
4.71850e+03 2.74668e-01
4.71900e+03 2.81885e-01
4.71950e+03 2.89103e-01
4.72000e+03 2.96216e-01
4.72050e+03 3.03546e-01
4.72100e+03 3.10770e-01
4.72150e+03 3.18318e-01
4.72200e+03 3.25868e-01
4.72250e+03 3.33313e-01
4.72300e+03 3.41295e-01
4.72350e+03 3.49066e-01
4.72400e+03 3.56517e-01
4.72450e+03 3.63862e-01
4.72500e+03 3.71853e-01
4.72550e+03 3.80168e-01
4.72600e+03 3.88163e-01
4.72650e+03 3.96161e-01
4.72700e+03 4.04160e-01
4.72750e+03 4.12162e-01
4.72800e+03 4.20273e-01
4.72850e+03 4.28493e-01
4.72900e+03 4.36931e-01
4.72950e+03 4.45372e-01
4.73000e+03 4.53598e-01
4.73050e+03 4.61935e-01
4.73100e+03 4.70059e-01
4.73150e+03 4.78401e-01
4.73200e+03 4.86636e-01
4.73250e+03 4.95412e-01
4.73300e+03 5.03653e-01
4.73350e+03 5.12217e-01
4.73400e+03 5.20462e-01
4.73450e+03 5.28493e-01
4.73500e+03 5.36527e-01
4.73550e+03 5.44455e-01
4.73600e+03 5.52709e-01
4.73650e+03 5.60103e-01
4.73700e+03 5.67605e-01
4.73750e+03 5.74680e-01
4.73800e+03 5.82188e-01
4.73850e+03 5.89482e-01
4.73900e+03 5.96778e-01
4.73950e+03 6.04290e-01
4.74000e+03 6.11912e-01
4.74050e+03 6.19321e-01
4.74100e+03 6.26194e-01
4.74150e+03 6.32528e-01
4.74200e+03 6.39296e-01
4.74250e+03 6.46172e-01
4.74300e+03 6.53697e-01
4.74350e+03 6.60470e-01
4.74400e+03 6.67352e-01
4.74450e+03 6.74345e-01
4.74500e+03 6.80907e-01
4.74550e+03 6.87147e-01
4.74600e+03 6.93712e-01
4.74650e+03 6.99416e-01
4.74700e+03 7.05120e-01
4.74750e+03 7.10826e-01
4.74800e+03 7.16211e-01
4.74850e+03 7.21488e-01
4.74900e+03 7.26766e-01
4.74950e+03 7.32046e-01
4.75000e+03 7.37328e-01
4.75050e+03 7.42394e-01
4.75100e+03 7.46706e-01
4.75150e+03 7.51667e-01
4.75200e+03 7.55763e-01
4.75250e+03 7.60402e-01
4.75300e+03 7.65476e-01
4.75350e+03 7.70657e-01
4.75400e+03 7.74759e-01
4.75450e+03 7.79186e-01
4.75500e+03 7.84156e-01
4.75550e+03 7.87828e-01
4.75600e+03 7.91934e-01
4.75650e+03 7.95501e-01
4.75700e+03 7.99609e-01
4.75750e+03 8.03502e-01
4.75800e+03 8.06962e-01
4.75850e+03 8.10532e-01
4.75900e+03 8.13778e-01
4.75950e+03 8.16916e-01
4.76000e+03 8.20055e-01
4.76050e+03 8.23195e-01
4.76100e+03 8.25793e-01
4.76150e+03 8.28719e-01
4.76200e+03 8.31643e-01
4.76250e+03 8.34461e-01
4.76300e+03 8.37062e-01
4.76350e+03 8.39990e-01
4.76400e+03 8.42267e-01
4.76450e+03 8.45087e-01
4.76500e+03 8.47366e-01
4.76550e+03 8.49103e-01
4.76600e+03 8.50731e-01
4.76650e+03 8.52685e-01
4.76700e+03 8.54858e-01
4.76750e+03 8.56487e-01
4.76800e+03 8.57901e-01
4.76850e+03 8.58772e-01
4.76900e+03 8.59969e-01
4.76950e+03 8.60948e-01
4.77000e+03 8.61820e-01
4.77050e+03 8.62692e-01
4.77100e+03 8.63454e-01
4.77150e+03 8.64870e-01
4.77200e+03 8.65850e-01
4.77250e+03 8.66180e-01
4.77300e+03 8.66617e-01
4.77350e+03 8.67816e-01
4.77400e+03 8.68906e-01
4.77450e+03 8.69236e-01
4.77500e+03 8.70108e-01
4.77550e+03 8.71091e-01
4.77600e+03 8.72399e-01
4.77650e+03 8.73164e-01
4.77700e+03 8.73712e-01
4.77750e+03 8.73606e-01
4.77800e+03 8.74154e-01
4.77850e+03 8.74811e-01
4.77900e+03 8.75358e-01
4.77950e+03 8.75144e-01
4.78000e+03 8.74930e-01
4.78050e+03 8.75696e-01
4.78100e+03 8.76463e-01
4.78150e+03 8.76466e-01
4.78200e+03 8.77124e-01
4.78250e+03 8.77673e-01
4.78300e+03 8.77568e-01
4.78350e+03 8.78008e-01
4.78400e+03 8.78339e-01
4.78450e+03 8.79108e-01
4.78500e+03 8.79983e-01
4.78550e+03 8.81624e-01
4.78600e+03 8.82937e-01
4.78650e+03 8.83814e-01
4.78700e+03 8.84365e-01
4.78750e+03 8.85352e-01
4.78800e+03 8.87103e-01
4.78850e+03 8.87981e-01
4.78900e+03 8.88204e-01
4.78950e+03 8.89737e-01
4.79000e+03 8.90289e-01
4.79050e+03 8.91387e-01
4.79100e+03 8.92484e-01
4.79150e+03 8.93692e-01
4.79200e+03 8.95119e-01
4.79250e+03 8.96109e-01
4.79300e+03 8.96662e-01
4.79350e+03 8.96997e-01
4.79400e+03 8.97550e-01
4.79450e+03 8.97777e-01
4.79500e+03 8.98330e-01
4.79550e+03 8.99431e-01
4.79600e+03 9.00095e-01
4.79650e+03 9.00540e-01
4.79700e+03 9.02078e-01
4.79750e+03 9.02414e-01
4.79800e+03 9.03625e-01
4.79850e+03 9.04397e-01
4.79900e+03 9.05279e-01
4.79950e+03 9.05287e-01
4.80000e+03 9.05626e-01
4.80050e+03 9.06297e-01
4.80100e+03 9.07300e-01
4.80150e+03 9.07651e-01
4.80200e+03 9.08552e-01
4.80250e+03 9.09676e-01
4.80300e+03 9.10473e-01
4.80350e+03 9.10506e-01
4.80400e+03 9.10759e-01
4.80450e+03 9.11124e-01
4.80500e+03 9.11598e-01
4.80550e+03 9.12292e-01
4.80600e+03 9.12657e-01
4.80650e+03 9.12912e-01
4.80700e+03 9.12837e-01
4.80750e+03 9.13637e-01
4.80800e+03 9.14326e-01
4.80850e+03 9.14685e-01
4.80900e+03 9.15154e-01
4.80950e+03 9.15513e-01
4.81000e+03 9.15544e-01
4.81050e+03 9.16233e-01
4.81100e+03 9.16262e-01
4.81150e+03 9.16732e-01
4.81200e+03 9.16983e-01
4.81250e+03 9.17562e-01
4.81300e+03 9.17043e-01
4.81350e+03 9.16634e-01
4.81400e+03 9.17104e-01
4.81450e+03 9.16914e-01
4.81500e+03 9.17384e-01
4.81550e+03 9.17195e-01
4.81600e+03 9.17115e-01
4.81650e+03 9.17365e-01
4.81700e+03 9.17615e-01
4.81750e+03 9.17754e-01
4.81800e+03 9.17894e-01
4.81850e+03 9.17593e-01
4.81900e+03 9.18393e-01
4.81950e+03 9.18643e-01
4.82000e+03 9.19444e-01
4.82050e+03 9.19584e-01
4.82100e+03 9.20936e-01
4.82150e+03 9.21077e-01
4.82200e+03 9.21549e-01
4.82250e+03 9.22573e-01
4.82300e+03 9.22605e-01
4.82350e+03 9.22857e-01
4.82400e+03 9.23441e-01
4.82450e+03 9.23693e-01
4.82500e+03 9.24056e-01
4.82550e+03 9.24199e-01
4.82600e+03 9.24783e-01
4.82650e+03 9.25918e-01
4.82700e+03 9.25729e-01
4.82750e+03 9.26092e-01
4.82800e+03 9.26455e-01
4.82850e+03 9.27149e-01
4.82900e+03 9.26848e-01
4.82950e+03 9.27984e-01
4.83000e+03 9.28347e-01
4.83050e+03 9.28599e-01
4.83100e+03 9.29184e-01
4.83150e+03 9.30209e-01
4.83200e+03 9.30351e-01
4.83250e+03 9.30604e-01
4.83300e+03 9.30304e-01
4.83350e+03 9.31440e-01
4.83400e+03 9.31804e-01
4.83450e+03 9.31614e-01
4.83500e+03 9.32310e-01
4.83550e+03 9.32893e-01
4.83600e+03 9.33478e-01
4.83650e+03 9.33620e-01
4.83700e+03 9.33984e-01
4.83750e+03 9.34458e-01
4.83800e+03 9.34821e-01
4.83850e+03 9.35294e-01
4.83900e+03 9.36322e-01
4.83950e+03 9.37129e-01
4.84000e+03 9.37825e-01
4.84050e+03 9.38411e-01
4.84100e+03 9.38886e-01
4.84150e+03 9.39141e-01
4.84200e+03 9.39839e-01
4.84250e+03 9.41091e-01
4.84300e+03 9.41124e-01
4.84350e+03 9.41823e-01
4.84400e+03 9.42079e-01
4.84450e+03 9.42445e-01
4.84500e+03 9.43366e-01
4.84550e+03 9.43510e-01
4.84600e+03 9.43655e-01
4.84650e+03 9.44133e-01
4.84700e+03 9.43943e-01
4.84750e+03 9.43866e-01
4.84800e+03 9.44120e-01
4.84850e+03 9.45042e-01
4.84900e+03 9.46407e-01
4.84950e+03 9.47107e-01
4.85000e+03 9.47807e-01
4.85050e+03 9.47396e-01
4.85100e+03 9.48429e-01
4.85150e+03 9.48797e-01
4.85200e+03 9.49165e-01
4.85250e+03 9.50311e-01
4.85300e+03 9.51124e-01
4.85350e+03 9.52159e-01
4.85400e+03 9.53418e-01
4.85450e+03 9.54677e-01
4.85500e+03 9.55713e-01
4.85550e+03 9.56416e-01
4.85600e+03 9.57454e-01
4.85650e+03 9.58045e-01
4.85700e+03 9.58860e-01
4.85750e+03 9.59675e-01
4.85800e+03 9.60712e-01
4.85850e+03 9.62419e-01
4.85900e+03 9.63346e-01
4.85950e+03 9.64495e-01
4.86000e+03 9.65757e-01
4.86050e+03 9.66350e-01
4.86100e+03 9.66498e-01
4.86150e+03 9.66868e-01
4.86200e+03 9.67015e-01
4.86250e+03 9.67831e-01
4.86300e+03 9.68759e-01
4.86350e+03 9.69464e-01
4.86400e+03 9.70170e-01
4.86450e+03 9.70875e-01
4.86500e+03 9.71357e-01
4.86550e+03 9.72063e-01
4.86600e+03 9.72657e-01
4.86650e+03 9.72916e-01
4.86700e+03 9.73511e-01
4.86750e+03 9.73770e-01
4.86800e+03 9.74364e-01
4.86850e+03 9.75293e-01
4.86900e+03 9.76447e-01
4.86950e+03 9.77043e-01
4.87000e+03 9.78196e-01
4.87050e+03 9.78345e-01
4.87100e+03 9.78717e-01
4.87150e+03 9.79537e-01
4.87200e+03 9.79463e-01
4.87250e+03 9.80171e-01
4.87300e+03 9.79761e-01
4.87350e+03 9.80357e-01
4.87400e+03 9.80282e-01
4.87450e+03 9.80431e-01
4.87500e+03 9.80918e-01
4.87550e+03 9.81403e-01
4.87600e+03 9.81999e-01
4.87650e+03 9.82149e-01
4.87700e+03 9.82858e-01
4.87750e+03 9.83345e-01
4.87800e+03 9.83830e-01
4.87850e+03 9.84427e-01
4.87900e+03 9.84354e-01
4.87950e+03 9.84279e-01
4.88000e+03 9.85325e-01
4.88050e+03 9.85475e-01
4.88100e+03 9.86297e-01
4.88150e+03 9.85999e-01
4.88200e+03 9.86485e-01
4.88250e+03 9.86523e-01
4.88300e+03 9.86673e-01
4.88350e+03 9.86822e-01
4.88400e+03 9.87196e-01
4.88450e+03 9.86897e-01
4.88500e+03 9.86372e-01
4.88550e+03 9.86522e-01
4.88600e+03 9.86223e-01
4.88650e+03 9.85811e-01
4.88700e+03 9.86635e-01
4.88750e+03 9.86223e-01
4.88800e+03 9.85810e-01
4.88850e+03 9.85623e-01
4.88900e+03 9.85998e-01
4.88950e+03 9.86148e-01
4.89000e+03 9.86185e-01
4.89050e+03 9.86785e-01
4.89100e+03 9.86598e-01
4.89150e+03 9.86635e-01
4.89200e+03 9.85884e-01
4.89250e+03 9.85922e-01
4.89300e+03 9.85958e-01
4.89350e+03 9.85658e-01
4.89400e+03 9.86145e-01
4.89450e+03 9.86633e-01
4.89500e+03 9.86333e-01
4.89550e+03 9.86370e-01
4.89600e+03 9.86633e-01
4.89650e+03 9.87122e-01
4.89700e+03 9.87948e-01
4.89750e+03 9.87652e-01
4.89800e+03 9.87581e-01
4.89850e+03 9.87736e-01
4.89900e+03 9.88114e-01
4.89950e+03 9.88262e-01
4.90000e+03 9.88854e-01
4.90050e+03 9.89891e-01
4.90100e+03 9.90921e-01
4.90150e+03 9.91606e-01
4.90200e+03 9.91270e-01
4.90250e+03 9.91945e-01
4.90300e+03 9.92278e-01
4.90350e+03 9.93285e-01
4.90400e+03 9.93840e-01
4.90450e+03 9.94281e-01
4.90500e+03 9.94269e-01
4.90550e+03 9.94937e-01
4.90600e+03 9.95721e-01
4.90650e+03 9.96394e-01
4.90700e+03 9.97071e-01
4.90750e+03 9.97634e-01
4.90800e+03 9.98537e-01
4.90850e+03 9.98423e-01
4.90900e+03 9.98422e-01
4.90950e+03 9.98534e-01
4.91000e+03 9.99211e-01
4.91050e+03 9.99210e-01
4.91100e+03 1.00000e+00
4.91150e+03 9.99659e-01
4.91200e+03 9.99658e-01
4.91250e+03 9.99656e-01
4.91300e+03 9.99088e-01
4.91350e+03 9.98860e-01
4.91400e+03 9.98632e-01
4.91450e+03 9.98178e-01
4.91500e+03 9.97496e-01
4.91550e+03 9.96702e-01
4.91600e+03 9.96247e-01
4.91650e+03 9.96131e-01
4.91700e+03 9.95789e-01
4.91750e+03 9.95108e-01
4.91800e+03 9.94426e-01
4.91850e+03 9.93517e-01
4.91900e+03 9.92042e-01
4.91950e+03 9.91586e-01
4.92000e+03 9.90676e-01
4.92050e+03 9.89426e-01
4.92100e+03 9.88742e-01
4.92150e+03 9.88172e-01
4.92200e+03 9.86693e-01
4.92250e+03 9.85101e-01
4.92300e+03 9.83622e-01
4.92350e+03 9.82824e-01
4.92400e+03 9.80889e-01
4.92450e+03 9.79070e-01
4.92500e+03 9.76681e-01
4.92550e+03 9.75200e-01
4.92600e+03 9.73720e-01
4.92650e+03 9.71330e-01
4.92700e+03 9.69168e-01
4.92750e+03 9.66550e-01
4.92800e+03 9.64046e-01
4.92850e+03 9.61087e-01
4.92900e+03 9.58354e-01
4.92950e+03 9.54940e-01
4.93000e+03 9.52320e-01
4.93050e+03 9.49131e-01
4.93100e+03 9.45601e-01
4.93150e+03 9.42182e-01
4.93200e+03 9.38196e-01
4.93250e+03 9.34209e-01
4.93300e+03 9.30334e-01
4.93350e+03 9.26003e-01
4.93400e+03 9.20989e-01
4.93450e+03 9.16770e-01
4.93500e+03 9.12664e-01
4.93550e+03 9.08216e-01
4.93600e+03 9.03312e-01
4.93650e+03 8.98749e-01
4.93700e+03 8.93729e-01
4.93750e+03 8.88367e-01
4.93800e+03 8.83458e-01
4.93850e+03 8.78322e-01
4.93900e+03 8.72729e-01
4.93950e+03 8.66793e-01
4.94000e+03 8.60854e-01
4.94050e+03 8.54916e-01
4.94100e+03 8.48976e-01
4.94150e+03 8.43489e-01
4.94200e+03 8.37319e-01
4.94250e+03 8.30692e-01
4.94300e+03 8.23607e-01
4.94350e+03 8.16519e-01
4.94400e+03 8.09660e-01
4.94450e+03 8.02342e-01
4.94500e+03 7.95251e-01
4.94550e+03 7.87930e-01
4.94600e+03 7.79923e-01
4.94650e+03 7.72029e-01
4.94700e+03 7.64248e-01
4.94750e+03 7.56579e-01
4.94800e+03 7.49135e-01
4.94850e+03 7.40892e-01
4.94900e+03 7.32761e-01
4.94950e+03 7.24285e-01
4.95000e+03 7.15580e-01
4.95050e+03 7.07444e-01
4.95100e+03 6.99076e-01
4.95150e+03 6.91050e-01
4.95200e+03 6.82791e-01
4.95250e+03 6.74191e-01
4.95300e+03 6.65130e-01
4.95350e+03 6.56525e-01
4.95400e+03 6.47689e-01
4.95450e+03 6.38966e-01
4.95500e+03 6.30469e-01
4.95550e+03 6.21399e-01
4.95600e+03 6.11756e-01
4.95650e+03 6.02682e-01
4.95700e+03 5.93262e-01
4.95750e+03 5.83727e-01
4.95800e+03 5.74075e-01
4.95850e+03 5.64764e-01
4.95900e+03 5.55108e-01
4.95950e+03 5.45564e-01
4.96000e+03 5.36362e-01
4.96050e+03 5.26813e-01
4.96100e+03 5.17035e-01
4.96150e+03 5.07482e-01
4.96200e+03 4.98043e-01
4.96250e+03 4.88601e-01
4.96300e+03 4.79158e-01
4.96350e+03 4.69597e-01
4.96400e+03 4.60378e-01
4.96450e+03 4.51042e-01
4.96500e+03 4.41933e-01
4.96550e+03 4.32936e-01
4.96600e+03 4.23939e-01
4.96650e+03 4.14708e-01
4.96700e+03 4.05936e-01
4.96750e+03 3.96588e-01
4.96800e+03 3.86664e-01
4.96850e+03 3.77770e-01
4.96900e+03 3.68875e-01
4.96950e+03 3.60091e-01
4.97000e+03 3.51534e-01
4.97050e+03 3.43090e-01
4.97100e+03 3.34072e-01
4.97150e+03 3.25738e-01
4.97200e+03 3.17633e-01
4.97250e+03 3.09067e-01
4.97300e+03 3.00385e-01
4.97350e+03 2.92389e-01
4.97400e+03 2.84735e-01
4.97450e+03 2.76735e-01
4.97500e+03 2.69078e-01
4.97550e+03 2.61418e-01
4.97600e+03 2.54331e-01
4.97650e+03 2.46784e-01
4.97700e+03 2.39809e-01
4.97750e+03 2.33176e-01
4.97800e+03 2.25968e-01
4.97850e+03 2.18989e-01
4.97900e+03 2.12352e-01
4.97950e+03 2.05599e-01
4.98000e+03 1.99073e-01
4.98050e+03 1.93121e-01
4.98100e+03 1.87169e-01
4.98150e+03 1.80984e-01
4.98200e+03 1.75258e-01
4.98250e+03 1.69875e-01
4.98300e+03 1.64032e-01
4.98350e+03 1.58877e-01
4.98400e+03 1.53720e-01
4.98450e+03 1.48677e-01
4.98500e+03 1.43635e-01
4.98550e+03 1.38704e-01
4.98600e+03 1.34004e-01
4.98650e+03 1.29532e-01
4.98700e+03 1.25405e-01
4.98750e+03 1.21391e-01
4.98800e+03 1.17147e-01
4.98850e+03 1.13097e-01
4.98900e+03 1.09174e-01
4.98950e+03 1.05640e-01
4.99000e+03 1.01910e-01
4.99050e+03 9.83521e-02
4.99100e+03 9.51502e-02
4.99150e+03 9.17174e-02
4.99200e+03 8.84334e-02
4.99250e+03 8.55288e-02
4.99300e+03 8.26582e-02
4.99350e+03 7.96026e-02
4.99400e+03 7.69957e-02
4.99450e+03 7.44227e-02
4.99500e+03 7.16072e-02
4.99550e+03 6.89756e-02
4.99600e+03 6.65969e-02
4.99650e+03 6.42638e-02
4.99700e+03 6.20338e-02
4.99750e+03 5.98264e-02
4.99800e+03 5.78954e-02
4.99850e+03 5.56640e-02
4.99900e+03 5.36862e-02
4.99950e+03 5.19155e-02
5.00000e+03 5.01562e-02
5.00050e+03 4.84426e-02
5.00100e+03 4.66827e-02
5.00150e+03 4.51764e-02
5.00200e+03 4.35773e-02
5.00250e+03 4.21049e-02
5.00300e+03 4.07015e-02
5.00350e+03 3.95287e-02
5.00400e+03 3.82286e-02
5.00450e+03 3.70320e-02
5.00500e+03 3.59045e-02
5.00550e+03 3.48691e-02
5.00600e+03 3.36601e-02
5.00650e+03 3.27860e-02
5.00700e+03 3.17498e-02
5.00750e+03 3.07826e-02
5.00800e+03 2.98154e-02
5.00850e+03 2.88593e-02
5.00900e+03 2.80072e-02
5.00950e+03 2.72589e-02
5.01000e+03 2.64872e-02
5.01050e+03 2.56114e-02
5.01100e+03 2.50129e-02
5.01150e+03 2.41713e-02
5.01200e+03 2.34799e-02
5.01250e+03 2.27652e-02
5.01300e+03 2.20735e-02
5.01350e+03 2.13238e-02
5.01400e+03 2.07707e-02
5.01450e+03 2.01943e-02
5.01500e+03 1.95828e-02
5.01550e+03 1.89599e-02
5.01600e+03 1.84525e-02
5.01650e+03 1.79451e-02
5.01700e+03 1.74838e-02
5.01750e+03 1.69528e-02
5.01800e+03 1.65030e-02
5.01850e+03 1.60065e-02
5.01900e+03 1.55100e-02
5.01950e+03 1.50946e-02
5.02000e+03 1.46674e-02
5.02050e+03 1.43329e-02
5.02100e+03 1.39984e-02
5.02150e+03 1.35245e-02
5.02200e+03 1.30853e-02
5.02250e+03 1.26925e-02
5.02300e+03 1.23460e-02
5.02350e+03 1.21270e-02
5.02400e+03 1.17803e-02
5.02450e+03 1.15485e-02
5.02500e+03 1.12666e-02
5.02550e+03 1.09661e-02
5.02600e+03 1.06841e-02
5.02650e+03 1.04729e-02
5.02700e+03 1.01374e-02
5.02750e+03 9.81916e-03
5.02800e+03 9.55433e-03
5.02850e+03 9.34286e-03
5.02900e+03 9.09649e-03
5.02950e+03 8.91979e-03
5.03000e+03 8.72561e-03
5.03050e+03 8.49650e-03
5.03100e+03 8.24874e-03
5.03150e+03 8.00208e-03
5.03200e+03 7.75419e-03
5.03250e+03 7.54230e-03
5.03300e+03 7.27685e-03
5.03350e+03 7.06485e-03
5.03400e+03 6.83534e-03
5.03450e+03 6.72912e-03
5.03500e+03 6.60542e-03
5.03550e+03 6.46424e-03
5.03600e+03 6.32301e-03
5.03650e+03 6.19921e-03
5.03700e+03 5.98690e-03
5.03750e+03 5.86303e-03
5.03800e+03 5.72166e-03
5.03850e+03 5.61637e-03
5.03900e+03 5.52736e-03
5.03950e+03 5.31483e-03
5.04000e+03 5.28053e-03
5.04050e+03 5.13900e-03
5.04100e+03 5.06854e-03
5.04150e+03 4.92696e-03
5.04200e+03 4.82031e-03
5.04250e+03 4.62504e-03
5.04300e+03 4.50084e-03
5.04350e+03 4.35912e-03
5.04400e+03 4.28852e-03
5.04450e+03 4.12923e-03
5.04500e+03 4.11224e-03
5.04550e+03 4.02290e-03
5.04600e+03 3.93472e-03
5.04650e+03 3.82899e-03
5.04700e+03 3.72209e-03
5.04750e+03 3.65133e-03
5.04800e+03 3.54437e-03
5.04850e+03 3.47359e-03
5.04900e+03 3.33154e-03
5.04950e+03 3.26072e-03
5.05000e+03 3.22607e-03
5.05050e+03 3.22647e-03
5.05100e+03 3.17311e-03
5.05150e+03 3.15597e-03
5.05200e+03 3.08508e-03
5.05250e+03 2.97793e-03
5.05300e+03 2.88947e-03
5.05350e+03 2.83604e-03
5.05400e+03 2.76507e-03
5.05450e+03 2.67654e-03
5.05500e+03 2.60553e-03
5.05550e+03 2.58830e-03
5.05600e+03 2.49854e-03
5.05650e+03 2.35613e-03
5.05700e+03 2.33887e-03
5.05750e+03 2.30287e-03
5.05800e+03 2.23177e-03
5.05850e+03 2.17937e-03
5.05900e+03 2.07194e-03
5.05950e+03 1.98322e-03
5.06000e+03 1.92959e-03
5.06050e+03 1.85840e-03
5.06100e+03 1.75088e-03
5.06150e+03 1.71596e-03
5.06200e+03 1.71617e-03
5.06250e+03 1.69880e-03
5.06300e+03 1.68027e-03
5.06350e+03 1.62774e-03
5.06400e+03 1.57402e-03
5.06450e+03 1.55663e-03
5.06500e+03 1.52048e-03
5.06550e+03 1.50308e-03
5.06600e+03 1.46691e-03
5.06650e+03 1.41314e-03
5.06700e+03 1.41332e-03
5.06750e+03 1.39589e-03
5.06800e+03 1.36087e-03
5.06850e+03 1.34227e-03
5.06900e+03 1.28962e-03
5.06950e+03 0.00000e+00
