# Filter name : Subaru/Suprime.NB816
# Description : Suprime NB816 filter  (full transmission)
# Photometric system : Suprime
# FilterType : photon
# Band name : ------
# Observatory : Subaru
# Instrument : Suprime
# Comments : ------
# 
8.00350e+03 1.60244e-03
8.00400e+03 1.77835e-03
8.00450e+03 2.13551e-03
8.00500e+03 2.84606e-03
8.00550e+03 3.38034e-03
8.00600e+03 3.73064e-03
8.00650e+03 3.90872e-03
8.00700e+03 5.50766e-03
8.00750e+03 6.03997e-03
8.00800e+03 6.92015e-03
8.00850e+03 6.38753e-03
8.00900e+03 6.91434e-03
8.00950e+03 6.38577e-03
8.01000e+03 5.85736e-03
8.01050e+03 5.31745e-03
8.01100e+03 5.48737e-03
8.01150e+03 4.78094e-03
8.01200e+03 5.49109e-03
8.01250e+03 5.32111e-03
8.01300e+03 5.68347e-03
8.01350e+03 6.04058e-03
8.01400e+03 7.08346e-03
8.01450e+03 7.26201e-03
8.01500e+03 7.60830e-03
8.01550e+03 7.07392e-03
8.01600e+03 7.42004e-03
8.01650e+03 8.48365e-03
8.01700e+03 8.30932e-03
8.01750e+03 8.85628e-03
8.01800e+03 9.58109e-03
8.01850e+03 9.58208e-03
8.01900e+03 9.05436e-03
8.01950e+03 8.69575e-03
8.02000e+03 9.23975e-03
8.02050e+03 9.59543e-03
8.02100e+03 1.03261e-02
8.02150e+03 1.05088e-02
8.02200e+03 1.16076e-02
8.02250e+03 1.19680e-02
8.02300e+03 1.07233e-02
8.02350e+03 1.07321e-02
8.02400e+03 1.02232e-02
8.02450e+03 1.05849e-02
8.02500e+03 1.09580e-02
8.02550e+03 1.15036e-02
8.02600e+03 1.27607e-02
8.02650e+03 1.31000e-02
8.02700e+03 1.33171e-02
8.02750e+03 1.37013e-02
8.02800e+03 1.35065e-02
8.02850e+03 1.47649e-02
8.02900e+03 1.53025e-02
8.02950e+03 1.54799e-02
8.03000e+03 1.62101e-02
8.03050e+03 1.74927e-02
8.03100e+03 1.84280e-02
8.03150e+03 1.91832e-02
8.03200e+03 1.93343e-02
8.03250e+03 1.91258e-02
8.03300e+03 2.02530e-02
8.03350e+03 2.00316e-02
8.03400e+03 2.14922e-02
8.03450e+03 2.14890e-02
8.03500e+03 2.31415e-02
8.03550e+03 2.40364e-02
8.03600e+03 2.49696e-02
8.03650e+03 2.55177e-02
8.03700e+03 2.54627e-02
8.03750e+03 2.59721e-02
8.03800e+03 2.68661e-02
8.03850e+03 2.84651e-02
8.03900e+03 3.09740e-02
8.03950e+03 3.22259e-02
8.04000e+03 3.49387e-02
8.04050e+03 3.70870e-02
8.04100e+03 3.86069e-02
8.04150e+03 3.94475e-02
8.04200e+03 4.09154e-02
8.04250e+03 4.25237e-02
8.04300e+03 4.40673e-02
8.04350e+03 4.61736e-02
8.04400e+03 4.71652e-02
8.04450e+03 4.86429e-02
8.04500e+03 5.07214e-02
8.04550e+03 5.26712e-02
8.04600e+03 5.41213e-02
8.04650e+03 5.55197e-02
8.04700e+03 5.71734e-02
8.04750e+03 5.88267e-02
8.04800e+03 6.04794e-02
8.04850e+03 6.24386e-02
8.04900e+03 6.48447e-02
8.04950e+03 6.69691e-02
8.05000e+03 6.82370e-02
8.05050e+03 7.19323e-02
8.05100e+03 7.38253e-02
8.05150e+03 7.66248e-02
8.05200e+03 7.95257e-02
8.05250e+03 8.23751e-02
8.05300e+03 8.53389e-02
8.05350e+03 8.84681e-02
8.05400e+03 9.11497e-02
8.05450e+03 9.28862e-02
8.05500e+03 9.53877e-02
8.05550e+03 9.92408e-02
8.05600e+03 1.01191e-01
8.05650e+03 1.03587e-01
8.05700e+03 1.07933e-01
8.05750e+03 1.12150e-01
8.05800e+03 1.15803e-01
8.05850e+03 1.19799e-01
8.05900e+03 1.24431e-01
8.05950e+03 1.28578e-01
8.06000e+03 1.32379e-01
8.06050e+03 1.36307e-01
8.06100e+03 1.40616e-01
8.06150e+03 1.44288e-01
8.06200e+03 1.48722e-01
8.06250e+03 1.53028e-01
8.06300e+03 1.56187e-01
8.06350e+03 1.60109e-01
8.06400e+03 1.64794e-01
8.06450e+03 1.70114e-01
8.06500e+03 1.74796e-01
8.06550e+03 1.79349e-01
8.06600e+03 1.84284e-01
8.06650e+03 1.87691e-01
8.06700e+03 1.93004e-01
8.06750e+03 1.97681e-01
8.06800e+03 2.01975e-01
8.06850e+03 2.07031e-01
8.06900e+03 2.11959e-01
8.06950e+03 2.17012e-01
8.07000e+03 2.21938e-01
8.07050e+03 2.28006e-01
8.07100e+03 2.33945e-01
8.07150e+03 2.39372e-01
8.07200e+03 2.45178e-01
8.07250e+03 2.51614e-01
8.07300e+03 2.55763e-01
8.07350e+03 2.61813e-01
8.07400e+03 2.67607e-01
8.07450e+03 2.73145e-01
8.07500e+03 2.77666e-01
8.07550e+03 2.83961e-01
8.07600e+03 2.89620e-01
8.07650e+03 2.95152e-01
8.07700e+03 3.01951e-01
8.07750e+03 3.09129e-01
8.07800e+03 3.15673e-01
8.07850e+03 3.21961e-01
8.07900e+03 3.30149e-01
8.07950e+03 3.36054e-01
8.08000e+03 3.41705e-01
8.08050e+03 3.47861e-01
8.08100e+03 3.55537e-01
8.08150e+03 3.62578e-01
8.08200e+03 3.70125e-01
8.08250e+03 3.76277e-01
8.08300e+03 3.82302e-01
8.08350e+03 3.89715e-01
8.08400e+03 3.97253e-01
8.08450e+03 4.03522e-01
8.08500e+03 4.10798e-01
8.08550e+03 4.19083e-01
8.08600e+03 4.25971e-01
8.08650e+03 4.32475e-01
8.08700e+03 4.39482e-01
8.08750e+03 4.45094e-01
8.08800e+03 4.52221e-01
8.08850e+03 4.58714e-01
8.08900e+03 4.66848e-01
8.08950e+03 4.74728e-01
8.09000e+03 4.80966e-01
8.09050e+03 4.89225e-01
8.09100e+03 4.96365e-01
8.09150e+03 5.00999e-01
8.09200e+03 5.08931e-01
8.09250e+03 5.17505e-01
8.09300e+03 5.25329e-01
8.09350e+03 5.31896e-01
8.09400e+03 5.39599e-01
8.09450e+03 5.47423e-01
8.09500e+03 5.54355e-01
8.09550e+03 5.63293e-01
8.09600e+03 5.72589e-01
8.09650e+03 5.80473e-01
8.09700e+03 5.87696e-01
8.09750e+03 5.95892e-01
8.09800e+03 6.03037e-01
8.09850e+03 6.12529e-01
8.09900e+03 6.21082e-01
8.09950e+03 6.28816e-01
8.10000e+03 6.35599e-01
8.10050e+03 6.46093e-01
8.10100e+03 6.54017e-01
8.10150e+03 6.56503e-01
8.10200e+03 6.66627e-01
8.10250e+03 6.74985e-01
8.10300e+03 6.80343e-01
8.10350e+03 6.89853e-01
8.10400e+03 6.99482e-01
8.10450e+03 7.06976e-01
8.10500e+03 7.13715e-01
8.10550e+03 7.18211e-01
8.10600e+03 7.22590e-01
8.10650e+03 7.28722e-01
8.10700e+03 7.36975e-01
8.10750e+03 7.46471e-01
8.10800e+03 7.53224e-01
8.10850e+03 7.59849e-01
8.10900e+03 7.64727e-01
8.10950e+03 7.72580e-01
8.11000e+03 7.77936e-01
8.11050e+03 7.83653e-01
8.11100e+03 7.90965e-01
8.11150e+03 7.98629e-01
8.11200e+03 8.05526e-01
8.11250e+03 8.11655e-01
8.11300e+03 8.15531e-01
8.11350e+03 8.22591e-01
8.11400e+03 8.28505e-01
8.11450e+03 8.33524e-01
8.11500e+03 8.35812e-01
8.11550e+03 8.40313e-01
8.11600e+03 8.47401e-01
8.11650e+03 8.49572e-01
8.11700e+03 8.53589e-01
8.11750e+03 8.63504e-01
8.11800e+03 8.66055e-01
8.11850e+03 8.70082e-01
8.11900e+03 8.76317e-01
8.11950e+03 8.79613e-01
8.12000e+03 8.84012e-01
8.12050e+03 8.88411e-01
8.12100e+03 8.92687e-01
8.12150e+03 8.98792e-01
8.12200e+03 9.06111e-01
8.12250e+03 9.09888e-01
8.12300e+03 9.14757e-01
8.12350e+03 9.16942e-01
8.12400e+03 9.21678e-01
8.12450e+03 9.26648e-01
8.12500e+03 9.33067e-01
8.12550e+03 9.36317e-01
8.12600e+03 9.40771e-01
8.12650e+03 9.45698e-01
8.12700e+03 9.47460e-01
8.12750e+03 9.46791e-01
8.12800e+03 9.49622e-01
8.12850e+03 9.52926e-01
8.12900e+03 9.56231e-01
8.12950e+03 9.57122e-01
8.13000e+03 9.58501e-01
8.13050e+03 9.60968e-01
8.13100e+03 9.64763e-01
8.13150e+03 9.66391e-01
8.13200e+03 9.65376e-01
8.13250e+03 9.65210e-01
8.13300e+03 9.68894e-01
8.13350e+03 9.70657e-01
8.13400e+03 9.72303e-01
8.13450e+03 9.72394e-01
8.13500e+03 9.74287e-01
8.13550e+03 9.78578e-01
8.13600e+03 9.74730e-01
8.13650e+03 9.74480e-01
8.13700e+03 9.74594e-01
8.13750e+03 9.74832e-01
8.13800e+03 9.79851e-01
8.13850e+03 9.83555e-01
8.13900e+03 9.83562e-01
8.13950e+03 9.85958e-01
8.14000e+03 9.87521e-01
8.14050e+03 9.88016e-01
8.14100e+03 9.84590e-01
8.14150e+03 9.83550e-01
8.14200e+03 9.81799e-01
8.14250e+03 9.78997e-01
8.14300e+03 9.80411e-01
8.14350e+03 9.80578e-01
8.14400e+03 9.80206e-01
8.14450e+03 9.80713e-01
8.14500e+03 9.81857e-01
8.14550e+03 9.83631e-01
8.14600e+03 9.86269e-01
8.14650e+03 9.87039e-01
8.14700e+03 9.86884e-01
8.14750e+03 9.91486e-01
8.14800e+03 9.91955e-01
8.14850e+03 9.98116e-01
8.14900e+03 9.98477e-01
8.14950e+03 9.96824e-01
8.15000e+03 9.97886e-01
8.15050e+03 1.00000e+00
8.15100e+03 9.99256e-01
8.15150e+03 9.97779e-01
8.15200e+03 9.97581e-01
8.15250e+03 9.98566e-01
8.15300e+03 9.97306e-01
8.15350e+03 9.96875e-01
8.15400e+03 9.93138e-01
8.15450e+03 9.88930e-01
8.15500e+03 9.89099e-01
8.15550e+03 9.86555e-01
8.15600e+03 9.85194e-01
8.15650e+03 9.83592e-01
8.15700e+03 9.85050e-01
8.15750e+03 9.83312e-01
8.15800e+03 9.82980e-01
8.15850e+03 9.85592e-01
8.15900e+03 9.81944e-01
8.15950e+03 9.85133e-01
8.16000e+03 9.86078e-01
8.16050e+03 9.86196e-01
8.16100e+03 9.85372e-01
8.16150e+03 9.81839e-01
8.16200e+03 9.78901e-01
8.16250e+03 9.75144e-01
8.16300e+03 9.74339e-01
8.16350e+03 9.68362e-01
8.16400e+03 9.67570e-01
8.16450e+03 9.62898e-01
8.16500e+03 9.57995e-01
8.16550e+03 9.56860e-01
8.16600e+03 9.52787e-01
8.16650e+03 9.49305e-01
8.16700e+03 9.50294e-01
8.16750e+03 9.44585e-01
8.16800e+03 9.44406e-01
8.16850e+03 9.41648e-01
8.16900e+03 9.42065e-01
8.16950e+03 9.39662e-01
8.17000e+03 9.35378e-01
8.17050e+03 9.34610e-01
8.17100e+03 9.29607e-01
8.17150e+03 9.26942e-01
8.17200e+03 9.22274e-01
8.17250e+03 9.21237e-01
8.17300e+03 9.15506e-01
8.17350e+03 9.13644e-01
8.17400e+03 9.09792e-01
8.17450e+03 9.06999e-01
8.17500e+03 9.06555e-01
8.17550e+03 8.99678e-01
8.17600e+03 8.94913e-01
8.17650e+03 8.89685e-01
8.17700e+03 8.85982e-01
8.17750e+03 8.81464e-01
8.17800e+03 8.76598e-01
8.17850e+03 8.76298e-01
8.17900e+03 8.73427e-01
8.17950e+03 8.72664e-01
8.18000e+03 8.69681e-01
8.18050e+03 8.65182e-01
8.18100e+03 8.63963e-01
8.18150e+03 8.60766e-01
8.18200e+03 8.57105e-01
8.18250e+03 8.53448e-01
8.18300e+03 8.46521e-01
8.18350e+03 8.43329e-01
8.18400e+03 8.40133e-01
8.18450e+03 8.34012e-01
8.18500e+03 8.26250e-01
8.18550e+03 8.20696e-01
8.18600e+03 8.17000e-01
8.18650e+03 8.12720e-01
8.18700e+03 8.07631e-01
8.18750e+03 8.04179e-01
8.18800e+03 7.99450e-01
8.18850e+03 7.94375e-01
8.18900e+03 7.90934e-01
8.18950e+03 7.84353e-01
8.19000e+03 7.80338e-01
8.19050e+03 7.74581e-01
8.19100e+03 7.67315e-01
8.19150e+03 7.63777e-01
8.19200e+03 7.58264e-01
8.19250e+03 7.53104e-01
8.19300e+03 7.48412e-01
8.19350e+03 7.43375e-01
8.19400e+03 7.36134e-01
8.19450e+03 7.29014e-01
8.19500e+03 7.22478e-01
8.19550e+03 7.14321e-01
8.19600e+03 7.06517e-01
8.19650e+03 6.99182e-01
8.19700e+03 6.93708e-01
8.19750e+03 6.87773e-01
8.19800e+03 6.80913e-01
8.19850e+03 6.75333e-01
8.19900e+03 6.69525e-01
8.19950e+03 6.63719e-01
8.20000e+03 6.57103e-01
8.20050e+03 6.51763e-01
8.20100e+03 6.45960e-01
8.20150e+03 6.39696e-01
8.20200e+03 6.33202e-01
8.20250e+03 6.23814e-01
8.20300e+03 6.16168e-01
8.20350e+03 6.08294e-01
8.20400e+03 6.02854e-01
8.20450e+03 5.94756e-01
8.20500e+03 5.87934e-01
8.20550e+03 5.81696e-01
8.20600e+03 5.75230e-01
8.20650e+03 5.66455e-01
8.20700e+03 5.59650e-01
8.20750e+03 5.52617e-01
8.20800e+03 5.45126e-01
8.20850e+03 5.35788e-01
8.20900e+03 5.27032e-01
8.20950e+03 5.19551e-01
8.21000e+03 5.14845e-01
8.21050e+03 5.06446e-01
8.21100e+03 5.00361e-01
8.21150e+03 4.94165e-01
8.21200e+03 4.86586e-01
8.21250e+03 4.80163e-01
8.21300e+03 4.70048e-01
8.21350e+03 4.62471e-01
8.21400e+03 4.55240e-01
8.21450e+03 4.47430e-01
8.21500e+03 4.37544e-01
8.21550e+03 4.31234e-01
8.21600e+03 4.22619e-01
8.21650e+03 4.14122e-01
8.21700e+03 4.05743e-01
8.21750e+03 3.98866e-01
8.21800e+03 3.90380e-01
8.21850e+03 3.85008e-01
8.21900e+03 3.78144e-01
8.21950e+03 3.70478e-01
8.22000e+03 3.62815e-01
8.22050e+03 3.55502e-01
8.22100e+03 3.47846e-01
8.22150e+03 3.40078e-01
8.22200e+03 3.31968e-01
8.22250e+03 3.25013e-01
8.22300e+03 3.17716e-01
8.22350e+03 3.08354e-01
8.22400e+03 3.00720e-01
8.22450e+03 2.93779e-01
8.22500e+03 2.86380e-01
8.22550e+03 2.78293e-01
8.22600e+03 2.69749e-01
8.22650e+03 2.64422e-01
8.22700e+03 2.56340e-01
8.22750e+03 2.48373e-01
8.22800e+03 2.41785e-01
8.22850e+03 2.34624e-01
8.22900e+03 2.28037e-01
8.22950e+03 2.21107e-01
8.23000e+03 2.14753e-01
8.23050e+03 2.08516e-01
8.23100e+03 2.03085e-01
8.23150e+03 1.95823e-01
8.23200e+03 1.89711e-01
8.23250e+03 1.83945e-01
8.23300e+03 1.79443e-01
8.23350e+03 1.72880e-01
8.23400e+03 1.68382e-01
8.23450e+03 1.61252e-01
8.23500e+03 1.56186e-01
8.23550e+03 1.51123e-01
8.23600e+03 1.44459e-01
8.23650e+03 1.39399e-01
8.23700e+03 1.33427e-01
8.23750e+03 1.29058e-01
8.23800e+03 1.24118e-01
8.23850e+03 1.18494e-01
8.23900e+03 1.13730e-01
8.23950e+03 1.11551e-01
8.24000e+03 1.07543e-01
8.24050e+03 1.03663e-01
8.24100e+03 9.83773e-02
8.24150e+03 9.49788e-02
8.24200e+03 9.21868e-02
8.24250e+03 8.66882e-02
8.24300e+03 8.30185e-02
8.24350e+03 8.01723e-02
8.24400e+03 7.71672e-02
8.24450e+03 7.38894e-02
8.24500e+03 7.07384e-02
8.24550e+03 6.68242e-02
8.24600e+03 6.36757e-02
8.24650e+03 6.06540e-02
8.24700e+03 5.85915e-02
8.24750e+03 5.61990e-02
8.24800e+03 5.35908e-02
8.24850e+03 5.13255e-02
8.24900e+03 4.81718e-02
8.24950e+03 4.54751e-02
8.25000e+03 4.26994e-02
8.25050e+03 4.06994e-02
8.25100e+03 3.83012e-02
8.25150e+03 3.53684e-02
8.25200e+03 3.36095e-02
8.25250e+03 3.20789e-02
8.25300e+03 2.94215e-02
8.25350e+03 2.73455e-02
8.25400e+03 2.53383e-02
8.25450e+03 2.42877e-02
8.25500e+03 2.41136e-02
8.25550e+03 2.13567e-02
8.25600e+03 1.98293e-02
8.25650e+03 1.88823e-02
8.25700e+03 1.91526e-02
8.25750e+03 1.81947e-02
8.25800e+03 1.60546e-02
8.25850e+03 1.65412e-02
8.25900e+03 1.43906e-02
8.25950e+03 1.28202e-02
8.26000e+03 1.23753e-02
8.26050e+03 1.22032e-02
8.26100e+03 1.12871e-02
8.26150e+03 1.09733e-02
8.26200e+03 1.09753e-02
8.26250e+03 1.08217e-02
8.26300e+03 1.06886e-02
8.26350e+03 1.07078e-02
8.26400e+03 1.11969e-02
8.26450e+03 1.13851e-02
8.26500e+03 1.23485e-02
8.26550e+03 1.31414e-02
8.26600e+03 1.42746e-02
8.26650e+03 1.49196e-02
8.26700e+03 1.59049e-02
8.26750e+03 1.72302e-02
8.26800e+03 1.82377e-02
8.26850e+03 1.84058e-02
8.26900e+03 2.03769e-02
8.26950e+03 2.15652e-02
8.27000e+03 2.28779e-02
