# Filter name : Subaru/Suprime.IB709
# Description : Suprime IB709 filter  (full transmission)
# Photometric system : Suprime
# FilterType : photon
# Band name : ------
# Observatory : Subaru
# Instrument : Suprime
# Comments : ------
# 
6.78850e+03 1.05334e-03
6.78900e+03 1.06772e-03
6.78950e+03 1.12618e-03
6.79000e+03 1.15493e-03
6.79050e+03 1.18464e-03
6.79100e+03 1.21339e-03
6.79150e+03 1.27281e-03
6.79200e+03 1.30156e-03
6.79250e+03 1.33127e-03
6.79300e+03 1.37440e-03
6.79350e+03 1.43286e-03
6.79400e+03 1.50665e-03
6.79450e+03 1.52103e-03
6.79500e+03 1.59386e-03
6.79550e+03 1.63795e-03
6.79600e+03 1.69641e-03
6.79650e+03 1.72611e-03
6.79700e+03 1.75486e-03
6.79750e+03 1.79895e-03
6.79800e+03 1.85741e-03
6.79850e+03 1.90150e-03
6.79900e+03 1.97433e-03
6.79950e+03 2.03279e-03
6.80000e+03 2.12096e-03
6.80050e+03 2.19381e-03
6.80100e+03 2.26665e-03
6.80150e+03 2.35483e-03
6.80200e+03 2.39797e-03
6.80250e+03 2.44206e-03
6.80300e+03 2.55901e-03
6.80350e+03 2.58873e-03
6.80400e+03 2.66159e-03
6.80450e+03 2.74978e-03
6.80500e+03 2.85138e-03
6.80550e+03 2.92519e-03
6.80600e+03 2.99804e-03
6.80650e+03 3.08622e-03
6.80700e+03 3.15907e-03
6.80750e+03 3.21755e-03
6.80800e+03 3.30477e-03
6.80850e+03 3.37859e-03
6.80900e+03 3.49553e-03
6.80950e+03 3.56838e-03
6.81000e+03 3.65657e-03
6.81050e+03 3.75914e-03
6.81100e+03 3.87609e-03
6.81150e+03 3.97770e-03
6.81200e+03 4.09466e-03
6.81250e+03 4.19724e-03
6.81300e+03 4.31419e-03
6.81350e+03 4.41678e-03
6.81400e+03 4.51936e-03
6.81450e+03 4.66603e-03
6.81500e+03 4.78300e-03
6.81550e+03 4.91433e-03
6.81600e+03 5.01692e-03
6.81650e+03 5.13387e-03
6.81700e+03 5.26526e-03
6.81750e+03 5.38251e-03
6.81800e+03 5.55834e-03
6.81850e+03 5.70537e-03
6.81900e+03 5.82245e-03
6.81950e+03 5.99759e-03
6.82000e+03 6.15772e-03
6.82050e+03 6.33135e-03
6.82100e+03 6.51844e-03
6.82150e+03 6.69129e-03
6.82200e+03 6.87680e-03
6.82250e+03 7.06168e-03
6.82300e+03 7.27569e-03
6.82350e+03 7.47496e-03
6.82400e+03 7.67306e-03
6.82450e+03 7.90165e-03
6.82500e+03 8.08556e-03
6.82550e+03 8.28509e-03
6.82600e+03 8.51343e-03
6.82650e+03 8.77020e-03
6.82700e+03 8.96991e-03
6.82750e+03 9.21246e-03
6.82800e+03 9.42641e-03
6.82850e+03 9.72858e-03
6.82900e+03 1.00285e-02
6.82950e+03 1.03280e-02
6.83000e+03 1.06553e-02
6.83050e+03 1.09724e-02
6.83100e+03 1.12413e-02
6.83150e+03 1.15476e-02
6.83200e+03 1.18721e-02
6.83250e+03 1.22434e-02
6.83300e+03 1.25856e-02
6.83350e+03 1.29654e-02
6.83400e+03 1.33165e-02
6.83450e+03 1.36956e-02
6.83500e+03 1.41502e-02
6.83550e+03 1.45482e-02
6.83600e+03 1.49368e-02
6.83650e+03 1.53820e-02
6.83700e+03 1.57989e-02
6.83750e+03 1.62816e-02
6.83800e+03 1.67358e-02
6.83850e+03 1.72743e-02
6.83900e+03 1.77462e-02
6.83950e+03 1.82362e-02
6.84000e+03 1.87535e-02
6.84050e+03 1.93163e-02
6.84100e+03 1.99250e-02
6.84150e+03 2.05323e-02
6.84200e+03 2.11292e-02
6.84250e+03 2.17439e-02
6.84300e+03 2.24045e-02
6.84350e+03 2.30924e-02
6.84400e+03 2.37609e-02
6.84450e+03 2.43916e-02
6.84500e+03 2.51155e-02
6.84550e+03 2.59047e-02
6.84600e+03 2.66566e-02
6.84650e+03 2.73992e-02
6.84700e+03 2.82256e-02
6.84750e+03 2.90888e-02
6.84800e+03 2.99887e-02
6.84850e+03 3.08319e-02
6.84900e+03 3.17670e-02
6.84950e+03 3.27472e-02
6.85000e+03 3.37626e-02
6.85050e+03 3.47479e-02
6.85100e+03 3.57126e-02
6.85150e+03 3.67959e-02
6.85200e+03 3.78773e-02
6.85250e+03 3.89385e-02
6.85300e+03 4.01001e-02
6.85350e+03 4.12141e-02
6.85400e+03 4.23458e-02
6.85450e+03 4.35601e-02
6.85500e+03 4.48757e-02
6.85550e+03 4.61636e-02
6.85600e+03 4.75154e-02
6.85650e+03 4.88853e-02
6.85700e+03 5.02457e-02
6.85750e+03 5.17254e-02
6.85800e+03 5.31766e-02
6.85850e+03 5.46631e-02
6.85900e+03 5.63043e-02
6.85950e+03 5.78783e-02
6.86000e+03 5.95045e-02
6.86050e+03 6.11454e-02
6.86100e+03 6.28469e-02
6.86150e+03 6.45450e-02
6.86200e+03 6.63135e-02
6.86250e+03 6.81250e-02
6.86300e+03 7.00259e-02
6.86350e+03 7.18699e-02
6.86400e+03 7.36485e-02
6.86450e+03 7.55911e-02
6.86500e+03 7.75700e-02
6.86550e+03 7.95120e-02
6.86600e+03 8.16171e-02
6.86650e+03 8.37209e-02
6.86700e+03 8.59524e-02
6.86750e+03 8.81923e-02
6.86800e+03 9.05129e-02
6.86850e+03 9.28404e-02
6.86900e+03 9.51649e-02
6.86950e+03 9.75764e-02
6.87000e+03 1.00074e-01
6.87050e+03 1.02475e-01
6.87100e+03 1.04960e-01
6.87150e+03 1.07532e-01
6.87200e+03 1.10189e-01
6.87250e+03 1.12843e-01
6.87300e+03 1.15493e-01
6.87350e+03 1.18231e-01
6.87400e+03 1.21059e-01
6.87450e+03 1.23886e-01
6.87500e+03 1.26712e-01
6.87550e+03 1.29628e-01
6.87600e+03 1.32632e-01
6.87650e+03 1.35633e-01
6.87700e+03 1.38713e-01
6.87750e+03 1.41874e-01
6.87800e+03 1.44942e-01
6.87850e+03 1.48283e-01
6.87900e+03 1.51364e-01
6.87950e+03 1.54731e-01
6.88000e+03 1.58302e-01
6.88050e+03 1.61813e-01
6.88100e+03 1.65624e-01
6.88150e+03 1.69370e-01
6.88200e+03 1.73046e-01
6.88250e+03 1.76827e-01
6.88300e+03 1.80796e-01
6.88350e+03 1.84676e-01
6.88400e+03 1.88549e-01
6.88450e+03 1.92589e-01
6.88500e+03 1.96628e-01
6.88550e+03 2.00849e-01
6.88600e+03 2.05072e-01
6.88650e+03 2.09296e-01
6.88700e+03 2.13793e-01
6.88750e+03 2.18108e-01
6.88800e+03 2.22426e-01
6.88850e+03 2.26926e-01
6.88900e+03 2.31429e-01
6.88950e+03 2.35938e-01
6.89000e+03 2.40725e-01
6.89050e+03 2.45247e-01
6.89100e+03 2.49959e-01
6.89150e+03 2.54857e-01
6.89200e+03 2.59669e-01
6.89250e+03 2.64758e-01
6.89300e+03 2.69849e-01
6.89350e+03 2.74850e-01
6.89400e+03 2.79943e-01
6.89450e+03 2.85036e-01
6.89500e+03 2.90314e-01
6.89550e+03 2.95593e-01
6.89600e+03 3.00783e-01
6.89650e+03 3.05977e-01
6.89700e+03 3.11080e-01
6.89750e+03 3.16364e-01
6.89800e+03 3.21740e-01
6.89850e+03 3.27210e-01
6.89900e+03 3.32411e-01
6.89950e+03 3.37983e-01
6.90000e+03 3.43471e-01
6.90050e+03 3.49061e-01
6.90100e+03 3.54660e-01
6.90150e+03 3.60266e-01
6.90200e+03 3.65787e-01
6.90250e+03 3.71404e-01
6.90300e+03 3.77022e-01
6.90350e+03 3.82640e-01
6.90400e+03 3.88532e-01
6.90450e+03 3.94151e-01
6.90500e+03 3.99865e-01
6.90550e+03 4.05671e-01
6.90600e+03 4.11296e-01
6.90650e+03 4.17200e-01
6.90700e+03 4.23195e-01
6.90750e+03 4.29007e-01
6.90800e+03 4.34911e-01
6.90850e+03 4.40725e-01
6.90900e+03 4.46544e-01
6.90950e+03 4.52371e-01
6.91000e+03 4.58298e-01
6.91050e+03 4.64238e-01
6.91100e+03 4.70096e-01
6.91150e+03 4.75870e-01
6.91200e+03 4.81833e-01
6.91250e+03 4.87801e-01
6.91300e+03 4.94044e-01
6.91350e+03 5.00102e-01
6.91400e+03 5.06069e-01
6.91450e+03 5.12130e-01
6.91500e+03 5.18102e-01
6.91550e+03 5.23799e-01
6.91600e+03 5.29866e-01
6.91650e+03 5.35567e-01
6.91700e+03 5.41269e-01
6.91750e+03 5.46879e-01
6.91800e+03 5.52948e-01
6.91850e+03 5.58649e-01
6.91900e+03 5.64541e-01
6.91950e+03 5.70348e-01
6.92000e+03 5.75980e-01
6.92050e+03 5.81903e-01
6.92100e+03 5.87653e-01
6.92150e+03 5.93226e-01
6.92200e+03 5.98988e-01
6.92250e+03 6.04475e-01
6.92300e+03 6.09960e-01
6.92350e+03 6.15445e-01
6.92400e+03 6.20837e-01
6.92450e+03 6.26139e-01
6.92500e+03 6.31442e-01
6.92550e+03 6.36839e-01
6.92600e+03 6.42145e-01
6.92650e+03 6.47452e-01
6.92700e+03 6.52854e-01
6.92750e+03 6.58069e-01
6.92800e+03 6.63004e-01
6.92850e+03 6.67937e-01
6.92900e+03 6.72596e-01
6.92950e+03 6.77634e-01
6.93000e+03 6.82498e-01
6.93050e+03 6.87190e-01
6.93100e+03 6.92174e-01
6.93150e+03 6.96977e-01
6.93200e+03 7.01692e-01
6.93250e+03 7.06496e-01
6.93300e+03 7.11205e-01
6.93350e+03 7.16010e-01
6.93400e+03 7.20534e-01
6.93450e+03 7.24967e-01
6.93500e+03 7.29400e-01
6.93550e+03 7.33648e-01
6.93600e+03 7.37988e-01
6.93650e+03 7.42237e-01
6.93700e+03 7.46487e-01
6.93750e+03 7.50736e-01
6.93800e+03 7.54888e-01
6.93850e+03 7.58851e-01
6.93900e+03 7.62818e-01
6.93950e+03 7.66791e-01
6.94000e+03 7.70589e-01
6.94050e+03 7.74121e-01
6.94100e+03 7.77851e-01
6.94150e+03 7.81211e-01
6.94200e+03 7.84758e-01
6.94250e+03 7.88114e-01
6.94300e+03 7.91658e-01
6.94350e+03 7.94826e-01
6.94400e+03 7.98182e-01
6.94450e+03 8.01632e-01
6.94500e+03 8.04988e-01
6.94550e+03 8.08157e-01
6.94600e+03 8.11136e-01
6.94650e+03 8.14399e-01
6.94700e+03 8.17380e-01
6.94750e+03 8.20360e-01
6.94800e+03 8.23055e-01
6.94850e+03 8.25840e-01
6.94900e+03 8.28909e-01
6.94950e+03 8.31701e-01
6.95000e+03 8.34412e-01
6.95050e+03 8.37231e-01
6.95100e+03 8.39681e-01
6.95150e+03 8.42323e-01
6.95200e+03 8.44867e-01
6.95250e+03 8.47220e-01
6.95300e+03 8.49856e-01
6.95350e+03 8.52209e-01
6.95400e+03 8.54183e-01
6.95450e+03 8.56629e-01
6.95500e+03 8.58791e-01
6.95550e+03 8.61047e-01
6.95600e+03 8.63302e-01
6.95650e+03 8.65935e-01
6.95700e+03 8.68001e-01
6.95750e+03 8.70254e-01
6.95800e+03 8.72128e-01
6.95850e+03 8.74185e-01
6.95900e+03 8.75674e-01
6.95950e+03 8.77831e-01
6.96000e+03 8.79430e-01
6.96050e+03 8.81330e-01
6.96100e+03 8.83238e-01
6.96150e+03 8.84765e-01
6.96200e+03 8.86384e-01
6.96250e+03 8.87812e-01
6.96300e+03 8.89144e-01
6.96350e+03 8.90569e-01
6.96400e+03 8.92184e-01
6.96450e+03 8.93608e-01
6.96500e+03 8.94460e-01
6.96550e+03 8.95786e-01
6.96600e+03 8.96922e-01
6.96650e+03 8.98437e-01
6.96700e+03 8.99475e-01
6.96750e+03 9.00987e-01
6.96800e+03 9.02214e-01
6.96850e+03 9.03244e-01
6.96900e+03 9.04081e-01
6.96950e+03 9.04922e-01
6.97000e+03 9.06441e-01
6.97050e+03 9.07404e-01
6.97100e+03 9.08372e-01
6.97150e+03 9.09050e-01
6.97200e+03 9.10108e-01
6.97250e+03 9.10878e-01
6.97300e+03 9.11742e-01
6.97350e+03 9.12701e-01
6.97400e+03 9.13659e-01
6.97450e+03 9.14233e-01
6.97500e+03 9.15284e-01
6.97550e+03 9.16047e-01
6.97600e+03 9.17001e-01
6.97650e+03 9.17475e-01
6.97700e+03 9.18042e-01
6.97750e+03 9.18705e-01
6.97800e+03 9.19750e-01
6.97850e+03 9.20636e-01
6.97900e+03 9.21545e-01
6.97950e+03 9.22406e-01
6.98000e+03 9.23056e-01
6.98050e+03 9.23753e-01
6.98100e+03 9.24236e-01
6.98150e+03 9.24442e-01
6.98200e+03 9.24647e-01
6.98250e+03 9.24950e-01
6.98300e+03 9.25444e-01
6.98350e+03 9.25649e-01
6.98400e+03 9.25855e-01
6.98450e+03 9.26060e-01
6.98500e+03 9.26362e-01
6.98550e+03 9.27048e-01
6.98600e+03 9.27061e-01
6.98650e+03 9.27554e-01
6.98700e+03 9.28143e-01
6.98750e+03 9.28541e-01
6.98800e+03 9.29227e-01
6.98850e+03 9.29720e-01
6.98900e+03 9.30116e-01
6.98950e+03 9.30226e-01
6.99000e+03 9.30815e-01
6.99050e+03 9.31406e-01
6.99100e+03 9.32092e-01
6.99150e+03 9.32394e-01
6.99200e+03 9.32792e-01
6.99250e+03 9.33190e-01
6.99300e+03 9.33780e-01
6.99350e+03 9.34562e-01
6.99400e+03 9.34672e-01
6.99450e+03 9.34974e-01
6.99500e+03 9.35276e-01
6.99550e+03 9.35962e-01
6.99600e+03 9.36360e-01
6.99650e+03 9.36469e-01
6.99700e+03 9.37059e-01
6.99750e+03 9.37745e-01
6.99800e+03 9.38623e-01
6.99850e+03 9.39117e-01
6.99900e+03 9.39516e-01
6.99950e+03 9.39915e-01
7.00000e+03 9.40693e-01
7.00050e+03 9.41466e-01
7.00100e+03 9.42431e-01
7.00150e+03 9.43109e-01
7.00200e+03 9.43594e-01
7.00250e+03 9.43983e-01
7.00300e+03 9.44564e-01
7.00350e+03 9.45242e-01
7.00400e+03 9.45822e-01
7.00450e+03 9.46307e-01
7.00500e+03 9.47081e-01
7.00550e+03 9.47950e-01
7.00600e+03 9.48628e-01
7.00650e+03 9.49113e-01
7.00700e+03 9.49405e-01
7.00750e+03 9.50467e-01
7.00800e+03 9.51433e-01
7.00850e+03 9.52398e-01
7.00900e+03 9.53074e-01
7.00950e+03 9.53176e-01
7.01000e+03 9.54236e-01
7.01050e+03 9.55202e-01
7.01100e+03 9.55784e-01
7.01150e+03 9.56557e-01
7.01200e+03 9.57330e-01
7.01250e+03 9.58488e-01
7.01300e+03 9.58781e-01
7.01350e+03 9.59746e-01
7.01400e+03 9.60039e-01
7.01450e+03 9.60909e-01
7.01500e+03 9.62067e-01
7.01550e+03 9.62744e-01
7.01600e+03 9.63614e-01
7.01650e+03 9.64388e-01
7.01700e+03 9.65065e-01
7.01750e+03 9.65550e-01
7.01800e+03 9.66324e-01
7.01850e+03 9.67289e-01
7.01900e+03 9.67871e-01
7.01950e+03 9.68548e-01
7.02000e+03 9.69033e-01
7.02050e+03 9.69615e-01
7.02100e+03 9.70100e-01
7.02150e+03 9.70393e-01
7.02200e+03 9.71070e-01
7.02250e+03 9.71748e-01
7.02300e+03 9.72521e-01
7.02350e+03 9.72910e-01
7.02400e+03 9.73492e-01
7.02450e+03 9.73977e-01
7.02500e+03 9.74655e-01
7.02550e+03 9.75331e-01
7.02600e+03 9.75241e-01
7.02650e+03 9.75630e-01
7.02700e+03 9.76307e-01
7.02750e+03 9.76601e-01
7.02800e+03 9.76894e-01
7.02850e+03 9.77091e-01
7.02900e+03 9.77767e-01
7.02950e+03 9.77964e-01
7.03000e+03 9.78642e-01
7.03050e+03 9.78839e-01
7.03100e+03 9.78844e-01
7.03150e+03 9.79425e-01
7.03200e+03 9.79430e-01
7.03250e+03 9.79434e-01
7.03300e+03 9.79632e-01
7.03350e+03 9.79829e-01
7.03400e+03 9.80217e-01
7.03450e+03 9.80222e-01
7.03500e+03 9.80516e-01
7.03550e+03 9.80905e-01
7.03600e+03 9.81102e-01
7.03650e+03 9.81011e-01
7.03700e+03 9.81497e-01
7.03750e+03 9.81597e-01
7.03800e+03 9.81602e-01
7.03850e+03 9.81702e-01
7.03900e+03 9.81611e-01
7.03950e+03 9.81520e-01
7.04000e+03 9.81428e-01
7.04050e+03 9.81145e-01
7.04100e+03 9.81054e-01
7.04150e+03 9.81442e-01
7.04200e+03 9.82024e-01
7.04250e+03 9.82124e-01
7.04300e+03 9.82321e-01
7.04350e+03 9.82229e-01
7.04400e+03 9.82233e-01
7.04450e+03 9.82526e-01
7.04500e+03 9.82626e-01
7.04550e+03 9.82823e-01
7.04600e+03 9.83211e-01
7.04650e+03 9.83408e-01
7.04700e+03 9.83700e-01
7.04750e+03 9.83801e-01
7.04800e+03 9.83806e-01
7.04850e+03 9.84003e-01
7.04900e+03 9.84103e-01
7.04950e+03 9.83819e-01
7.05000e+03 9.84016e-01
7.05050e+03 9.83731e-01
7.05100e+03 9.84025e-01
7.05150e+03 9.84221e-01
7.05200e+03 9.83842e-01
7.05250e+03 9.84134e-01
7.05300e+03 9.84139e-01
7.05350e+03 9.84432e-01
7.05400e+03 9.84342e-01
7.05450e+03 9.84539e-01
7.05500e+03 9.84928e-01
7.05550e+03 9.85030e-01
7.05600e+03 9.85131e-01
7.05650e+03 9.85328e-01
7.05700e+03 9.85525e-01
7.05750e+03 9.85338e-01
7.05800e+03 9.84958e-01
7.05850e+03 9.85155e-01
7.05900e+03 9.85064e-01
7.05950e+03 9.85069e-01
7.06000e+03 9.84977e-01
7.06050e+03 9.84598e-01
7.06100e+03 9.84314e-01
7.06150e+03 9.84223e-01
7.06200e+03 9.83555e-01
7.06250e+03 9.83464e-01
7.06300e+03 9.83084e-01
7.06350e+03 9.82896e-01
7.06400e+03 9.83382e-01
7.06450e+03 9.82906e-01
7.06500e+03 9.82720e-01
7.06550e+03 9.82916e-01
7.06600e+03 9.82345e-01
7.06650e+03 9.82445e-01
7.06700e+03 9.81874e-01
7.06750e+03 9.81398e-01
7.06800e+03 9.81498e-01
7.06850e+03 9.81408e-01
7.06900e+03 9.81220e-01
7.06950e+03 9.80937e-01
7.07000e+03 9.80941e-01
7.07050e+03 9.80850e-01
7.07100e+03 9.80375e-01
7.07150e+03 9.80090e-01
7.07200e+03 9.79904e-01
7.07250e+03 9.79812e-01
7.07300e+03 9.79529e-01
7.07350e+03 9.79533e-01
7.07400e+03 9.79538e-01
7.07450e+03 9.79351e-01
7.07500e+03 9.79355e-01
7.07550e+03 9.79553e-01
7.07600e+03 9.79653e-01
7.07650e+03 9.79947e-01
7.07700e+03 9.80336e-01
7.07750e+03 9.80438e-01
7.07800e+03 9.80538e-01
7.07850e+03 9.80639e-01
7.07900e+03 9.80740e-01
7.07950e+03 9.80841e-01
7.08000e+03 9.80365e-01
7.08050e+03 9.80466e-01
7.08100e+03 9.80471e-01
7.08150e+03 9.80667e-01
7.08200e+03 9.80961e-01
7.08250e+03 9.81061e-01
7.08300e+03 9.81065e-01
7.08350e+03 9.80974e-01
7.08400e+03 9.80497e-01
7.08450e+03 9.80404e-01
7.08500e+03 9.80505e-01
7.08550e+03 9.80510e-01
7.08600e+03 9.80802e-01
7.08650e+03 9.80614e-01
7.08700e+03 9.80714e-01
7.08750e+03 9.80718e-01
7.08800e+03 9.80722e-01
7.08850e+03 9.80535e-01
7.08900e+03 9.80828e-01
7.08950e+03 9.80928e-01
7.09000e+03 9.81317e-01
7.09050e+03 9.81417e-01
7.09100e+03 9.81518e-01
7.09150e+03 9.81523e-01
7.09200e+03 9.81431e-01
7.09250e+03 9.81435e-01
7.09300e+03 9.81440e-01
7.09350e+03 9.81445e-01
7.09400e+03 9.81450e-01
7.09450e+03 9.81647e-01
7.09500e+03 9.81748e-01
7.09550e+03 9.81369e-01
7.09600e+03 9.81181e-01
7.09650e+03 9.81571e-01
7.09700e+03 9.81767e-01
7.09750e+03 9.81964e-01
7.09800e+03 9.81681e-01
7.09850e+03 9.81878e-01
7.09900e+03 9.82363e-01
7.09950e+03 9.82849e-01
7.10000e+03 9.83430e-01
7.10050e+03 9.83723e-01
7.10100e+03 9.83633e-01
7.10150e+03 9.83734e-01
7.10200e+03 9.83548e-01
7.10250e+03 9.83553e-01
7.10300e+03 9.83847e-01
7.10350e+03 9.84237e-01
7.10400e+03 9.84146e-01
7.10450e+03 9.84537e-01
7.10500e+03 9.84253e-01
7.10550e+03 9.84451e-01
7.10600e+03 9.84554e-01
7.10650e+03 9.84462e-01
7.10700e+03 9.84180e-01
7.10750e+03 9.84281e-01
7.10800e+03 9.84576e-01
7.10850e+03 9.84485e-01
7.10900e+03 9.84876e-01
7.10950e+03 9.84688e-01
7.11000e+03 9.84885e-01
7.11050e+03 9.84889e-01
7.11100e+03 9.85086e-01
7.11150e+03 9.85282e-01
7.11200e+03 9.85575e-01
7.11250e+03 9.85771e-01
7.11300e+03 9.85584e-01
7.11350e+03 9.85588e-01
7.11400e+03 9.85976e-01
7.11450e+03 9.85980e-01
7.11500e+03 9.86081e-01
7.11550e+03 9.85988e-01
7.11600e+03 9.85897e-01
7.11650e+03 9.86093e-01
7.11700e+03 9.86578e-01
7.11750e+03 9.86966e-01
7.11800e+03 9.87643e-01
7.11850e+03 9.88128e-01
7.11900e+03 9.88228e-01
7.11950e+03 9.88329e-01
7.12000e+03 9.88718e-01
7.12050e+03 9.89108e-01
7.12100e+03 9.89498e-01
7.12150e+03 9.89598e-01
7.12200e+03 9.89508e-01
7.12250e+03 9.89896e-01
7.12300e+03 9.90575e-01
7.12350e+03 9.90772e-01
7.12400e+03 9.90873e-01
7.12450e+03 9.91070e-01
7.12500e+03 9.91075e-01
7.12550e+03 9.91368e-01
7.12600e+03 9.91565e-01
7.12650e+03 9.91570e-01
7.12700e+03 9.91960e-01
7.12750e+03 9.92253e-01
7.12800e+03 9.92739e-01
7.12850e+03 9.93032e-01
7.12900e+03 9.93614e-01
7.12950e+03 9.94004e-01
7.13000e+03 9.94489e-01
7.13050e+03 9.94974e-01
7.13100e+03 9.95364e-01
7.13150e+03 9.95560e-01
7.13200e+03 9.95949e-01
7.13250e+03 9.96339e-01
7.13300e+03 9.96534e-01
7.13350e+03 9.96828e-01
7.13400e+03 9.96833e-01
7.13450e+03 9.96933e-01
7.13500e+03 9.97130e-01
7.13550e+03 9.97256e-01
7.13600e+03 9.97881e-01
7.13650e+03 9.98199e-01
7.13700e+03 9.98642e-01
7.13750e+03 9.99355e-01
7.13800e+03 1.00000e+00
7.13850e+03 9.99951e-01
7.13900e+03 9.99640e-01
7.13950e+03 9.99692e-01
7.14000e+03 9.99097e-01
7.14050e+03 9.98254e-01
7.14100e+03 9.97202e-01
7.14150e+03 9.96544e-01
7.14200e+03 9.95886e-01
7.14250e+03 9.95227e-01
7.14300e+03 9.94282e-01
7.14350e+03 9.93434e-01
7.14400e+03 9.91917e-01
7.14450e+03 9.90592e-01
7.14500e+03 9.89555e-01
7.14550e+03 9.88235e-01
7.14600e+03 9.87013e-01
7.14650e+03 9.85792e-01
7.14700e+03 9.84667e-01
7.14750e+03 9.83923e-01
7.14800e+03 9.82419e-01
7.14850e+03 9.80915e-01
7.14900e+03 9.79504e-01
7.14950e+03 9.77998e-01
7.15000e+03 9.76299e-01
7.15050e+03 9.74694e-01
7.15100e+03 9.73278e-01
7.15150e+03 9.71772e-01
7.15200e+03 9.70454e-01
7.15250e+03 9.68855e-01
7.15300e+03 9.67164e-01
7.15350e+03 9.65287e-01
7.15400e+03 9.63506e-01
7.15450e+03 9.62197e-01
7.15500e+03 9.61077e-01
7.15550e+03 9.59492e-01
7.15600e+03 9.58002e-01
7.15650e+03 9.56422e-01
7.15700e+03 9.54656e-01
7.15750e+03 9.53171e-01
7.15800e+03 9.51127e-01
7.15850e+03 9.48991e-01
7.15900e+03 9.47043e-01
7.15950e+03 9.45280e-01
7.16000e+03 9.43701e-01
7.16050e+03 9.42122e-01
7.16100e+03 9.40265e-01
7.16150e+03 9.38504e-01
7.16200e+03 9.36281e-01
7.16250e+03 9.33691e-01
7.16300e+03 9.31752e-01
7.16350e+03 9.29723e-01
7.16400e+03 9.27605e-01
7.16450e+03 9.25489e-01
7.16500e+03 9.23377e-01
7.16550e+03 9.21546e-01
7.16600e+03 9.19808e-01
7.16650e+03 9.17889e-01
7.16700e+03 9.16156e-01
7.16750e+03 9.14149e-01
7.16800e+03 9.11868e-01
7.16850e+03 9.09405e-01
7.16900e+03 9.07311e-01
7.16950e+03 9.05125e-01
7.17000e+03 9.03122e-01
7.17050e+03 9.00662e-01
7.17100e+03 8.97932e-01
7.17150e+03 8.95206e-01
7.17200e+03 8.92393e-01
7.17250e+03 8.90038e-01
7.17300e+03 8.87958e-01
7.17350e+03 8.85519e-01
7.17400e+03 8.83161e-01
7.17450e+03 8.80699e-01
7.17500e+03 8.78049e-01
7.17550e+03 8.75161e-01
7.17600e+03 8.72342e-01
7.17650e+03 8.69807e-01
7.17700e+03 8.66784e-01
7.17750e+03 8.64206e-01
7.17800e+03 8.61662e-01
7.17850e+03 8.59542e-01
7.17900e+03 8.57077e-01
7.17950e+03 8.54477e-01
7.18000e+03 8.52855e-01
7.18050e+03 8.51314e-01
7.18100e+03 8.49997e-01
7.18150e+03 8.47944e-01
7.18200e+03 8.46214e-01
7.18250e+03 8.44482e-01
7.18300e+03 8.42389e-01
7.18350e+03 8.40744e-01
7.18400e+03 8.38826e-01
7.18450e+03 8.36997e-01
7.18500e+03 8.35165e-01
7.18550e+03 8.33152e-01
7.18600e+03 8.30957e-01
7.18650e+03 8.28849e-01
7.18700e+03 8.26830e-01
7.18750e+03 8.24989e-01
7.18800e+03 8.23146e-01
7.18850e+03 8.20852e-01
7.18900e+03 8.18735e-01
7.18950e+03 8.15895e-01
7.19000e+03 8.13593e-01
7.19050e+03 8.11291e-01
7.19100e+03 8.08535e-01
7.19150e+03 8.06137e-01
7.19200e+03 8.03195e-01
7.19250e+03 8.00340e-01
7.19300e+03 7.97573e-01
7.19350e+03 7.94985e-01
7.19400e+03 7.92213e-01
7.19450e+03 7.89166e-01
7.19500e+03 7.86297e-01
7.19550e+03 7.83607e-01
7.19600e+03 7.81006e-01
7.19650e+03 7.77857e-01
7.19700e+03 7.74615e-01
7.19750e+03 7.71734e-01
7.19800e+03 7.68305e-01
7.19850e+03 7.65147e-01
7.19900e+03 7.61895e-01
7.19950e+03 7.58277e-01
7.20000e+03 7.55293e-01
7.20050e+03 7.52035e-01
7.20100e+03 7.48410e-01
7.20150e+03 7.44963e-01
7.20200e+03 7.41422e-01
7.20250e+03 7.38244e-01
7.20300e+03 7.34606e-01
7.20350e+03 7.31055e-01
7.20400e+03 7.27045e-01
7.20450e+03 7.23580e-01
7.20500e+03 7.19747e-01
7.20550e+03 7.16000e-01
7.20600e+03 7.12069e-01
7.20650e+03 7.08134e-01
7.20700e+03 7.04469e-01
7.20750e+03 7.00619e-01
7.20800e+03 6.97133e-01
7.20850e+03 6.93093e-01
7.20900e+03 6.89326e-01
7.20950e+03 6.85005e-01
7.21000e+03 6.81231e-01
7.21050e+03 6.77362e-01
7.21100e+03 6.73032e-01
7.21150e+03 6.68789e-01
7.21200e+03 6.63992e-01
7.21250e+03 6.59927e-01
7.21300e+03 6.55872e-01
7.21350e+03 6.51370e-01
7.21400e+03 6.47061e-01
7.21450e+03 6.42848e-01
7.21500e+03 6.38266e-01
7.21550e+03 6.33864e-01
7.21600e+03 6.28990e-01
7.21650e+03 6.24657e-01
7.21700e+03 6.20584e-01
7.21750e+03 6.16118e-01
7.21800e+03 6.11536e-01
7.21850e+03 6.06833e-01
7.21900e+03 6.02559e-01
7.21950e+03 5.97602e-01
7.22000e+03 5.93253e-01
7.22050e+03 5.88403e-01
7.22100e+03 5.83619e-01
7.22150e+03 5.78916e-01
7.22200e+03 5.74127e-01
7.22250e+03 5.69529e-01
7.22300e+03 5.64652e-01
7.22350e+03 5.59684e-01
7.22400e+03 5.54807e-01
7.22450e+03 5.49837e-01
7.22500e+03 5.44959e-01
7.22550e+03 5.39988e-01
7.22600e+03 5.35201e-01
7.22650e+03 5.30416e-01
7.22700e+03 5.25629e-01
7.22750e+03 5.21118e-01
7.22800e+03 5.16793e-01
7.22850e+03 5.12098e-01
7.22900e+03 5.06940e-01
7.22950e+03 5.02151e-01
7.23000e+03 4.97547e-01
7.23050e+03 4.92758e-01
7.23100e+03 4.88246e-01
7.23150e+03 4.83457e-01
7.23200e+03 4.78758e-01
7.23250e+03 4.74338e-01
7.23300e+03 4.69361e-01
7.23350e+03 4.64477e-01
7.23400e+03 4.59963e-01
7.23450e+03 4.54985e-01
7.23500e+03 4.50099e-01
7.23550e+03 4.45305e-01
7.23600e+03 4.40419e-01
7.23650e+03 4.35716e-01
7.23700e+03 4.30922e-01
7.23750e+03 4.26219e-01
7.23800e+03 4.21608e-01
7.23850e+03 4.16812e-01
7.23900e+03 4.12386e-01
7.23950e+03 4.07867e-01
7.24000e+03 4.03440e-01
7.24050e+03 3.98735e-01
7.24100e+03 3.94214e-01
7.24150e+03 3.89694e-01
7.24200e+03 3.84802e-01
7.24250e+03 3.80002e-01
7.24300e+03 3.75665e-01
7.24350e+03 3.70772e-01
7.24400e+03 3.66342e-01
7.24450e+03 3.61541e-01
7.24500e+03 3.57294e-01
7.24550e+03 3.52863e-01
7.24600e+03 3.48246e-01
7.24650e+03 3.43814e-01
7.24700e+03 3.39288e-01
7.24750e+03 3.34948e-01
7.24800e+03 3.30514e-01
7.24850e+03 3.25894e-01
7.24900e+03 3.21553e-01
7.24950e+03 3.17117e-01
7.25000e+03 3.12775e-01
7.25050e+03 3.08710e-01
7.25100e+03 3.04274e-01
7.25150e+03 3.00115e-01
7.25200e+03 2.95956e-01
7.25250e+03 2.91889e-01
7.25300e+03 2.87730e-01
7.25350e+03 2.83755e-01
7.25400e+03 2.79594e-01
7.25450e+03 2.75526e-01
7.25500e+03 2.71458e-01
7.25550e+03 2.67389e-01
7.25600e+03 2.63320e-01
7.25650e+03 2.59436e-01
7.25700e+03 2.55551e-01
7.25750e+03 2.51666e-01
7.25800e+03 2.47966e-01
7.25850e+03 2.44081e-01
7.25900e+03 2.40103e-01
7.25950e+03 2.36496e-01
7.26000e+03 2.32423e-01
7.26050e+03 2.29094e-01
7.26100e+03 2.25299e-01
7.26150e+03 2.21876e-01
7.26200e+03 2.18453e-01
7.26250e+03 2.14936e-01
7.26300e+03 2.11605e-01
7.26350e+03 2.08273e-01
7.26400e+03 2.04755e-01
7.26450e+03 2.01423e-01
7.26500e+03 1.97998e-01
7.26550e+03 1.94665e-01
7.26600e+03 1.91331e-01
7.26650e+03 1.88091e-01
7.26700e+03 1.84943e-01
7.26750e+03 1.81888e-01
7.26800e+03 1.78739e-01
7.26850e+03 1.75589e-01
7.26900e+03 1.72440e-01
7.26950e+03 1.69384e-01
7.27000e+03 1.66326e-01
7.27050e+03 1.63269e-01
7.27100e+03 1.60304e-01
7.27150e+03 1.57432e-01
7.27200e+03 1.54653e-01
7.27250e+03 1.52059e-01
7.27300e+03 1.49279e-01
7.27350e+03 1.46499e-01
7.27400e+03 1.43719e-01
7.27450e+03 1.41309e-01
7.27500e+03 1.38807e-01
7.27550e+03 1.36119e-01
7.27600e+03 1.33616e-01
7.27650e+03 1.31113e-01
7.27700e+03 1.28703e-01
7.27750e+03 1.26107e-01
7.27800e+03 1.23603e-01
7.27850e+03 1.21285e-01
7.27900e+03 1.18875e-01
7.27950e+03 1.16649e-01
7.28000e+03 1.14609e-01
7.28050e+03 1.12290e-01
7.28100e+03 1.10250e-01
7.28150e+03 1.08117e-01
7.28200e+03 1.06076e-01
7.28250e+03 1.04129e-01
7.28300e+03 1.02088e-01
7.28350e+03 1.00140e-01
7.28400e+03 9.80988e-02
7.28450e+03 9.61504e-02
7.28500e+03 9.44809e-02
7.28550e+03 9.26624e-02
7.28600e+03 9.08065e-02
7.28650e+03 8.91549e-02
7.28700e+03 8.73081e-02
7.28750e+03 8.55261e-02
7.28800e+03 8.37533e-02
7.28850e+03 8.18966e-02
7.28900e+03 8.01699e-02
7.28950e+03 7.85734e-02
7.29000e+03 7.70698e-02
7.29050e+03 7.52870e-02
7.29100e+03 7.38854e-02
7.29150e+03 7.26326e-02
7.29200e+03 7.10820e-02
7.29250e+03 6.94939e-02
7.29300e+03 6.81012e-02
7.29350e+03 6.65872e-02
7.29400e+03 6.54063e-02
7.29450e+03 6.39726e-02
7.29500e+03 6.27238e-02
7.29550e+03 6.13816e-02
7.29600e+03 6.00301e-02
7.29650e+03 5.88003e-02
7.29700e+03 5.74782e-02
7.29750e+03 5.62971e-02
7.29800e+03 5.51550e-02
7.29850e+03 5.39033e-02
7.29900e+03 5.28215e-02
7.29950e+03 5.17051e-02
7.30000e+03 5.05449e-02
7.30050e+03 4.95366e-02
7.30100e+03 4.84000e-02
7.30150e+03 4.74695e-02
7.30200e+03 4.64834e-02
7.30250e+03 4.55434e-02
7.30300e+03 4.46956e-02
7.30350e+03 4.37901e-02
7.30400e+03 4.28365e-02
7.30450e+03 4.19195e-02
7.30500e+03 4.10578e-02
7.30550e+03 4.02329e-02
7.30600e+03 3.92856e-02
7.30650e+03 3.85435e-02
7.30700e+03 3.77164e-02
7.30750e+03 3.68606e-02
7.30800e+03 3.60602e-02
7.30850e+03 3.53999e-02
7.30900e+03 3.46733e-02
7.30950e+03 3.39649e-02
7.31000e+03 3.32278e-02
7.31050e+03 3.25181e-02
7.31100e+03 3.17139e-02
7.31150e+03 3.10877e-02
7.31200e+03 3.04233e-02
7.31250e+03 2.98149e-02
7.31300e+03 2.92717e-02
7.31350e+03 2.86246e-02
7.31400e+03 2.81182e-02
7.31450e+03 2.74889e-02
7.31500e+03 2.68873e-02
7.31550e+03 2.62757e-02
7.31600e+03 2.58996e-02
7.31650e+03 2.52872e-02
7.31700e+03 2.47214e-02
7.31750e+03 2.42025e-02
7.31800e+03 2.36736e-02
7.31850e+03 2.32294e-02
7.31900e+03 2.26903e-02
7.31950e+03 2.21791e-02
7.32000e+03 2.17242e-02
7.32050e+03 2.13448e-02
7.32100e+03 2.08892e-02
7.32150e+03 2.04523e-02
7.32200e+03 2.01383e-02
7.32250e+03 1.98239e-02
7.32300e+03 1.93859e-02
7.32350e+03 1.89572e-02
7.32400e+03 1.86040e-02
7.32450e+03 1.81934e-02
7.32500e+03 1.78682e-02
7.32550e+03 1.75996e-02
7.32600e+03 1.72262e-02
7.32650e+03 1.69477e-02
7.32700e+03 1.67357e-02
7.32750e+03 1.63805e-02
7.32800e+03 1.61108e-02
7.32850e+03 1.57837e-02
7.32900e+03 1.54659e-02
7.32950e+03 1.51955e-02
7.33000e+03 1.48676e-02
7.33050e+03 1.45777e-02
7.33100e+03 1.42970e-02
7.33150e+03 1.40353e-02
7.33200e+03 1.37637e-02
7.33250e+03 1.35874e-02
7.33300e+03 1.32964e-02
7.33350e+03 1.29955e-02
7.33400e+03 1.26943e-02
7.33450e+03 1.23454e-02
7.33500e+03 1.21305e-02
7.33550e+03 1.19541e-02
7.33600e+03 1.17200e-02
7.33650e+03 1.16104e-02
7.33700e+03 1.14142e-02
7.33750e+03 1.12656e-02
7.33800e+03 1.10685e-02
7.33850e+03 1.07362e-02
7.33900e+03 1.05763e-02
7.33950e+03 1.03291e-02
7.34000e+03 1.01581e-02
7.34050e+03 9.96706e-03
7.34100e+03 9.77536e-03
7.34150e+03 9.52833e-03
7.34200e+03 9.39643e-03
7.34250e+03 9.16044e-03
7.34300e+03 8.88208e-03
7.34350e+03 8.70481e-03
7.34400e+03 8.54408e-03
7.34450e+03 8.35276e-03
7.34500e+03 8.08928e-03
7.34550e+03 7.97202e-03
7.34600e+03 7.85381e-03
7.34650e+03 7.70769e-03
7.34700e+03 7.48748e-03
7.34750e+03 7.32595e-03
7.34800e+03 7.17982e-03
7.34850e+03 7.01828e-03
7.34900e+03 6.87116e-03
7.34950e+03 6.75389e-03
7.35000e+03 6.65103e-03
7.35050e+03 6.56356e-03
7.35100e+03 6.48958e-03
7.35150e+03 6.37228e-03
7.35200e+03 6.28480e-03
7.35250e+03 6.05010e-03
7.35300e+03 6.00592e-03
7.35350e+03 5.81451e-03
7.35400e+03 5.68276e-03
7.35450e+03 5.66841e-03
7.35500e+03 5.52126e-03
7.35550e+03 5.46265e-03
7.35600e+03 5.34534e-03
7.35650e+03 5.25785e-03
7.35700e+03 5.11069e-03
7.35750e+03 4.94909e-03
7.35800e+03 4.84618e-03
7.35850e+03 4.74423e-03
7.35900e+03 4.75873e-03
7.35950e+03 4.70006e-03
7.36000e+03 4.58267e-03
7.36050e+03 4.56729e-03
7.36100e+03 4.52399e-03
7.36150e+03 4.42100e-03
7.36200e+03 4.30356e-03
7.36250e+03 4.21501e-03
7.36300e+03 4.21500e-03
7.36350e+03 4.18611e-03
7.36400e+03 4.14182e-03
7.36450e+03 4.06867e-03
7.36500e+03 4.02438e-03
7.36550e+03 3.96567e-03
7.36600e+03 3.90696e-03
7.36650e+03 3.84823e-03
7.36700e+03 3.74524e-03
7.36750e+03 3.62782e-03
7.36800e+03 3.58353e-03
7.36850e+03 3.58353e-03
7.36900e+03 3.53926e-03
7.36950e+03 3.51038e-03
7.37000e+03 3.46610e-03
7.37050e+03 3.42182e-03
7.37100e+03 3.36311e-03
7.37150e+03 3.30439e-03
7.37200e+03 3.27551e-03
7.37250e+03 3.26012e-03
7.37300e+03 3.21680e-03
7.37350e+03 3.17252e-03
7.37400e+03 3.04066e-03
7.37450e+03 2.98194e-03
7.37500e+03 2.93767e-03
7.37550e+03 2.82023e-03
7.37600e+03 2.82023e-03
7.37650e+03 2.71724e-03
7.37700e+03 2.73168e-03
7.37750e+03 2.68740e-03
7.37800e+03 2.64409e-03
7.37850e+03 2.67296e-03
7.37900e+03 2.64409e-03
7.37950e+03 2.59981e-03
7.38000e+03 2.58537e-03
7.38050e+03 2.56997e-03
7.38100e+03 2.55553e-03
7.38150e+03 2.56997e-03
7.38200e+03 2.56997e-03
7.38250e+03 2.52666e-03
7.38300e+03 2.46698e-03
7.38350e+03 2.45254e-03
7.38400e+03 2.39383e-03
7.38450e+03 2.34955e-03
7.38500e+03 2.29084e-03
7.38550e+03 2.26196e-03
7.38600e+03 2.26197e-03
7.38650e+03 2.17341e-03
7.38700e+03 2.13010e-03
7.38750e+03 2.04154e-03
7.38800e+03 2.01171e-03
7.38850e+03 1.92412e-03
7.38900e+03 1.92412e-03
7.38950e+03 1.92412e-03
7.39000e+03 1.95300e-03
7.39050e+03 1.96839e-03
7.39100e+03 1.92412e-03
7.39150e+03 1.95300e-03
7.39200e+03 1.89428e-03
7.39250e+03 1.86540e-03
7.39300e+03 1.79225e-03
7.39350e+03 1.71813e-03
7.39400e+03 1.65942e-03
7.39450e+03 1.54199e-03
7.39500e+03 1.51311e-03
7.39550e+03 1.43899e-03
7.39600e+03 1.32156e-03
7.39650e+03 1.27825e-03
7.39700e+03 1.20413e-03
7.39750e+03 1.15986e-03
7.39800e+03 1.08671e-03
