# Filter name : Subaru/Suprime.IB827
# Description : Suprime IB827 filter  (full transmission)
# Photometric system : Suprime
# FilterType : photon
# Band name : ------
# Observatory : Subaru
# Instrument : Suprime
# Comments : ------
# 
7.95200e+03 0.00000e+00
7.95250e+03 1.30605e-03
7.95300e+03 1.30593e-03
7.95350e+03 1.30605e-03
7.95400e+03 1.30605e-03
7.95450e+03 1.30568e-03
7.95500e+03 1.30544e-03
7.95550e+03 1.30519e-03
7.95600e+03 0.00000e+00
7.95650e+03 1.30543e-03
7.95700e+03 1.30554e-03
7.95750e+03 1.30530e-03
7.95800e+03 1.30529e-03
7.95850e+03 1.30529e-03
7.95900e+03 1.30480e-03
7.95950e+03 0.00000e+00
7.96000e+03 1.30370e-03
7.96050e+03 1.30467e-03
7.96100e+03 1.30454e-03
7.96150e+03 1.30454e-03
7.96200e+03 0.00000e+00
7.96250e+03 0.00000e+00
7.96300e+03 0.00000e+00
7.96350e+03 0.00000e+00
7.96400e+03 0.00000e+00
7.96450e+03 0.00000e+00
7.96500e+03 0.00000e+00
7.96550e+03 0.00000e+00
7.96600e+03 0.00000e+00
7.96650e+03 0.00000e+00
7.96700e+03 1.30426e-03
7.96750e+03 1.30401e-03
7.96800e+03 1.57880e-03
7.96850e+03 1.57759e-03
7.96900e+03 1.57758e-03
7.96950e+03 1.57746e-03
7.97000e+03 1.57746e-03
7.97050e+03 1.83557e-03
7.97100e+03 1.83593e-03
7.97150e+03 2.09368e-03
7.97200e+03 2.35070e-03
7.97250e+03 2.62499e-03
7.97300e+03 2.62438e-03
7.97350e+03 2.62522e-03
7.97400e+03 2.88187e-03
7.97450e+03 2.88235e-03
7.97500e+03 3.14166e-03
7.97550e+03 3.39964e-03
7.97600e+03 3.67610e-03
7.97650e+03 3.67669e-03
7.97700e+03 3.67693e-03
7.97750e+03 3.67631e-03
7.97800e+03 3.93187e-03
7.97850e+03 3.93404e-03
7.97900e+03 4.19201e-03
7.97950e+03 4.19297e-03
7.98000e+03 4.45010e-03
7.98050e+03 4.72462e-03
7.98100e+03 4.98344e-03
7.98150e+03 4.72605e-03
7.98200e+03 4.98571e-03
7.98250e+03 5.24526e-03
7.98300e+03 4.98763e-03
7.98350e+03 5.50624e-03
7.98400e+03 5.50659e-03
7.98450e+03 5.51008e-03
7.98500e+03 5.50910e-03
7.98550e+03 6.04472e-03
7.98600e+03 6.30304e-03
7.98650e+03 6.30640e-03
7.98700e+03 6.30445e-03
7.98750e+03 6.56481e-03
7.98800e+03 6.56636e-03
7.98850e+03 6.56839e-03
7.98900e+03 6.57200e-03
7.98950e+03 6.84951e-03
7.99000e+03 6.84949e-03
7.99050e+03 7.11111e-03
7.99100e+03 7.11185e-03
7.99150e+03 7.11930e-03
7.99200e+03 7.37466e-03
7.99250e+03 7.65195e-03
7.99300e+03 8.17052e-03
7.99350e+03 8.42943e-03
7.99400e+03 8.43115e-03
7.99450e+03 8.43080e-03
7.99500e+03 8.70959e-03
7.99550e+03 9.22827e-03
7.99600e+03 9.22989e-03
7.99650e+03 9.49295e-03
7.99700e+03 9.77410e-03
7.99750e+03 1.00356e-02
7.99800e+03 1.02938e-02
7.99850e+03 1.05558e-02
7.99900e+03 1.10885e-02
7.99950e+03 1.16060e-02
8.00000e+03 1.18790e-02
8.00050e+03 1.24031e-02
8.00100e+03 1.26607e-02
8.00150e+03 1.29339e-02
8.00200e+03 1.31998e-02
8.00250e+03 1.37129e-02
8.00300e+03 1.42513e-02
8.00350e+03 1.47739e-02
8.00400e+03 1.55676e-02
8.00450e+03 1.60971e-02
8.00500e+03 1.66120e-02
8.00550e+03 1.74076e-02
8.00600e+03 1.79474e-02
8.00650e+03 1.87306e-02
8.00700e+03 1.92642e-02
8.00750e+03 2.00506e-02
8.00800e+03 2.05766e-02
8.00850e+03 2.13675e-02
8.00900e+03 2.21618e-02
8.00950e+03 2.32220e-02
8.01000e+03 2.37486e-02
8.01050e+03 2.47964e-02
8.01100e+03 2.55790e-02
8.01150e+03 2.61208e-02
8.01200e+03 2.68960e-02
8.01250e+03 2.79549e-02
8.01300e+03 2.89919e-02
8.01350e+03 2.98001e-02
8.01400e+03 3.05841e-02
8.01450e+03 3.18907e-02
8.01500e+03 3.26976e-02
8.01550e+03 3.34885e-02
8.01600e+03 3.47958e-02
8.01650e+03 3.58549e-02
8.01700e+03 3.71707e-02
8.01750e+03 3.79538e-02
8.01800e+03 3.92652e-02
8.01850e+03 4.05834e-02
8.01900e+03 4.16299e-02
8.01950e+03 4.29176e-02
8.02000e+03 4.42339e-02
8.02050e+03 4.57924e-02
8.02100e+03 4.70889e-02
8.02150e+03 4.86455e-02
8.02200e+03 4.99282e-02
8.02250e+03 5.15128e-02
8.02300e+03 5.33357e-02
8.02350e+03 5.49076e-02
8.02400e+03 5.67380e-02
8.02450e+03 5.85896e-02
8.02500e+03 5.99133e-02
8.02550e+03 6.15136e-02
8.02600e+03 6.33507e-02
8.02650e+03 6.54753e-02
8.02700e+03 6.73108e-02
8.02750e+03 6.96632e-02
8.02800e+03 7.14910e-02
8.02850e+03 7.38274e-02
8.02900e+03 7.61920e-02
8.02950e+03 7.85004e-02
8.03000e+03 8.06120e-02
8.03050e+03 8.32319e-02
8.03100e+03 8.56153e-02
8.03150e+03 8.79562e-02
8.03200e+03 9.03349e-02
8.03250e+03 9.26638e-02
8.03300e+03 9.53031e-02
8.03350e+03 9.79824e-02
8.03400e+03 1.00592e-01
8.03450e+03 1.03468e-01
8.03500e+03 1.06635e-01
8.03550e+03 1.09546e-01
8.03600e+03 1.12403e-01
8.03650e+03 1.15369e-01
8.03700e+03 1.18495e-01
8.03750e+03 1.21612e-01
8.03800e+03 1.24723e-01
8.03850e+03 1.28132e-01
8.03900e+03 1.31338e-01
8.03950e+03 1.34948e-01
8.04000e+03 1.38307e-01
8.04050e+03 1.41976e-01
8.04100e+03 1.45823e-01
8.04150e+03 1.49455e-01
8.04200e+03 1.52751e-01
8.04250e+03 1.56606e-01
8.04300e+03 1.60925e-01
8.04350e+03 1.64836e-01
8.04400e+03 1.69007e-01
8.04450e+03 1.73260e-01
8.04500e+03 1.77058e-01
8.04550e+03 1.81367e-01
8.04600e+03 1.85758e-01
8.04650e+03 1.90195e-01
8.04700e+03 1.94499e-01
8.04750e+03 1.99124e-01
8.04800e+03 2.03842e-01
8.04850e+03 2.08309e-01
8.04900e+03 2.12907e-01
8.04950e+03 2.17527e-01
8.05000e+03 2.22992e-01
8.05050e+03 2.27492e-01
8.05100e+03 2.32515e-01
8.05150e+03 2.37631e-01
8.05200e+03 2.42699e-01
8.05250e+03 2.48195e-01
8.05300e+03 2.53250e-01
8.05350e+03 2.58768e-01
8.05400e+03 2.64320e-01
8.05450e+03 2.69359e-01
8.05500e+03 2.74457e-01
8.05550e+03 2.79575e-01
8.05600e+03 2.84692e-01
8.05650e+03 2.89864e-01
8.05700e+03 2.95948e-01
8.05750e+03 3.01909e-01
8.05800e+03 3.08115e-01
8.05850e+03 3.13678e-01
8.05900e+03 3.18871e-01
8.05950e+03 3.24751e-01
8.06000e+03 3.30655e-01
8.06050e+03 3.36509e-01
8.06100e+03 3.42790e-01
8.06150e+03 3.48962e-01
8.06200e+03 3.54623e-01
8.06250e+03 3.60177e-01
8.06300e+03 3.66689e-01
8.06350e+03 3.73128e-01
8.06400e+03 3.79566e-01
8.06450e+03 3.86085e-01
8.06500e+03 3.92449e-01
8.06550e+03 3.99345e-01
8.06600e+03 4.04972e-01
8.06650e+03 4.11722e-01
8.06700e+03 4.17951e-01
8.06750e+03 4.24438e-01
8.06800e+03 4.31067e-01
8.06850e+03 4.37504e-01
8.06900e+03 4.43952e-01
8.06950e+03 4.51003e-01
8.07000e+03 4.57259e-01
8.07050e+03 4.64059e-01
8.07100e+03 4.71364e-01
8.07150e+03 4.77790e-01
8.07200e+03 4.85203e-01
8.07250e+03 4.91465e-01
8.07300e+03 4.96859e-01
8.07350e+03 5.03786e-01
8.07400e+03 5.10273e-01
8.07450e+03 5.16957e-01
8.07500e+03 5.24240e-01
8.07550e+03 5.30979e-01
8.07600e+03 5.37764e-01
8.07650e+03 5.44630e-01
8.07700e+03 5.50895e-01
8.07750e+03 5.57727e-01
8.07800e+03 5.64853e-01
8.07850e+03 5.72238e-01
8.07900e+03 5.78418e-01
8.07950e+03 5.84726e-01
8.08000e+03 5.91434e-01
8.08050e+03 5.98508e-01
8.08100e+03 6.05511e-01
8.08150e+03 6.11901e-01
8.08200e+03 6.18809e-01
8.08250e+03 6.24937e-01
8.08300e+03 6.31842e-01
8.08350e+03 6.38543e-01
8.08400e+03 6.44546e-01
8.08450e+03 6.50980e-01
8.08500e+03 6.57798e-01
8.08550e+03 6.63410e-01
8.08600e+03 6.69498e-01
8.08650e+03 6.76087e-01
8.08700e+03 6.81813e-01
8.08750e+03 6.88205e-01
8.08800e+03 6.95101e-01
8.08850e+03 7.02006e-01
8.08900e+03 7.09581e-01
8.08950e+03 7.15697e-01
8.09000e+03 7.22438e-01
8.09050e+03 7.28100e-01
8.09100e+03 7.34130e-01
8.09150e+03 7.39177e-01
8.09200e+03 7.45893e-01
8.09250e+03 7.51486e-01
8.09300e+03 7.57420e-01
8.09350e+03 7.63137e-01
8.09400e+03 7.69018e-01
8.09450e+03 7.74411e-01
8.09500e+03 7.79814e-01
8.09550e+03 7.86198e-01
8.09600e+03 7.91803e-01
8.09650e+03 7.96694e-01
8.09700e+03 8.01227e-01
8.09750e+03 8.07136e-01
8.09800e+03 8.11697e-01
8.09850e+03 8.17277e-01
8.09900e+03 8.21871e-01
8.09950e+03 8.26247e-01
8.10000e+03 8.30610e-01
8.10050e+03 8.34122e-01
8.10100e+03 8.38502e-01
8.10150e+03 8.43157e-01
8.10200e+03 8.48164e-01
8.10250e+03 8.51990e-01
8.10300e+03 8.56582e-01
8.10350e+03 8.60563e-01
8.10400e+03 8.63430e-01
8.10450e+03 8.67218e-01
8.10500e+03 8.70866e-01
8.10550e+03 8.74629e-01
8.10600e+03 8.77000e-01
8.10650e+03 8.80498e-01
8.10700e+03 8.84353e-01
8.10750e+03 8.88248e-01
8.10800e+03 8.90952e-01
8.10850e+03 8.93959e-01
8.10900e+03 8.96710e-01
8.10950e+03 8.99884e-01
8.11000e+03 9.02646e-01
8.11050e+03 9.05225e-01
8.11100e+03 9.08009e-01
8.11150e+03 9.10755e-01
8.11200e+03 9.12628e-01
8.11250e+03 9.15574e-01
8.11300e+03 9.17896e-01
8.11350e+03 9.20213e-01
8.11400e+03 9.23269e-01
8.11450e+03 9.25112e-01
8.11500e+03 9.27054e-01
8.11550e+03 9.29314e-01
8.11600e+03 9.31719e-01
8.11650e+03 9.35210e-01
8.11700e+03 9.36552e-01
8.11750e+03 9.38602e-01
8.11800e+03 9.39861e-01
8.11850e+03 9.41368e-01
8.11900e+03 9.42448e-01
8.11950e+03 9.44071e-01
8.12000e+03 9.45586e-01
8.12050e+03 9.46034e-01
8.12100e+03 9.46749e-01
8.12150e+03 9.48627e-01
8.12200e+03 9.51164e-01
8.12250e+03 9.53030e-01
8.12300e+03 9.53512e-01
8.12350e+03 9.54253e-01
8.12400e+03 9.55174e-01
8.12450e+03 9.56432e-01
8.12500e+03 9.58227e-01
8.12550e+03 9.59214e-01
8.12600e+03 9.61076e-01
8.12650e+03 9.61879e-01
8.12700e+03 9.62944e-01
8.12750e+03 9.64057e-01
8.12800e+03 9.65214e-01
8.12850e+03 9.65272e-01
8.12900e+03 9.66707e-01
8.12950e+03 9.66696e-01
8.13000e+03 9.67230e-01
8.13050e+03 9.68319e-01
8.13100e+03 9.68964e-01
8.13150e+03 9.69759e-01
8.13200e+03 9.69820e-01
8.13250e+03 9.69841e-01
8.13300e+03 9.70215e-01
8.13350e+03 9.70470e-01
8.13400e+03 9.71669e-01
8.13450e+03 9.72883e-01
8.13500e+03 9.73018e-01
8.13550e+03 9.73370e-01
8.13600e+03 9.73437e-01
8.13650e+03 9.74912e-01
8.13700e+03 9.75911e-01
8.13750e+03 9.74633e-01
8.13800e+03 9.74863e-01
8.13850e+03 9.73652e-01
8.13900e+03 9.74202e-01
8.13950e+03 9.74367e-01
8.14000e+03 9.74670e-01
8.14050e+03 9.75287e-01
8.14100e+03 9.74734e-01
8.14150e+03 9.74120e-01
8.14200e+03 9.73729e-01
8.14250e+03 9.74626e-01
8.14300e+03 9.75027e-01
8.14350e+03 9.74757e-01
8.14400e+03 9.74719e-01
8.14450e+03 9.75126e-01
8.14500e+03 9.75026e-01
8.14550e+03 9.75428e-01
8.14600e+03 9.76481e-01
8.14650e+03 9.76481e-01
8.14700e+03 9.77046e-01
8.14750e+03 9.77066e-01
8.14800e+03 9.77992e-01
8.14850e+03 9.78111e-01
8.14900e+03 9.78938e-01
8.14950e+03 9.79222e-01
8.15000e+03 9.78871e-01
8.15050e+03 9.78971e-01
8.15100e+03 9.79912e-01
8.15150e+03 9.80467e-01
8.15200e+03 9.81132e-01
8.15250e+03 9.80706e-01
8.15300e+03 9.80767e-01
8.15350e+03 9.82304e-01
8.15400e+03 9.82577e-01
8.15450e+03 9.83424e-01
8.15500e+03 9.83635e-01
8.15550e+03 9.84566e-01
8.15600e+03 9.85430e-01
8.15650e+03 9.84926e-01
8.15700e+03 9.85128e-01
8.15750e+03 9.86110e-01
8.15800e+03 9.86995e-01
8.15850e+03 9.88279e-01
8.15900e+03 9.88601e-01
8.15950e+03 9.89170e-01
8.16000e+03 9.89813e-01
8.16050e+03 9.89731e-01
8.16100e+03 9.90208e-01
8.16150e+03 9.90521e-01
8.16200e+03 9.89654e-01
8.16250e+03 9.88879e-01
8.16300e+03 9.90007e-01
8.16350e+03 9.90825e-01
8.16400e+03 9.90453e-01
8.16450e+03 9.91441e-01
8.16500e+03 9.91949e-01
8.16550e+03 9.92777e-01
8.16600e+03 9.92654e-01
8.16650e+03 9.93332e-01
8.16700e+03 9.93935e-01
8.16750e+03 9.94288e-01
8.16800e+03 9.95052e-01
8.16850e+03 9.95033e-01
8.16900e+03 9.95323e-01
8.16950e+03 9.94825e-01
8.17000e+03 9.95350e-01
8.17050e+03 9.96174e-01
8.17100e+03 9.96135e-01
8.17150e+03 9.96629e-01
8.17200e+03 9.96239e-01
8.17250e+03 9.96716e-01
8.17300e+03 9.97427e-01
8.17350e+03 9.97896e-01
8.17400e+03 9.97340e-01
8.17450e+03 9.96635e-01
8.17500e+03 9.96558e-01
8.17550e+03 9.96576e-01
8.17600e+03 9.95484e-01
8.17650e+03 9.96445e-01
8.17700e+03 9.98039e-01
8.17750e+03 9.98927e-01
8.17800e+03 9.99664e-01
8.17850e+03 1.00000e+00
8.17900e+03 9.98769e-01
8.17950e+03 9.98096e-01
8.18000e+03 9.97578e-01
8.18050e+03 9.97301e-01
8.18100e+03 9.97185e-01
8.18150e+03 9.96837e-01
8.18200e+03 9.96580e-01
8.18250e+03 9.96401e-01
8.18300e+03 9.95753e-01
8.18350e+03 9.95569e-01
8.18400e+03 9.95454e-01
8.18450e+03 9.95417e-01
8.18500e+03 9.95041e-01
8.18550e+03 9.94737e-01
8.18600e+03 9.95594e-01
8.18650e+03 9.94418e-01
8.18700e+03 9.95038e-01
8.18750e+03 9.95033e-01
8.18800e+03 9.95356e-01
8.18850e+03 9.94890e-01
8.18900e+03 9.95218e-01
8.18950e+03 9.94366e-01
8.19000e+03 9.93593e-01
8.19050e+03 9.92908e-01
8.19100e+03 9.92617e-01
8.19150e+03 9.92479e-01
8.19200e+03 9.92191e-01
8.19250e+03 9.91667e-01
8.19300e+03 9.90290e-01
8.19350e+03 9.90247e-01
8.19400e+03 9.89729e-01
8.19450e+03 9.90069e-01
8.19500e+03 9.90497e-01
8.19550e+03 9.91468e-01
8.19600e+03 9.91737e-01
8.19650e+03 9.90300e-01
8.19700e+03 9.89482e-01
8.19750e+03 9.89681e-01
8.19800e+03 9.88791e-01
8.19850e+03 9.87913e-01
8.19900e+03 9.87341e-01
8.19950e+03 9.87233e-01
8.20000e+03 9.86811e-01
8.20050e+03 9.86323e-01
8.20100e+03 9.87063e-01
8.20150e+03 9.87338e-01
8.20200e+03 9.85520e-01
8.20250e+03 9.85255e-01
8.20300e+03 9.84366e-01
8.20350e+03 9.83176e-01
8.20400e+03 9.82441e-01
8.20450e+03 9.82645e-01
8.20500e+03 9.81849e-01
8.20550e+03 9.81358e-01
8.20600e+03 9.81958e-01
8.20650e+03 9.81237e-01
8.20700e+03 9.81378e-01
8.20750e+03 9.81436e-01
8.20800e+03 9.81193e-01
8.20850e+03 9.80641e-01
8.20900e+03 9.79788e-01
8.20950e+03 9.78851e-01
8.21000e+03 9.78917e-01
8.21050e+03 9.77984e-01
8.21100e+03 9.76593e-01
8.21150e+03 9.75056e-01
8.21200e+03 9.74746e-01
8.21250e+03 9.75285e-01
8.21300e+03 9.74981e-01
8.21350e+03 9.74351e-01
8.21400e+03 9.74110e-01
8.21450e+03 9.73850e-01
8.21500e+03 9.72896e-01
8.21550e+03 9.72870e-01
8.21600e+03 9.71682e-01
8.21650e+03 9.71029e-01
8.21700e+03 9.69978e-01
8.21750e+03 9.69176e-01
8.21800e+03 9.68688e-01
8.21850e+03 9.68880e-01
8.21900e+03 9.68467e-01
8.21950e+03 9.68058e-01
8.22000e+03 9.68658e-01
8.22050e+03 9.68800e-01
8.22100e+03 9.68021e-01
8.22150e+03 9.67930e-01
8.22200e+03 9.67766e-01
8.22250e+03 9.68452e-01
8.22300e+03 9.68372e-01
8.22350e+03 9.67761e-01
8.22400e+03 9.67763e-01
8.22450e+03 9.68238e-01
8.22500e+03 9.67108e-01
8.22550e+03 9.65966e-01
8.22600e+03 9.65967e-01
8.22650e+03 9.66884e-01
8.22700e+03 9.67197e-01
8.22750e+03 9.67943e-01
8.22800e+03 9.67087e-01
8.22850e+03 9.66533e-01
8.22900e+03 9.66421e-01
8.22950e+03 9.66005e-01
8.23000e+03 9.66494e-01
8.23050e+03 9.65852e-01
8.23100e+03 9.65734e-01
8.23150e+03 9.65932e-01
8.23200e+03 9.66060e-01
8.23250e+03 9.65732e-01
8.23300e+03 9.64958e-01
8.23350e+03 9.65317e-01
8.23400e+03 9.65454e-01
8.23450e+03 9.65519e-01
8.23500e+03 9.65504e-01
8.23550e+03 9.65651e-01
8.23600e+03 9.64735e-01
8.23650e+03 9.63747e-01
8.23700e+03 9.64200e-01
8.23750e+03 9.64814e-01
8.23800e+03 9.63447e-01
8.23850e+03 9.61858e-01
8.23900e+03 9.62324e-01
8.23950e+03 9.60959e-01
8.24000e+03 9.61275e-01
8.24050e+03 9.60365e-01
8.24100e+03 9.61115e-01
8.24150e+03 9.61872e-01
8.24200e+03 9.60584e-01
8.24250e+03 9.59592e-01
8.24300e+03 9.58969e-01
8.24350e+03 9.58282e-01
8.24400e+03 9.58648e-01
8.24450e+03 9.58262e-01
8.24500e+03 9.58113e-01
8.24550e+03 9.58252e-01
8.24600e+03 9.57576e-01
8.24650e+03 9.58019e-01
8.24700e+03 9.58252e-01
8.24750e+03 9.57425e-01
8.24800e+03 9.58182e-01
8.24850e+03 9.57965e-01
8.24900e+03 9.58800e-01
8.24950e+03 9.58587e-01
8.25000e+03 9.58226e-01
8.25050e+03 9.57113e-01
8.25100e+03 9.57423e-01
8.25150e+03 9.57522e-01
8.25200e+03 9.57760e-01
8.25250e+03 9.58157e-01
8.25300e+03 9.58172e-01
8.25350e+03 9.57881e-01
8.25400e+03 9.58204e-01
8.25450e+03 9.59194e-01
8.25500e+03 9.58086e-01
8.25550e+03 9.57581e-01
8.25600e+03 9.56916e-01
8.25650e+03 9.57299e-01
8.25700e+03 9.57533e-01
8.25750e+03 9.57028e-01
8.25800e+03 9.57413e-01
8.25850e+03 9.56836e-01
8.25900e+03 9.56790e-01
8.25950e+03 9.56661e-01
8.26000e+03 9.56904e-01
8.26050e+03 9.57455e-01
8.26100e+03 9.57034e-01
8.26150e+03 9.57281e-01
8.26200e+03 9.57910e-01
8.26250e+03 9.57493e-01
8.26300e+03 9.57681e-01
8.26350e+03 9.57256e-01
8.26400e+03 9.56241e-01
8.26450e+03 9.56729e-01
8.26500e+03 9.57206e-01
8.26550e+03 9.57548e-01
8.26600e+03 9.58789e-01
8.26650e+03 9.59132e-01
8.26700e+03 9.58717e-01
8.26750e+03 9.58312e-01
8.26800e+03 9.58575e-01
8.26850e+03 9.57941e-01
8.26900e+03 9.57540e-01
8.26950e+03 9.57436e-01
8.27000e+03 9.56584e-01
8.27050e+03 9.56261e-01
8.27100e+03 9.56982e-01
8.27150e+03 9.58975e-01
8.27200e+03 9.59464e-01
8.27250e+03 9.59052e-01
8.27300e+03 9.59448e-01
8.27350e+03 9.59334e-01
8.27400e+03 9.58680e-01
8.27450e+03 9.58624e-01
8.27500e+03 9.59020e-01
8.27550e+03 9.59415e-01
8.27600e+03 9.58385e-01
8.27650e+03 9.58547e-01
8.27700e+03 9.59247e-01
8.27750e+03 9.58515e-01
8.27800e+03 9.59133e-01
8.27850e+03 9.58478e-01
8.27900e+03 9.58805e-01
8.27950e+03 9.59652e-01
8.28000e+03 9.61250e-01
8.28050e+03 9.61441e-01
8.28100e+03 9.60877e-01
8.28150e+03 9.61673e-01
8.28200e+03 9.61480e-01
8.28250e+03 9.61678e-01
8.28300e+03 9.62760e-01
8.28350e+03 9.62214e-01
8.28400e+03 9.61881e-01
8.28450e+03 9.62673e-01
8.28500e+03 9.62642e-01
8.28550e+03 9.62089e-01
8.28600e+03 9.62413e-01
8.28650e+03 9.62437e-01
8.28700e+03 9.61795e-01
8.28750e+03 9.60770e-01
8.28800e+03 9.59743e-01
8.28850e+03 9.59387e-01
8.28900e+03 9.58368e-01
8.28950e+03 9.58453e-01
8.29000e+03 9.59052e-01
8.29050e+03 9.59296e-01
8.29100e+03 9.59606e-01
8.29150e+03 9.60738e-01
8.29200e+03 9.61948e-01
8.29250e+03 9.61304e-01
8.29300e+03 9.61785e-01
8.29350e+03 9.62477e-01
8.29400e+03 9.61995e-01
8.29450e+03 9.62029e-01
8.29500e+03 9.62357e-01
8.29550e+03 9.61953e-01
8.29600e+03 9.60878e-01
8.29650e+03 9.60528e-01
8.29700e+03 9.60444e-01
8.29750e+03 9.59244e-01
8.29800e+03 9.58513e-01
8.29850e+03 9.58262e-01
8.29900e+03 9.57780e-01
8.29950e+03 9.58630e-01
8.30000e+03 9.58772e-01
8.30050e+03 9.57972e-01
8.30100e+03 9.58413e-01
8.30150e+03 9.59196e-01
8.30200e+03 9.60743e-01
8.30250e+03 9.61495e-01
8.30300e+03 9.61651e-01
8.30350e+03 9.62370e-01
8.30400e+03 9.63718e-01
8.30450e+03 9.64889e-01
8.30500e+03 9.66435e-01
8.30550e+03 9.67147e-01
8.30600e+03 9.67940e-01
8.30650e+03 9.68519e-01
8.30700e+03 9.68484e-01
8.30750e+03 9.68014e-01
8.30800e+03 9.68795e-01
8.30850e+03 9.68171e-01
8.30900e+03 9.67543e-01
8.30950e+03 9.66669e-01
8.31000e+03 9.66383e-01
8.31050e+03 9.67049e-01
8.31100e+03 9.66605e-01
8.31150e+03 9.67492e-01
8.31200e+03 9.67502e-01
8.31250e+03 9.67671e-01
8.31300e+03 9.67711e-01
8.31350e+03 9.67329e-01
8.31400e+03 9.68157e-01
8.31450e+03 9.68490e-01
8.31500e+03 9.69646e-01
8.31550e+03 9.69687e-01
8.31600e+03 9.69715e-01
8.31650e+03 9.70628e-01
8.31700e+03 9.70721e-01
8.31750e+03 9.70587e-01
8.31800e+03 9.70300e-01
8.31850e+03 9.70157e-01
8.31900e+03 9.71346e-01
8.31950e+03 9.70899e-01
8.32000e+03 9.71190e-01
8.32050e+03 9.71404e-01
8.32100e+03 9.70277e-01
8.32150e+03 9.69443e-01
8.32200e+03 9.69721e-01
8.32250e+03 9.69623e-01
8.32300e+03 9.69160e-01
8.32350e+03 9.68831e-01
8.32400e+03 9.67914e-01
8.32450e+03 9.67726e-01
8.32500e+03 9.68950e-01
8.32550e+03 9.69714e-01
8.32600e+03 9.70783e-01
8.32650e+03 9.71627e-01
8.32700e+03 9.70978e-01
8.32750e+03 9.71219e-01
8.32800e+03 9.71983e-01
8.32850e+03 9.71060e-01
8.32900e+03 9.70816e-01
8.32950e+03 9.73115e-01
8.33000e+03 9.72078e-01
8.33050e+03 9.71508e-01
8.33100e+03 9.70871e-01
8.33150e+03 9.71497e-01
8.33200e+03 9.71676e-01
8.33250e+03 9.71405e-01
8.33300e+03 9.71802e-01
8.33350e+03 9.72118e-01
8.33400e+03 9.72273e-01
8.33450e+03 9.72491e-01
8.33500e+03 9.71360e-01
8.33550e+03 9.71561e-01
8.33600e+03 9.71984e-01
8.33650e+03 9.70850e-01
8.33700e+03 9.71190e-01
8.33750e+03 9.72041e-01
8.33800e+03 9.71561e-01
8.33850e+03 9.71002e-01
8.33900e+03 9.71620e-01
8.33950e+03 9.71137e-01
8.34000e+03 9.72139e-01
8.34050e+03 9.72473e-01
8.34100e+03 9.71242e-01
8.34150e+03 9.70800e-01
8.34200e+03 9.69616e-01
8.34250e+03 9.68909e-01
8.34300e+03 9.69654e-01
8.34350e+03 9.68225e-01
8.34400e+03 9.67881e-01
8.34450e+03 9.68865e-01
8.34500e+03 9.69600e-01
8.34550e+03 9.67157e-01
8.34600e+03 9.67527e-01
8.34650e+03 9.67899e-01
8.34700e+03 9.67740e-01
8.34750e+03 9.67387e-01
8.34800e+03 9.66511e-01
8.34850e+03 9.67181e-01
8.34900e+03 9.65711e-01
8.34950e+03 9.64604e-01
8.35000e+03 9.62991e-01
8.35050e+03 9.62559e-01
8.35100e+03 9.62583e-01
8.35150e+03 9.62085e-01
8.35200e+03 9.60125e-01
8.35250e+03 9.59806e-01
8.35300e+03 9.58670e-01
8.35350e+03 9.55828e-01
8.35400e+03 9.54965e-01
8.35450e+03 9.54258e-01
8.35500e+03 9.53657e-01
8.35550e+03 9.51939e-01
8.35600e+03 9.49444e-01
8.35650e+03 9.48223e-01
8.35700e+03 9.47474e-01
8.35750e+03 9.46406e-01
8.35800e+03 9.45483e-01
8.35850e+03 9.44175e-01
8.35900e+03 9.41298e-01
8.35950e+03 9.40253e-01
8.36000e+03 9.38488e-01
8.36050e+03 9.35924e-01
8.36100e+03 9.33152e-01
8.36150e+03 9.32652e-01
8.36200e+03 9.31756e-01
8.36250e+03 9.29378e-01
8.36300e+03 9.27134e-01
8.36350e+03 9.24594e-01
8.36400e+03 9.22908e-01
8.36450e+03 9.20656e-01
8.36500e+03 9.18504e-01
8.36550e+03 9.16720e-01
8.36600e+03 9.15592e-01
8.36650e+03 9.13906e-01
8.36700e+03 9.11705e-01
8.36750e+03 9.10781e-01
8.36800e+03 9.08459e-01
8.36850e+03 9.05513e-01
8.36900e+03 9.03530e-01
8.36950e+03 9.03819e-01
8.37000e+03 9.00990e-01
8.37050e+03 8.99734e-01
8.37100e+03 8.96477e-01
8.37150e+03 8.94609e-01
8.37200e+03 8.92771e-01
8.37250e+03 8.90311e-01
8.37300e+03 8.86526e-01
8.37350e+03 8.83668e-01
8.37400e+03 8.81005e-01
8.37450e+03 8.77617e-01
8.37500e+03 8.74760e-01
8.37550e+03 8.73429e-01
8.37600e+03 8.69306e-01
8.37650e+03 8.66570e-01
8.37700e+03 8.63740e-01
8.37750e+03 8.59875e-01
8.37800e+03 8.54374e-01
8.37850e+03 8.52099e-01
8.37900e+03 8.48283e-01
8.37950e+03 8.44907e-01
8.38000e+03 8.41510e-01
8.38050e+03 8.37150e-01
8.38100e+03 8.34448e-01
8.38150e+03 8.31253e-01
8.38200e+03 8.27254e-01
8.38250e+03 8.24173e-01
8.38300e+03 8.19689e-01
8.38350e+03 8.14850e-01
8.38400e+03 8.12830e-01
8.38450e+03 8.09031e-01
8.38500e+03 8.04983e-01
8.38550e+03 8.00366e-01
8.38600e+03 7.97674e-01
8.38650e+03 7.92666e-01
8.38700e+03 7.88997e-01
8.38750e+03 7.83035e-01
8.38800e+03 7.79756e-01
8.38850e+03 7.76629e-01
8.38900e+03 7.72202e-01
8.38950e+03 7.68130e-01
8.39000e+03 7.63559e-01
8.39050e+03 7.60111e-01
8.39100e+03 7.55919e-01
8.39150e+03 7.50279e-01
8.39200e+03 7.46710e-01
8.39250e+03 7.41576e-01
8.39300e+03 7.37351e-01
8.39350e+03 7.33757e-01
8.39400e+03 7.29696e-01
8.39450e+03 7.25392e-01
8.39500e+03 7.21751e-01
8.39550e+03 7.16567e-01
8.39600e+03 7.11141e-01
8.39650e+03 7.07559e-01
8.39700e+03 7.01977e-01
8.39750e+03 6.95844e-01
8.39800e+03 6.91651e-01
8.39850e+03 6.85426e-01
8.39900e+03 6.80769e-01
8.39950e+03 6.76049e-01
8.40000e+03 6.71690e-01
8.40050e+03 6.68213e-01
8.40100e+03 6.63692e-01
8.40150e+03 6.60032e-01
8.40200e+03 6.54138e-01
8.40250e+03 6.48192e-01
8.40300e+03 6.43086e-01
8.40350e+03 6.40373e-01
8.40400e+03 6.33526e-01
8.40450e+03 6.28487e-01
8.40500e+03 6.23609e-01
8.40550e+03 6.17531e-01
8.40600e+03 6.13167e-01
8.40650e+03 6.07987e-01
8.40700e+03 6.02331e-01
8.40750e+03 5.96986e-01
8.40800e+03 5.91315e-01
8.40850e+03 5.86985e-01
8.40900e+03 5.80705e-01
8.40950e+03 5.75128e-01
8.41000e+03 5.69564e-01
8.41050e+03 5.62888e-01
8.41100e+03 5.56214e-01
8.41150e+03 5.50911e-01
8.41200e+03 5.45526e-01
8.41250e+03 5.40228e-01
8.41300e+03 5.35005e-01
8.41350e+03 5.30694e-01
8.41400e+03 5.24599e-01
8.41450e+03 5.19806e-01
8.41500e+03 5.14312e-01
8.41550e+03 5.07502e-01
8.41600e+03 5.01201e-01
8.41650e+03 4.94232e-01
8.41700e+03 4.88769e-01
8.41750e+03 4.81198e-01
8.41800e+03 4.74869e-01
8.41850e+03 4.70226e-01
8.41900e+03 4.64547e-01
8.41950e+03 4.58840e-01
8.42000e+03 4.53018e-01
8.42050e+03 4.46480e-01
8.42100e+03 4.40856e-01
8.42150e+03 4.35331e-01
8.42200e+03 4.31013e-01
8.42250e+03 4.25883e-01
8.42300e+03 4.20828e-01
8.42350e+03 4.14442e-01
8.42400e+03 4.08788e-01
8.42450e+03 4.02797e-01
8.42500e+03 3.97993e-01
8.42550e+03 3.92304e-01
8.42600e+03 3.87674e-01
8.42650e+03 3.83626e-01
8.42700e+03 3.78626e-01
8.42750e+03 3.73974e-01
8.42800e+03 3.68994e-01
8.42850e+03 3.62595e-01
8.42900e+03 3.58362e-01
8.42950e+03 3.52491e-01
8.43000e+03 3.47064e-01
8.43050e+03 3.42282e-01
8.43100e+03 3.37681e-01
8.43150e+03 3.32871e-01
8.43200e+03 3.28179e-01
8.43250e+03 3.24166e-01
8.43300e+03 3.18972e-01
8.43350e+03 3.14446e-01
8.43400e+03 3.10069e-01
8.43450e+03 3.04649e-01
8.43500e+03 2.99864e-01
8.43550e+03 2.94089e-01
8.43600e+03 2.90309e-01
8.43650e+03 2.85370e-01
8.43700e+03 2.80001e-01
8.43750e+03 2.76140e-01
8.43800e+03 2.69035e-01
8.43850e+03 2.63103e-01
8.43900e+03 2.58416e-01
8.43950e+03 2.53910e-01
8.44000e+03 2.49373e-01
8.44050e+03 2.45405e-01
8.44100e+03 2.40732e-01
8.44150e+03 2.35900e-01
8.44200e+03 2.30582e-01
8.44250e+03 2.25812e-01
8.44300e+03 2.20304e-01
8.44350e+03 2.16324e-01
8.44400e+03 2.11892e-01
8.44450e+03 2.08011e-01
8.44500e+03 2.02467e-01
8.44550e+03 1.99988e-01
8.44600e+03 1.95311e-01
8.44650e+03 1.91708e-01
8.44700e+03 1.87033e-01
8.44750e+03 1.83969e-01
8.44800e+03 1.79361e-01
8.44850e+03 1.74848e-01
8.44900e+03 1.71209e-01
8.44950e+03 1.67572e-01
8.45000e+03 1.63567e-01
8.45050e+03 1.60478e-01
8.45100e+03 1.57149e-01
8.45150e+03 1.54335e-01
8.45200e+03 1.50177e-01
8.45250e+03 1.47397e-01
8.45300e+03 1.45258e-01
8.45350e+03 1.41870e-01
8.45400e+03 1.40205e-01
8.45450e+03 1.37270e-01
8.45500e+03 1.34189e-01
8.45550e+03 1.31130e-01
8.45600e+03 1.28481e-01
8.45650e+03 1.25937e-01
8.45700e+03 1.23163e-01
8.45750e+03 1.21280e-01
8.45800e+03 1.18903e-01
8.45850e+03 1.15027e-01
8.45900e+03 1.13847e-01
8.45950e+03 1.11817e-01
8.46000e+03 1.09526e-01
8.46050e+03 1.06186e-01
8.46100e+03 1.04123e-01
8.46150e+03 1.00610e-01
8.46200e+03 9.85088e-02
8.46250e+03 9.59501e-02
8.46300e+03 9.40318e-02
8.46350e+03 9.11274e-02
8.46400e+03 8.97952e-02
8.46450e+03 8.75301e-02
8.46500e+03 8.60942e-02
8.46550e+03 8.39675e-02
8.46600e+03 8.15127e-02
8.46650e+03 7.87517e-02
8.46700e+03 7.64898e-02
8.46750e+03 7.50250e-02
8.46800e+03 7.27632e-02
8.46850e+03 7.09291e-02
8.46900e+03 6.86100e-02
8.46950e+03 6.54690e-02
8.47000e+03 6.37534e-02
8.47050e+03 6.26415e-02
8.47100e+03 6.07786e-02
8.47150e+03 5.94522e-02
8.47200e+03 5.81667e-02
8.47250e+03 5.55106e-02
8.47300e+03 5.48569e-02
8.47350e+03 5.28623e-02
8.47400e+03 4.97459e-02
8.47450e+03 4.88550e-02
8.47500e+03 4.77691e-02
8.47550e+03 4.50968e-02
8.47600e+03 4.34354e-02
8.47650e+03 4.36001e-02
8.47700e+03 4.30182e-02
8.47750e+03 4.20658e-02
8.47800e+03 4.06053e-02
8.47850e+03 3.88634e-02
8.47900e+03 3.82168e-02
8.47950e+03 3.71488e-02
8.48000e+03 3.58829e-02
8.48050e+03 3.39862e-02
8.48100e+03 3.31645e-02
8.48150e+03 3.33277e-02
8.48200e+03 3.12704e-02
8.48250e+03 3.17112e-02
8.48300e+03 3.02520e-02
8.48350e+03 3.02350e-02
8.48400e+03 2.99739e-02
8.48450e+03 2.97441e-02
8.48500e+03 2.91275e-02
8.48550e+03 2.74730e-02
8.48600e+03 2.64106e-02
8.48650e+03 2.51610e-02
8.48700e+03 2.45293e-02
8.48750e+03 2.30886e-02
8.48800e+03 2.30969e-02
8.48850e+03 2.16454e-02
8.48900e+03 2.03713e-02
8.48950e+03 2.13669e-02
8.49000e+03 2.13475e-02
8.49050e+03 2.21606e-02
8.49100e+03 2.13763e-02
8.49150e+03 2.20021e-02
8.49200e+03 2.17726e-02
8.49250e+03 1.97447e-02
8.49300e+03 1.84746e-02
8.49350e+03 1.76686e-02
8.49400e+03 1.80659e-02
8.49450e+03 1.82697e-02
8.49500e+03 1.72738e-02
8.49550e+03 1.82822e-02
8.49600e+03 1.82614e-02
8.49650e+03 1.82531e-02
8.49700e+03 1.74581e-02
8.49750e+03 1.76627e-02
8.49800e+03 1.84314e-02
8.49850e+03 1.69893e-02
8.49900e+03 1.89853e-02
8.49950e+03 1.73409e-02
8.50000e+03 1.53325e-02
8.50050e+03 1.43056e-02
8.50100e+03 1.46970e-02
8.50150e+03 1.60991e-02
8.50200e+03 1.81193e-02
8.50250e+03 1.83035e-02
8.50300e+03 1.76754e-02
8.50350e+03 1.86771e-02
8.50400e+03 1.70381e-02
8.50450e+03 1.70161e-02
8.50500e+03 1.66397e-02
8.50550e+03 1.44459e-02
8.50600e+03 1.50402e-02
8.50650e+03 1.52207e-02
8.50700e+03 1.55837e-02
8.50750e+03 1.35808e-02
8.50800e+03 1.29575e-02
8.50850e+03 1.51398e-02
8.50900e+03 1.63416e-02
8.50950e+03 1.67476e-02
8.51000e+03 1.49529e-02
8.51050e+03 1.27652e-02
8.51100e+03 1.33226e-02
8.51150e+03 1.17381e-02
8.51200e+03 8.18380e-03
8.51250e+03 6.97049e-03
8.51300e+03 6.94707e-03
8.51350e+03 4.36996e-03
8.51400e+03 3.96919e-03
8.51450e+03 4.95992e-03
8.51500e+03 2.98237e-03
8.51550e+03 3.76977e-03
8.51600e+03 7.34348e-03
8.51650e+03 6.34096e-03
8.51700e+03 5.74948e-03
8.51750e+03 4.55018e-03
8.51800e+03 2.55827e-03
8.51850e+03 2.76672e-03
8.51900e+03 2.95724e-03
8.51950e+03 0.00000e+00
