# Filter name : Subaru/Suprime.NB711
# Description : Suprime NB711 filter  (full transmission)
# Photometric system : Suprime
# FilterType : photon
# Band name : ------
# Observatory : Subaru
# Instrument : Suprime
# Comments : ------
# 
6.95550e+03 1.40558e-03
6.95600e+03 1.47874e-03
6.95650e+03 1.62399e-03
6.95700e+03 1.71483e-03
6.95750e+03 1.71611e-03
6.95800e+03 1.71796e-03
6.95850e+03 1.93492e-03
6.95900e+03 1.88159e-03
6.95950e+03 1.77246e-03
6.96000e+03 1.75560e-03
6.96050e+03 1.77340e-03
6.96100e+03 1.91939e-03
6.96150e+03 2.01234e-03
6.96200e+03 2.13968e-03
6.96250e+03 2.06652e-03
6.96300e+03 2.14060e-03
6.96350e+03 2.14105e-03
6.96400e+03 2.17813e-03
6.96450e+03 2.14335e-03
6.96500e+03 2.21762e-03
6.96550e+03 2.23594e-03
6.96600e+03 2.25475e-03
6.96650e+03 2.23831e-03
6.96700e+03 2.40269e-03
6.96750e+03 2.38578e-03
6.96800e+03 2.45987e-03
6.96850e+03 2.46195e-03
6.96900e+03 2.37259e-03
6.96950e+03 2.40733e-03
6.97000e+03 2.39146e-03
6.97050e+03 2.35772e-03
6.97100e+03 2.43188e-03
6.97150e+03 2.50663e-03
6.97200e+03 2.52747e-03
6.97250e+03 2.50934e-03
6.97300e+03 2.34714e-03
6.97350e+03 2.45903e-03
6.97400e+03 2.42305e-03
6.97450e+03 2.46193e-03
6.97500e+03 2.44316e-03
6.97550e+03 2.64802e-03
6.97600e+03 2.74226e-03
6.97650e+03 2.83386e-03
6.97700e+03 2.98156e-03
6.97750e+03 3.11395e-03
6.97800e+03 3.27785e-03
6.97850e+03 3.36775e-03
6.97900e+03 3.36750e-03
6.97950e+03 3.49687e-03
6.98000e+03 3.56993e-03
6.98050e+03 3.64280e-03
6.98100e+03 3.95373e-03
6.98150e+03 3.88071e-03
6.98200e+03 4.11713e-03
6.98250e+03 4.11493e-03
6.98300e+03 4.15248e-03
6.98350e+03 4.04073e-03
6.98400e+03 4.11287e-03
6.98450e+03 4.04041e-03
6.98500e+03 4.13194e-03
6.98550e+03 4.14686e-03
6.98600e+03 4.14784e-03
6.98650e+03 4.37021e-03
6.98700e+03 4.47829e-03
6.98750e+03 4.40497e-03
6.98800e+03 4.33023e-03
6.98850e+03 4.42120e-03
6.98900e+03 4.36667e-03
6.98950e+03 4.62028e-03
6.99000e+03 4.71132e-03
6.99050e+03 4.78415e-03
6.99100e+03 4.92912e-03
6.99150e+03 5.05704e-03
6.99200e+03 5.05545e-03
6.99250e+03 5.18113e-03
6.99300e+03 5.25324e-03
6.99350e+03 5.18013e-03
6.99400e+03 5.27317e-03
6.99450e+03 5.41843e-03
6.99500e+03 5.51150e-03
6.99550e+03 5.67347e-03
6.99600e+03 5.78519e-03
6.99650e+03 6.02150e-03
6.99700e+03 6.16724e-03
6.99750e+03 6.11283e-03
6.99800e+03 6.00509e-03
6.99850e+03 6.13085e-03
6.99900e+03 6.29526e-03
6.99950e+03 6.47885e-03
7.00000e+03 6.73588e-03
7.00050e+03 6.97463e-03
7.00100e+03 7.02787e-03
7.00150e+03 7.13591e-03
7.00200e+03 7.22229e-03
7.00250e+03 7.14923e-03
7.00300e+03 7.29224e-03
7.00350e+03 7.45511e-03
7.00400e+03 7.67003e-03
7.00450e+03 7.61503e-03
7.00500e+03 7.70517e-03
7.00550e+03 7.97747e-03
7.00600e+03 8.19917e-03
7.00650e+03 8.32911e-03
7.00700e+03 8.47519e-03
7.00750e+03 8.74742e-03
7.00800e+03 8.96351e-03
7.00850e+03 9.22265e-03
7.00900e+03 9.47657e-03
7.00950e+03 9.88744e-03
7.01000e+03 1.02180e-02
7.01050e+03 1.05474e-02
7.01100e+03 1.08973e-02
7.01150e+03 1.12102e-02
7.01200e+03 1.14501e-02
7.01250e+03 1.18643e-02
7.01300e+03 1.21657e-02
7.01350e+03 1.21777e-02
7.01400e+03 1.26157e-02
7.01450e+03 1.30485e-02
7.01500e+03 1.33900e-02
7.01550e+03 1.36089e-02
7.01600e+03 1.38773e-02
7.01650e+03 1.40364e-02
7.01700e+03 1.44924e-02
7.01750e+03 1.47203e-02
7.01800e+03 1.48006e-02
7.01850e+03 1.52824e-02
7.01900e+03 1.55586e-02
7.01950e+03 1.60018e-02
7.02000e+03 1.65159e-02
7.02050e+03 1.70426e-02
7.02100e+03 1.74803e-02
7.02150e+03 1.82002e-02
7.02200e+03 1.85215e-02
7.02250e+03 1.90556e-02
7.02300e+03 1.94390e-02
7.02350e+03 1.98891e-02
7.02400e+03 2.03108e-02
7.02450e+03 2.09976e-02
7.02500e+03 2.15806e-02
7.02550e+03 2.21567e-02
7.02600e+03 2.30459e-02
7.02650e+03 2.35976e-02
7.02700e+03 2.44543e-02
7.02750e+03 2.49814e-02
7.02800e+03 2.55714e-02
7.02850e+03 2.61706e-02
7.02900e+03 2.69196e-02
7.02950e+03 2.77663e-02
7.03000e+03 2.87457e-02
7.03050e+03 2.96981e-02
7.03100e+03 3.04904e-02
7.03150e+03 3.15820e-02
7.03200e+03 3.24842e-02
7.03250e+03 3.33843e-02
7.03300e+03 3.43241e-02
7.03350e+03 3.53161e-02
7.03400e+03 3.65172e-02
7.03450e+03 3.76386e-02
7.03500e+03 3.84657e-02
7.03550e+03 3.98287e-02
7.03600e+03 4.10616e-02
7.03650e+03 4.23078e-02
7.03700e+03 4.34581e-02
7.03750e+03 4.48248e-02
7.03800e+03 4.58874e-02
7.03850e+03 4.68203e-02
7.03900e+03 4.84577e-02
7.03950e+03 4.97213e-02
7.04000e+03 5.13126e-02
7.04050e+03 5.29377e-02
7.04100e+03 5.47676e-02
7.04150e+03 5.65605e-02
7.04200e+03 5.80400e-02
7.04250e+03 5.98927e-02
7.04300e+03 6.18720e-02
7.04350e+03 6.35109e-02
7.04400e+03 6.55304e-02
7.04450e+03 6.75121e-02
7.04500e+03 7.00261e-02
7.04550e+03 7.21164e-02
7.04600e+03 7.44097e-02
7.04650e+03 7.73411e-02
7.04700e+03 8.02113e-02
7.04750e+03 8.32980e-02
7.04800e+03 8.58410e-02
7.04850e+03 8.84641e-02
7.04900e+03 9.11173e-02
7.04950e+03 9.41041e-02
7.05000e+03 9.72013e-02
7.05050e+03 9.98885e-02
7.05100e+03 1.02975e-01
7.05150e+03 1.06338e-01
7.05200e+03 1.09545e-01
7.05250e+03 1.12472e-01
7.05300e+03 1.15821e-01
7.05350e+03 1.19589e-01
7.05400e+03 1.23798e-01
7.05450e+03 1.26953e-01
7.05500e+03 1.29994e-01
7.05550e+03 1.33443e-01
7.05600e+03 1.37055e-01
7.05650e+03 1.40722e-01
7.05700e+03 1.44556e-01
7.05750e+03 1.48580e-01
7.05800e+03 1.52444e-01
7.05850e+03 1.56978e-01
7.05900e+03 1.61122e-01
7.05950e+03 1.65196e-01
7.06000e+03 1.69636e-01
7.06050e+03 1.75044e-01
7.06100e+03 1.79713e-01
7.06150e+03 1.83386e-01
7.06200e+03 1.88134e-01
7.06250e+03 1.93105e-01
7.06300e+03 1.97829e-01
7.06350e+03 2.03058e-01
7.06400e+03 2.08446e-01
7.06450e+03 2.14029e-01
7.06500e+03 2.18781e-01
7.06550e+03 2.24254e-01
7.06600e+03 2.29554e-01
7.06650e+03 2.34737e-01
7.06700e+03 2.40736e-01
7.06750e+03 2.46309e-01
7.06800e+03 2.51968e-01
7.06850e+03 2.57096e-01
7.06900e+03 2.63400e-01
7.06950e+03 2.70306e-01
7.07000e+03 2.76137e-01
7.07050e+03 2.82297e-01
7.07100e+03 2.88731e-01
7.07150e+03 2.95399e-01
7.07200e+03 3.01156e-01
7.07250e+03 3.07097e-01
7.07300e+03 3.14151e-01
7.07350e+03 3.20126e-01
7.07400e+03 3.26352e-01
7.07450e+03 3.33909e-01
7.07500e+03 3.41161e-01
7.07550e+03 3.48823e-01
7.07600e+03 3.56082e-01
7.07650e+03 3.63514e-01
7.07700e+03 3.69622e-01
7.07750e+03 3.76686e-01
7.07800e+03 3.84317e-01
7.07850e+03 3.91390e-01
7.07900e+03 3.98871e-01
7.07950e+03 4.06301e-01
7.08000e+03 4.14196e-01
7.08050e+03 4.23321e-01
7.08100e+03 4.30939e-01
7.08150e+03 4.39950e-01
7.08200e+03 4.48916e-01
7.08250e+03 4.55896e-01
7.08300e+03 4.63383e-01
7.08350e+03 4.71278e-01
7.08400e+03 4.79015e-01
7.08450e+03 4.86665e-01
7.08500e+03 4.94509e-01
7.08550e+03 5.03447e-01
7.08600e+03 5.11527e-01
7.08650e+03 5.21329e-01
7.08700e+03 5.29875e-01
7.08750e+03 5.38057e-01
7.08800e+03 5.47498e-01
7.08850e+03 5.57428e-01
7.08900e+03 5.66093e-01
7.08950e+03 5.75062e-01
7.09000e+03 5.83961e-01
7.09050e+03 5.93141e-01
7.09100e+03 6.02390e-01
7.09150e+03 6.11625e-01
7.09200e+03 6.21439e-01
7.09250e+03 6.31597e-01
7.09300e+03 6.42850e-01
7.09350e+03 6.51042e-01
7.09400e+03 6.61080e-01
7.09450e+03 6.69172e-01
7.09500e+03 6.77889e-01
7.09550e+03 6.87222e-01
7.09600e+03 6.96289e-01
7.09650e+03 7.03786e-01
7.09700e+03 7.13024e-01
7.09750e+03 7.21288e-01
7.09800e+03 7.30906e-01
7.09850e+03 7.39972e-01
7.09900e+03 7.48431e-01
7.09950e+03 7.57962e-01
7.10000e+03 7.66896e-01
7.10050e+03 7.75572e-01
7.10100e+03 7.84087e-01
7.10150e+03 7.93557e-01
7.10200e+03 8.01815e-01
7.10250e+03 8.10963e-01
7.10300e+03 8.20315e-01
7.10350e+03 8.27889e-01
7.10400e+03 8.36335e-01
7.10450e+03 8.44309e-01
7.10500e+03 8.53397e-01
7.10550e+03 8.61767e-01
7.10600e+03 8.68290e-01
7.10650e+03 8.76304e-01
7.10700e+03 8.84350e-01
7.10750e+03 8.90408e-01
7.10800e+03 8.96457e-01
7.10850e+03 9.02433e-01
7.10900e+03 9.08425e-01
7.10950e+03 9.15733e-01
7.11000e+03 9.21352e-01
7.11050e+03 9.26498e-01
7.11100e+03 9.32074e-01
7.11150e+03 9.38507e-01
7.11200e+03 9.41911e-01
7.11250e+03 9.47219e-01
7.11300e+03 9.50672e-01
7.11350e+03 9.56161e-01
7.11400e+03 9.60707e-01
7.11450e+03 9.65055e-01
7.11500e+03 9.70965e-01
7.11550e+03 9.74203e-01
7.11600e+03 9.78649e-01
7.11650e+03 9.82787e-01
7.11700e+03 9.85470e-01
7.11750e+03 9.87084e-01
7.11800e+03 9.88804e-01
7.11850e+03 9.91918e-01
7.11900e+03 9.94803e-01
7.11950e+03 9.95581e-01
7.12000e+03 9.98842e-01
7.12050e+03 9.99406e-01
7.12100e+03 1.00000e+00
7.12150e+03 9.99349e-01
7.12200e+03 9.98894e-01
7.12250e+03 9.98063e-01
7.12300e+03 9.95475e-01
7.12350e+03 9.95720e-01
7.12400e+03 9.93548e-01
7.12450e+03 9.92075e-01
7.12500e+03 9.91373e-01
7.12550e+03 9.88156e-01
7.12600e+03 9.86838e-01
7.12650e+03 9.83175e-01
7.12700e+03 9.80110e-01
7.12750e+03 9.78694e-01
7.12800e+03 9.74992e-01
7.12850e+03 9.71078e-01
7.12900e+03 9.67843e-01
7.12950e+03 9.64214e-01
7.13000e+03 9.61239e-01
7.13050e+03 9.58025e-01
7.13100e+03 9.54771e-01
7.13150e+03 9.49782e-01
7.13200e+03 9.46778e-01
7.13250e+03 9.41461e-01
7.13300e+03 9.34307e-01
7.13350e+03 9.29610e-01
7.13400e+03 9.23681e-01
7.13450e+03 9.19438e-01
7.13500e+03 9.14017e-01
7.13550e+03 9.07621e-01
7.13600e+03 9.01818e-01
7.13650e+03 8.97492e-01
7.13700e+03 8.91431e-01
7.13750e+03 8.85357e-01
7.13800e+03 8.77981e-01
7.13850e+03 8.69309e-01
7.13900e+03 8.60991e-01
7.13950e+03 8.53208e-01
7.14000e+03 8.44641e-01
7.14050e+03 8.35855e-01
7.14100e+03 8.28440e-01
7.14150e+03 8.22108e-01
7.14200e+03 8.14258e-01
7.14250e+03 8.05165e-01
7.14300e+03 7.96026e-01
7.14350e+03 7.85762e-01
7.14400e+03 7.76103e-01
7.14450e+03 7.65547e-01
7.14500e+03 7.55826e-01
7.14550e+03 7.45399e-01
7.14600e+03 7.36092e-01
7.14650e+03 7.26718e-01
7.14700e+03 7.17656e-01
7.14750e+03 7.08246e-01
7.14800e+03 6.97513e-01
7.14850e+03 6.87587e-01
7.14900e+03 6.77250e-01
7.14950e+03 6.64923e-01
7.15000e+03 6.55675e-01
7.15050e+03 6.44970e-01
7.15100e+03 6.34484e-01
7.15150e+03 6.25229e-01
7.15200e+03 6.14867e-01
7.15250e+03 6.04470e-01
7.15300e+03 5.94216e-01
7.15350e+03 5.83187e-01
7.15400e+03 5.72863e-01
7.15450e+03 5.63194e-01
7.15500e+03 5.53329e-01
7.15550e+03 5.43158e-01
7.15600e+03 5.33583e-01
7.15650e+03 5.23442e-01
7.15700e+03 5.13364e-01
7.15750e+03 5.03410e-01
7.15800e+03 4.91850e-01
7.15850e+03 4.82109e-01
7.15900e+03 4.71399e-01
7.15950e+03 4.60447e-01
7.16000e+03 4.49766e-01
7.16050e+03 4.38915e-01
7.16100e+03 4.29100e-01
7.16150e+03 4.19769e-01
7.16200e+03 4.10152e-01
7.16250e+03 4.00245e-01
7.16300e+03 3.89183e-01
7.16350e+03 3.79105e-01
7.16400e+03 3.68947e-01
7.16450e+03 3.59087e-01
7.16500e+03 3.49882e-01
7.16550e+03 3.41067e-01
7.16600e+03 3.32113e-01
7.16650e+03 3.22296e-01
7.16700e+03 3.13194e-01
7.16750e+03 3.04878e-01
7.16800e+03 2.96341e-01
7.16850e+03 2.88157e-01
7.16900e+03 2.79424e-01
7.16950e+03 2.71526e-01
7.17000e+03 2.63283e-01
7.17050e+03 2.55706e-01
7.17100e+03 2.48200e-01
7.17150e+03 2.40389e-01
7.17200e+03 2.33525e-01
7.17250e+03 2.26873e-01
7.17300e+03 2.19750e-01
7.17350e+03 2.12819e-01
7.17400e+03 2.05922e-01
7.17450e+03 1.99322e-01
7.17500e+03 1.93398e-01
7.17550e+03 1.86733e-01
7.17600e+03 1.80675e-01
7.17650e+03 1.75213e-01
7.17700e+03 1.70299e-01
7.17750e+03 1.64792e-01
7.17800e+03 1.58944e-01
7.17850e+03 1.53500e-01
7.17900e+03 1.48121e-01
7.17950e+03 1.43721e-01
7.18000e+03 1.38725e-01
7.18050e+03 1.34048e-01
7.18100e+03 1.28958e-01
7.18150e+03 1.24391e-01
7.18200e+03 1.19754e-01
7.18250e+03 1.16050e-01
7.18300e+03 1.11803e-01
7.18350e+03 1.08370e-01
7.18400e+03 1.04907e-01
7.18450e+03 1.01204e-01
7.18500e+03 9.74979e-02
7.18550e+03 9.42257e-02
7.18600e+03 9.14369e-02
7.18650e+03 8.78647e-02
7.18700e+03 8.52071e-02
7.18750e+03 8.21171e-02
7.18800e+03 7.89835e-02
7.18850e+03 7.63867e-02
7.18900e+03 7.42843e-02
7.18950e+03 7.22511e-02
7.19000e+03 7.02527e-02
7.19050e+03 6.83026e-02
7.19100e+03 6.63411e-02
7.19150e+03 6.38048e-02
7.19200e+03 6.17514e-02
7.19250e+03 6.01697e-02
7.19300e+03 5.81646e-02
7.19350e+03 5.62824e-02
7.19400e+03 5.44372e-02
7.19450e+03 5.30732e-02
7.19500e+03 5.12309e-02
7.19550e+03 5.00938e-02
7.19600e+03 4.87374e-02
7.19650e+03 4.72051e-02
7.19700e+03 4.55503e-02
7.19750e+03 4.40099e-02
7.19800e+03 4.27635e-02
7.19850e+03 4.13376e-02
7.19900e+03 4.01967e-02
7.19950e+03 3.92888e-02
7.20000e+03 3.82059e-02
7.20050e+03 3.69277e-02
7.20100e+03 3.57592e-02
7.20150e+03 3.48072e-02
7.20200e+03 3.35158e-02
7.20250e+03 3.26427e-02
7.20300e+03 3.19530e-02
7.20350e+03 3.08260e-02
7.20400e+03 3.01609e-02
7.20450e+03 2.90129e-02
7.20500e+03 2.82555e-02
7.20550e+03 2.76979e-02
7.20600e+03 2.72435e-02
7.20650e+03 2.65420e-02
7.20700e+03 2.59640e-02
7.20750e+03 2.52077e-02
7.20800e+03 2.45310e-02
7.20850e+03 2.35907e-02
7.20900e+03 2.29002e-02
7.20950e+03 2.21128e-02
7.21000e+03 2.17901e-02
7.21050e+03 2.10065e-02
7.21100e+03 2.04437e-02
7.21150e+03 1.99470e-02
7.21200e+03 1.92979e-02
7.21250e+03 1.93566e-02
7.21300e+03 1.88227e-02
7.21350e+03 1.84734e-02
7.21400e+03 1.79470e-02
7.21450e+03 1.71650e-02
7.21500e+03 1.65711e-02
7.21550e+03 1.62574e-02
7.21600e+03 1.58951e-02
7.21650e+03 1.58924e-02
7.21700e+03 1.57425e-02
7.21750e+03 1.56325e-02
7.21800e+03 1.52942e-02
7.21850e+03 1.50099e-02
7.21900e+03 1.44923e-02
7.21950e+03 1.43766e-02
7.22000e+03 1.40866e-02
7.22050e+03 1.33076e-02
7.22100e+03 1.31465e-02
7.22150e+03 1.25913e-02
7.22200e+03 1.20838e-02
7.22250e+03 1.21137e-02
7.22300e+03 1.18834e-02
7.22350e+03 1.14136e-02
7.22400e+03 1.11116e-02
7.22450e+03 1.08626e-02
7.22500e+03 1.05620e-02
7.22550e+03 1.02463e-02
7.22600e+03 9.82007e-03
7.22650e+03 9.86285e-03
7.22700e+03 9.56475e-03
7.22750e+03 9.08465e-03
7.22800e+03 8.99519e-03
7.22850e+03 9.14992e-03
7.22900e+03 9.02686e-03
7.22950e+03 9.26727e-03
7.23000e+03 9.35561e-03
7.23050e+03 9.16571e-03
7.23100e+03 8.86536e-03
7.23150e+03 8.84452e-03
7.23200e+03 8.47447e-03
7.23250e+03 8.08633e-03
7.23300e+03 7.96202e-03
7.23350e+03 7.78279e-03
7.23400e+03 7.77371e-03
7.23450e+03 7.58165e-03
7.23500e+03 7.83103e-03
7.23550e+03 7.91923e-03
7.23600e+03 7.90312e-03
7.23650e+03 7.61326e-03
7.23700e+03 7.29447e-03
7.23750e+03 6.65418e-03
7.23800e+03 6.63378e-03
7.23850e+03 6.33458e-03
7.23900e+03 6.17575e-03
7.23950e+03 6.01447e-03
7.24000e+03 6.13505e-03
7.24050e+03 6.15335e-03
7.24100e+03 6.01264e-03
7.24150e+03 5.85524e-03
7.24200e+03 5.58959e-03
7.24250e+03 5.12709e-03
7.24300e+03 4.59856e-03
7.24350e+03 4.33868e-03
7.24400e+03 4.09424e-03
7.24450e+03 4.02166e-03
7.24500e+03 3.98601e-03
7.24550e+03 4.26754e-03
7.24600e+03 3.89764e-03
7.24650e+03 3.86314e-03
7.24700e+03 3.84525e-03
7.24750e+03 3.84670e-03
7.24800e+03 3.81217e-03
7.24850e+03 3.93741e-03
7.24900e+03 3.47899e-03
7.24950e+03 3.42590e-03
7.25000e+03 3.49820e-03
7.25050e+03 3.47984e-03
7.25100e+03 3.53247e-03
7.25150e+03 3.40728e-03
7.25200e+03 3.37082e-03
7.25250e+03 3.07202e-03
7.25300e+03 3.10769e-03
7.25350e+03 2.86053e-03
7.25400e+03 2.91422e-03
7.25450e+03 3.12615e-03
7.25500e+03 3.15927e-03
7.25550e+03 2.94770e-03
7.25600e+03 2.86084e-03
7.25650e+03 2.68479e-03
7.25700e+03 2.98461e-03
7.25750e+03 3.00343e-03
7.25800e+03 2.91588e-03
7.25850e+03 3.06033e-03
7.25900e+03 3.09696e-03
7.25950e+03 3.07935e-03
7.26000e+03 2.83252e-03
7.26050e+03 2.90185e-03
7.26100e+03 2.86813e-03
7.26150e+03 2.67569e-03
7.26200e+03 2.32286e-03
7.26250e+03 2.00362e-03
7.26300e+03 1.86274e-03
7.26350e+03 2.04185e-03
7.26400e+03 1.88242e-03
7.26450e+03 1.68697e-03
7.26500e+03 1.58000e-03
7.26550e+03 1.49066e-03
7.26600e+03 1.49073e-03
7.26650e+03 1.54379e-03
7.26700e+03 0.00000e+00
7.26750e+03 1.43617e-03
7.26800e+03 1.59473e-03
7.26850e+03 1.82655e-03
7.26900e+03 1.71822e-03
7.26950e+03 1.73399e-03
7.27000e+03 1.76944e-03
7.27050e+03 1.71713e-03
7.27100e+03 1.89494e-03
7.27150e+03 1.78609e-03
7.27200e+03 1.89155e-03
7.27250e+03 1.85512e-03
7.27300e+03 2.06690e-03
7.27350e+03 1.83872e-03
7.27400e+03 1.80229e-03
7.27450e+03 1.60733e-03
7.27500e+03 1.74704e-03
7.27550e+03 1.65680e-03
7.27600e+03 1.58516e-03
7.27650e+03 1.54922e-03
7.27700e+03 1.33878e-03
7.27750e+03 1.42734e-03
7.27800e+03 1.49719e-03
7.27850e+03 1.47797e-03
7.27900e+03 1.30179e-03
7.27950e+03 0.00000e+00
7.28000e+03 0.00000e+00
7.28050e+03 1.35757e-03
7.28100e+03 0.00000e+00
7.28150e+03 0.00000e+00
7.28200e+03 0.00000e+00
7.28250e+03 1.37728e-03
7.28300e+03 1.34410e-03
7.28350e+03 0.00000e+00
7.28400e+03 0.00000e+00
7.28450e+03 0.00000e+00
7.28500e+03 1.50777e-03
7.28550e+03 1.45355e-03
7.28600e+03 1.73924e-03
7.28650e+03 1.77772e-03
7.28700e+03 1.61731e-03
7.28750e+03 1.51042e-03
7.28800e+03 1.44008e-03
7.28850e+03 1.29814e-03
7.28900e+03 0.00000e+00
7.28950e+03 1.40569e-03
7.29000e+03 1.31767e-03
7.29050e+03 0.00000e+00
7.29100e+03 1.44475e-03
7.29150e+03 1.74738e-03
7.29200e+03 1.67670e-03
7.29250e+03 1.40855e-03
7.29300e+03 1.33863e-03
7.29350e+03 1.57224e-03
7.29400e+03 0.00000e+00
7.29450e+03 0.00000e+00
7.29500e+03 1.44711e-03
7.29550e+03 1.71553e-03
7.29600e+03 1.69791e-03
7.29650e+03 1.69712e-03
7.29700e+03 1.46354e-03
7.29750e+03 1.37405e-03
7.29800e+03 1.64173e-03
7.29850e+03 1.62344e-03
7.29900e+03 1.37275e-03
7.29950e+03 1.46198e-03
7.30000e+03 1.28397e-03
7.30050e+03 1.46218e-03
7.30100e+03 1.39126e-03
7.30150e+03 0.00000e+00
7.30200e+03 0.00000e+00
7.30250e+03 0.00000e+00
7.30300e+03 0.00000e+00
7.30350e+03 0.00000e+00
7.30400e+03 0.00000e+00
7.30450e+03 0.00000e+00
7.30500e+03 1.33957e-03
7.30550e+03 1.32241e-03
7.30600e+03 0.00000e+00
7.30650e+03 0.00000e+00
7.30700e+03 0.00000e+00
7.30750e+03 0.00000e+00
7.30800e+03 1.41092e-03
7.30850e+03 1.42914e-03
7.30900e+03 0.00000e+00
7.30950e+03 1.32195e-03
7.31000e+03 0.00000e+00
7.31050e+03 0.00000e+00
7.31100e+03 0.00000e+00
7.31150e+03 0.00000e+00
7.31200e+03 0.00000e+00
7.31250e+03 0.00000e+00
7.31300e+03 0.00000e+00
7.31350e+03 0.00000e+00
7.31400e+03 0.00000e+00
7.31450e+03 0.00000e+00
7.31500e+03 0.00000e+00
7.31550e+03 0.00000e+00
7.31600e+03 0.00000e+00
7.31650e+03 0.00000e+00
7.31700e+03 0.00000e+00
7.31750e+03 0.00000e+00
7.31800e+03 0.00000e+00
7.31850e+03 0.00000e+00
7.31900e+03 0.00000e+00
7.31950e+03 0.00000e+00
7.32000e+03 0.00000e+00
7.32050e+03 0.00000e+00
7.32100e+03 0.00000e+00
7.32150e+03 0.00000e+00
7.32200e+03 0.00000e+00
7.32250e+03 0.00000e+00
7.32300e+03 0.00000e+00
7.32350e+03 0.00000e+00
7.32400e+03 0.00000e+00
7.32450e+03 0.00000e+00
7.32500e+03 0.00000e+00
7.32550e+03 0.00000e+00
7.32600e+03 0.00000e+00
7.32650e+03 0.00000e+00
7.32700e+03 0.00000e+00
7.32750e+03 0.00000e+00
7.32800e+03 0.00000e+00
7.32850e+03 0.00000e+00
7.32900e+03 0.00000e+00
7.32950e+03 0.00000e+00
7.33000e+03 0.00000e+00
7.33050e+03 0.00000e+00
7.33100e+03 0.00000e+00
7.33150e+03 0.00000e+00
7.33200e+03 0.00000e+00
7.33250e+03 1.35666e-03
7.33300e+03 1.52273e-03
7.33350e+03 1.48740e-03
7.33400e+03 1.46849e-03
7.33450e+03 1.81924e-03
7.33500e+03 2.04229e-03
7.33550e+03 2.04435e-03
7.33600e+03 2.00745e-03
7.33650e+03 1.87836e-03
7.33700e+03 1.84340e-03
7.33750e+03 2.12423e-03
7.33800e+03 2.14421e-03
7.33850e+03 1.97919e-03
7.33900e+03 1.61095e-03
7.33950e+03 1.40922e-03
