# Filter name : Subaru/Suprime.IB427
# Description : Suprime IB427 filter  (full transmission)
# Photometric system : Suprime
# FilterType : photon
# Band name : ------
# Observatory : Subaru
# Instrument : Suprime
# Comments : Valid from Jan 2009
# 
4.07850e+03 0.00000e+00
4.07900e+03 9.35970e-04
4.07950e+03 9.74126e-04
4.08000e+03 1.07458e-03
4.08050e+03 1.07515e-03
4.08100e+03 1.07573e-03
4.08150e+03 1.15179e-03
4.08200e+03 1.24023e-03
4.08250e+03 1.34109e-03
4.08300e+03 1.41659e-03
4.08350e+03 1.45517e-03
4.08400e+03 1.48145e-03
4.08450e+03 1.53245e-03
4.08500e+03 1.54563e-03
4.08550e+03 1.53410e-03
4.08600e+03 1.57202e-03
4.08650e+03 1.61081e-03
4.08700e+03 1.71235e-03
4.08750e+03 1.72566e-03
4.08800e+03 1.75219e-03
4.08850e+03 1.82918e-03
4.08900e+03 1.93106e-03
4.08950e+03 2.03304e-03
4.09000e+03 2.03413e-03
4.09050e+03 2.08575e-03
4.09100e+03 2.16231e-03
4.09150e+03 2.21406e-03
4.09200e+03 2.30405e-03
4.09250e+03 2.36840e-03
4.09300e+03 2.50924e-03
4.09350e+03 2.72669e-03
4.09400e+03 2.81633e-03
4.09450e+03 2.94516e-03
4.09500e+03 3.03584e-03
4.09550e+03 3.15159e-03
4.09600e+03 3.24245e-03
4.09650e+03 3.34592e-03
4.09700e+03 3.42445e-03
4.09750e+03 3.55313e-03
4.09800e+03 3.74623e-03
4.09850e+03 3.85010e-03
4.09900e+03 4.01843e-03
4.09950e+03 4.23708e-03
4.10000e+03 4.43081e-03
4.10050e+03 4.62470e-03
4.10100e+03 4.79278e-03
4.10150e+03 4.97438e-03
4.10200e+03 5.16871e-03
4.10250e+03 5.38835e-03
4.10300e+03 5.59556e-03
4.10350e+03 5.89279e-03
4.10400e+03 6.16421e-03
4.10450e+03 6.44930e-03
4.10500e+03 6.81112e-03
4.10550e+03 7.09671e-03
4.10600e+03 7.34384e-03
4.10650e+03 7.66779e-03
4.10700e+03 7.99284e-03
4.10750e+03 8.38223e-03
4.10800e+03 8.73234e-03
4.10850e+03 9.21685e-03
4.10900e+03 9.62584e-03
4.10950e+03 1.00184e-02
4.11000e+03 1.05127e-02
4.11050e+03 1.09820e-02
4.11100e+03 1.14771e-02
4.11150e+03 1.20488e-02
4.11200e+03 1.27394e-02
4.11250e+03 1.34561e-02
4.11300e+03 1.41479e-02
4.11350e+03 1.49252e-02
4.11400e+03 1.59318e-02
4.11450e+03 1.68546e-02
4.11500e+03 1.78886e-02
4.11550e+03 1.88301e-02
4.11600e+03 1.99846e-02
4.11650e+03 2.09958e-02
4.11700e+03 2.21694e-02
4.11750e+03 2.34375e-02
4.11800e+03 2.47748e-02
4.11850e+03 2.62665e-02
4.11900e+03 2.78445e-02
4.11950e+03 2.93985e-02
4.12000e+03 3.09453e-02
4.12050e+03 3.25959e-02
4.12100e+03 3.44183e-02
4.12150e+03 3.63193e-02
4.12200e+03 3.81878e-02
4.12250e+03 4.02202e-02
4.12300e+03 4.22971e-02
4.12350e+03 4.46836e-02
4.12400e+03 4.68413e-02
4.12450e+03 4.92918e-02
4.12500e+03 5.20012e-02
4.12550e+03 5.48587e-02
4.12600e+03 5.76586e-02
4.12650e+03 6.04697e-02
4.12700e+03 6.34805e-02
4.12750e+03 6.65797e-02
4.12800e+03 6.98876e-02
4.12850e+03 7.34130e-02
4.12900e+03 7.69417e-02
4.12950e+03 8.07140e-02
4.13000e+03 8.44812e-02
4.13050e+03 8.85010e-02
4.13100e+03 9.27568e-02
4.13150e+03 9.68442e-02
4.13200e+03 1.01279e-01
4.13250e+03 1.06063e-01
4.13300e+03 1.10680e-01
4.13350e+03 1.15472e-01
4.13400e+03 1.20700e-01
4.13450e+03 1.26019e-01
4.13500e+03 1.31602e-01
4.13550e+03 1.37448e-01
4.13600e+03 1.43215e-01
4.13650e+03 1.48812e-01
4.13700e+03 1.54415e-01
4.13750e+03 1.60369e-01
4.13800e+03 1.66501e-01
4.13850e+03 1.72639e-01
4.13900e+03 1.79042e-01
4.13950e+03 1.85971e-01
4.14000e+03 1.92820e-01
4.14050e+03 1.99674e-01
4.14100e+03 2.06622e-01
4.14150e+03 2.13836e-01
4.14200e+03 2.20883e-01
4.14250e+03 2.28283e-01
4.14300e+03 2.35516e-01
4.14350e+03 2.43105e-01
4.14400e+03 2.50785e-01
4.14450e+03 2.58997e-01
4.14500e+03 2.67563e-01
4.14550e+03 2.75789e-01
4.14600e+03 2.84370e-01
4.14650e+03 2.92872e-01
4.14700e+03 3.01469e-01
4.14750e+03 3.09898e-01
4.14800e+03 3.18509e-01
4.14850e+03 3.27391e-01
4.14900e+03 3.36106e-01
4.14950e+03 3.45090e-01
4.15000e+03 3.53995e-01
4.15050e+03 3.63433e-01
4.15100e+03 3.72529e-01
4.15150e+03 3.82071e-01
4.15200e+03 3.91359e-01
4.15250e+03 4.00743e-01
4.15300e+03 4.09783e-01
4.15350e+03 4.18657e-01
4.15400e+03 4.28592e-01
4.15450e+03 4.38535e-01
4.15500e+03 4.47872e-01
4.15550e+03 4.57305e-01
4.15600e+03 4.66747e-01
4.15650e+03 4.75933e-01
4.15700e+03 4.85214e-01
4.15750e+03 4.94680e-01
4.15800e+03 5.03801e-01
4.15850e+03 5.12843e-01
4.15900e+03 5.21628e-01
4.15950e+03 5.30332e-01
4.16000e+03 5.39749e-01
4.16050e+03 5.48293e-01
4.16100e+03 5.57108e-01
4.16150e+03 5.66461e-01
4.16200e+03 5.74407e-01
4.16250e+03 5.82626e-01
4.16300e+03 5.91382e-01
4.16350e+03 5.99615e-01
4.16400e+03 6.07943e-01
4.16450e+03 6.16457e-01
4.16500e+03 6.24888e-01
4.16550e+03 6.32973e-01
4.16600e+03 6.40886e-01
4.16650e+03 6.48629e-01
4.16700e+03 6.56734e-01
4.16750e+03 6.64135e-01
4.16800e+03 6.71275e-01
4.16850e+03 6.78243e-01
4.16900e+03 6.85840e-01
4.16950e+03 6.92376e-01
4.17000e+03 6.99185e-01
4.17050e+03 7.05642e-01
4.17100e+03 7.11569e-01
4.17150e+03 7.17592e-01
4.17200e+03 7.23441e-01
4.17250e+03 7.29473e-01
4.17300e+03 7.34885e-01
4.17350e+03 7.40660e-01
4.17400e+03 7.46260e-01
4.17450e+03 7.51507e-01
4.17500e+03 7.56222e-01
4.17550e+03 7.61120e-01
4.17600e+03 7.66023e-01
4.17650e+03 7.70928e-01
4.17700e+03 7.74942e-01
4.17750e+03 7.78869e-01
4.17800e+03 7.83429e-01
4.17850e+03 7.88351e-01
4.17900e+03 7.92468e-01
4.17950e+03 7.97039e-01
4.18000e+03 8.01164e-01
4.18050e+03 8.04483e-01
4.18100e+03 8.08165e-01
4.18150e+03 8.11131e-01
4.18200e+03 8.14458e-01
4.18250e+03 8.17248e-01
4.18300e+03 8.21392e-01
4.18350e+03 8.24548e-01
4.18400e+03 8.26895e-01
4.18450e+03 8.29153e-01
4.18500e+03 8.31864e-01
4.18550e+03 8.35211e-01
4.18600e+03 8.36571e-01
4.18650e+03 8.38205e-01
4.18700e+03 8.40291e-01
4.18750e+03 8.42017e-01
4.18800e+03 8.43654e-01
4.18850e+03 8.45564e-01
4.18900e+03 8.46841e-01
4.18950e+03 8.47937e-01
4.19000e+03 8.49488e-01
4.19050e+03 8.51041e-01
4.19100e+03 8.51418e-01
4.19150e+03 8.52162e-01
4.19200e+03 8.52634e-01
4.19250e+03 8.53836e-01
4.19300e+03 8.54311e-01
4.19350e+03 8.54606e-01
4.19400e+03 8.55628e-01
4.19450e+03 8.56013e-01
4.19500e+03 8.56305e-01
4.19550e+03 8.57143e-01
4.19600e+03 8.57250e-01
4.19650e+03 8.56989e-01
4.19700e+03 8.57728e-01
4.19750e+03 8.57186e-01
4.19800e+03 8.56639e-01
4.19850e+03 8.56270e-01
4.19900e+03 8.55894e-01
4.19950e+03 8.55055e-01
4.20000e+03 8.55307e-01
4.20050e+03 8.55094e-01
4.20100e+03 8.55333e-01
4.20150e+03 8.54925e-01
4.20200e+03 8.55244e-01
4.20250e+03 8.54733e-01
4.20300e+03 8.54494e-01
4.20350e+03 8.53332e-01
4.20400e+03 8.53175e-01
4.20450e+03 8.53108e-01
4.20500e+03 8.52579e-01
4.20550e+03 8.52508e-01
4.20600e+03 8.52525e-01
4.20650e+03 8.51992e-01
4.20700e+03 8.51733e-01
4.20750e+03 8.52395e-01
4.20800e+03 8.52505e-01
4.20850e+03 8.52341e-01
4.20900e+03 8.51994e-01
4.20950e+03 8.51926e-01
4.21000e+03 8.51215e-01
4.21050e+03 8.51243e-01
4.21100e+03 8.51179e-01
4.21150e+03 8.51483e-01
4.21200e+03 8.51879e-01
4.21250e+03 8.51722e-01
4.21300e+03 8.51750e-01
4.21350e+03 8.52609e-01
4.21400e+03 8.53006e-01
4.21450e+03 8.53680e-01
4.21500e+03 8.54818e-01
4.21550e+03 8.54753e-01
4.21600e+03 8.55059e-01
4.21650e+03 8.55087e-01
4.21700e+03 8.55947e-01
4.21750e+03 8.56438e-01
4.21800e+03 8.56929e-01
4.21850e+03 8.57606e-01
4.21900e+03 8.57818e-01
4.21950e+03 8.58124e-01
4.22000e+03 8.57688e-01
4.22050e+03 8.58921e-01
4.22100e+03 8.59969e-01
4.22150e+03 8.59718e-01
4.22200e+03 8.60301e-01
4.22250e+03 8.61072e-01
4.22300e+03 8.61005e-01
4.22350e+03 8.61683e-01
4.22400e+03 8.62267e-01
4.22450e+03 8.63411e-01
4.22500e+03 8.63996e-01
4.22550e+03 8.64582e-01
4.22600e+03 8.65540e-01
4.22650e+03 8.66034e-01
4.22700e+03 8.66807e-01
4.22750e+03 8.68139e-01
4.22800e+03 8.69474e-01
4.22850e+03 8.69316e-01
4.22900e+03 8.69997e-01
4.22950e+03 8.71333e-01
4.23000e+03 8.72015e-01
4.23050e+03 8.73166e-01
4.23100e+03 8.74785e-01
4.23150e+03 8.76125e-01
4.23200e+03 8.77465e-01
4.23250e+03 8.78525e-01
4.23300e+03 8.79399e-01
4.23350e+03 8.80929e-01
4.23400e+03 8.81991e-01
4.23450e+03 8.83054e-01
4.23500e+03 8.84588e-01
4.23550e+03 8.85745e-01
4.23600e+03 8.86998e-01
4.23650e+03 8.88627e-01
4.23700e+03 8.89882e-01
4.23750e+03 8.90855e-01
4.23800e+03 8.92392e-01
4.23850e+03 8.93931e-01
4.23900e+03 8.94154e-01
4.23950e+03 8.95128e-01
4.24000e+03 8.95822e-01
4.24050e+03 8.96892e-01
4.24100e+03 8.98999e-01
4.24150e+03 8.99599e-01
4.24200e+03 9.00482e-01
4.24250e+03 9.01367e-01
4.24300e+03 9.02062e-01
4.24350e+03 9.02759e-01
4.24400e+03 9.04399e-01
4.24450e+03 9.04812e-01
4.24500e+03 9.05982e-01
4.24550e+03 9.06775e-01
4.24600e+03 9.07472e-01
4.24650e+03 9.07792e-01
4.24700e+03 9.09531e-01
4.24750e+03 9.10420e-01
4.24800e+03 9.11498e-01
4.24850e+03 9.12767e-01
4.24900e+03 9.13278e-01
4.24950e+03 9.14926e-01
4.25000e+03 9.15818e-01
4.25050e+03 9.16804e-01
4.25100e+03 9.17507e-01
4.25150e+03 9.18684e-01
4.25200e+03 9.19197e-01
4.25250e+03 9.20851e-01
4.25300e+03 9.21935e-01
4.25350e+03 9.23495e-01
4.25400e+03 9.24485e-01
4.25450e+03 9.25571e-01
4.25500e+03 9.26278e-01
4.25550e+03 9.27080e-01
4.25600e+03 9.28073e-01
4.25650e+03 9.28685e-01
4.25700e+03 9.29107e-01
4.25750e+03 9.29149e-01
4.25800e+03 9.30048e-01
4.25850e+03 9.31138e-01
4.25900e+03 9.32420e-01
4.25950e+03 9.33225e-01
4.26000e+03 9.34317e-01
4.26050e+03 9.34646e-01
4.26100e+03 9.34880e-01
4.26150e+03 9.35495e-01
4.26200e+03 9.36303e-01
4.26250e+03 9.37014e-01
4.26300e+03 9.37918e-01
4.26350e+03 9.38057e-01
4.26400e+03 9.38674e-01
4.26450e+03 9.38909e-01
4.26500e+03 9.39431e-01
4.26550e+03 9.40145e-01
4.26600e+03 9.41242e-01
4.26650e+03 9.41765e-01
4.26700e+03 9.42096e-01
4.26750e+03 9.42332e-01
4.26800e+03 9.42758e-01
4.26850e+03 9.43857e-01
4.26900e+03 9.44573e-01
4.26950e+03 9.44520e-01
4.27000e+03 9.45140e-01
4.27050e+03 9.45471e-01
4.27100e+03 9.45706e-01
4.27150e+03 9.47191e-01
4.27200e+03 9.47619e-01
4.27250e+03 9.47854e-01
4.27300e+03 9.47800e-01
4.27350e+03 9.48324e-01
4.27400e+03 9.48752e-01
4.27450e+03 9.48986e-01
4.27500e+03 9.49222e-01
4.27550e+03 9.49649e-01
4.27600e+03 9.49691e-01
4.27650e+03 9.49830e-01
4.27700e+03 9.50161e-01
4.27750e+03 9.51169e-01
4.27800e+03 9.51695e-01
4.27850e+03 9.52027e-01
4.27900e+03 9.52166e-01
4.27950e+03 9.52014e-01
4.28000e+03 9.52443e-01
4.28050e+03 9.53067e-01
4.28100e+03 9.53303e-01
4.28150e+03 9.53733e-01
4.28200e+03 9.53582e-01
4.28250e+03 9.53915e-01
4.28300e+03 9.54442e-01
4.28350e+03 9.55358e-01
4.28400e+03 9.56274e-01
4.28450e+03 9.57191e-01
4.28500e+03 9.57719e-01
4.28550e+03 9.57860e-01
4.28600e+03 9.58388e-01
4.28650e+03 9.59015e-01
4.28700e+03 9.59933e-01
4.28750e+03 9.60658e-01
4.28800e+03 9.61187e-01
4.28850e+03 9.62204e-01
4.28900e+03 9.63318e-01
4.28950e+03 9.63654e-01
4.29000e+03 9.64964e-01
4.29050e+03 9.66569e-01
4.29100e+03 9.67490e-01
4.29150e+03 9.67436e-01
4.29200e+03 9.67578e-01
4.29250e+03 9.67133e-01
4.29300e+03 9.67177e-01
4.29350e+03 9.67416e-01
4.29400e+03 9.67165e-01
4.29450e+03 9.67892e-01
4.29500e+03 9.68229e-01
4.29550e+03 9.67587e-01
4.29600e+03 9.68119e-01
4.29650e+03 9.67965e-01
4.29700e+03 9.68497e-01
4.29750e+03 9.69029e-01
4.29800e+03 9.69267e-01
4.29850e+03 9.69016e-01
4.29900e+03 9.69352e-01
4.29950e+03 9.69688e-01
4.30000e+03 9.69827e-01
4.30050e+03 9.70065e-01
4.30100e+03 9.70892e-01
4.30150e+03 9.71524e-01
4.30200e+03 9.72155e-01
4.30250e+03 9.71803e-01
4.30300e+03 9.72434e-01
4.30350e+03 9.73656e-01
4.30400e+03 9.74780e-01
4.30450e+03 9.75413e-01
4.30500e+03 9.76242e-01
4.30550e+03 9.77172e-01
4.30600e+03 9.77805e-01
4.30650e+03 9.78438e-01
4.30700e+03 9.79565e-01
4.30750e+03 9.81087e-01
4.30800e+03 9.82906e-01
4.30850e+03 9.84331e-01
4.30900e+03 9.85855e-01
4.30950e+03 9.86591e-01
4.31000e+03 9.87623e-01
4.31050e+03 9.89346e-01
4.31100e+03 9.89885e-01
4.31150e+03 9.91116e-01
4.31200e+03 9.91754e-01
4.31250e+03 9.93283e-01
4.31300e+03 9.93921e-01
4.31350e+03 9.95351e-01
4.31400e+03 9.96387e-01
4.31450e+03 9.97323e-01
4.31500e+03 9.97766e-01
4.31550e+03 9.98008e-01
4.31600e+03 9.97954e-01
4.31650e+03 9.98495e-01
4.31700e+03 9.98738e-01
4.31750e+03 9.99677e-01
4.31800e+03 9.99026e-01
4.31850e+03 9.99170e-01
4.31900e+03 9.99811e-01
4.31950e+03 9.99955e-01
4.32000e+03 1.00000e+00
4.32050e+03 9.99348e-01
4.32100e+03 9.98596e-01
4.32150e+03 9.97744e-01
4.32200e+03 9.96392e-01
4.32250e+03 9.95339e-01
4.32300e+03 9.94584e-01
4.32350e+03 9.93430e-01
4.32400e+03 9.91975e-01
4.32450e+03 9.90718e-01
4.32500e+03 9.89461e-01
4.32550e+03 9.88103e-01
4.32600e+03 9.87443e-01
4.32650e+03 9.85184e-01
4.32700e+03 9.83223e-01
4.32750e+03 9.80559e-01
4.32800e+03 9.77894e-01
4.32850e+03 9.76328e-01
4.32900e+03 9.74360e-01
4.32950e+03 9.72691e-01
4.33000e+03 9.70118e-01
4.33050e+03 9.67744e-01
4.33100e+03 9.64668e-01
4.33150e+03 9.61888e-01
4.33200e+03 9.59510e-01
4.33250e+03 9.56024e-01
4.33300e+03 9.52637e-01
4.33350e+03 9.49247e-01
4.33400e+03 9.45653e-01
4.33450e+03 9.42660e-01
4.33500e+03 9.39665e-01
4.33550e+03 9.36366e-01
4.33600e+03 9.32662e-01
4.33650e+03 9.27849e-01
4.33700e+03 9.23937e-01
4.33750e+03 9.18614e-01
4.33800e+03 9.14697e-01
4.33850e+03 9.10272e-01
4.33900e+03 9.05947e-01
4.33950e+03 9.01516e-01
4.34000e+03 8.96478e-01
4.34050e+03 8.91838e-01
4.34100e+03 8.86288e-01
4.34150e+03 8.80936e-01
4.34200e+03 8.76084e-01
4.34250e+03 8.70724e-01
4.34300e+03 8.64551e-01
4.34350e+03 8.59183e-01
4.34400e+03 8.52901e-01
4.34450e+03 8.47019e-01
4.34500e+03 8.40424e-01
4.34550e+03 8.34432e-01
4.34600e+03 8.28639e-01
4.34650e+03 8.22437e-01
4.34700e+03 8.15825e-01
4.34750e+03 8.08802e-01
4.34800e+03 8.01572e-01
4.34850e+03 7.94235e-01
4.34900e+03 7.87197e-01
4.34950e+03 7.79953e-01
4.35000e+03 7.72094e-01
4.35050e+03 7.64533e-01
4.35100e+03 7.56968e-01
4.35150e+03 7.48991e-01
4.35200e+03 7.41314e-01
4.35250e+03 7.33428e-01
4.35300e+03 7.25333e-01
4.35350e+03 7.16621e-01
4.35400e+03 7.07700e-01
4.35450e+03 6.98569e-01
4.35500e+03 6.89839e-01
4.35550e+03 6.81510e-01
4.35600e+03 6.72666e-01
4.35650e+03 6.63817e-01
4.35700e+03 6.54858e-01
4.35750e+03 6.45894e-01
4.35800e+03 6.36820e-01
4.35850e+03 6.27129e-01
4.35900e+03 6.17225e-01
4.35950e+03 6.07417e-01
4.36000e+03 5.97704e-01
4.36050e+03 5.88700e-01
4.36100e+03 5.79281e-01
4.36150e+03 5.69651e-01
4.36200e+03 5.60218e-01
4.36250e+03 5.50575e-01
4.36300e+03 5.40413e-01
4.36350e+03 5.30345e-01
4.36400e+03 5.20988e-01
4.36450e+03 5.11216e-01
4.36500e+03 5.01436e-01
4.36550e+03 4.91034e-01
4.36600e+03 4.81446e-01
4.36650e+03 4.72055e-01
4.36700e+03 4.62352e-01
4.36750e+03 4.52847e-01
4.36800e+03 4.43644e-01
4.36850e+03 4.33509e-01
4.36900e+03 4.23573e-01
4.36950e+03 4.14042e-01
4.37000e+03 4.03887e-01
4.37050e+03 3.94239e-01
4.37100e+03 3.84792e-01
4.37150e+03 3.75234e-01
4.37200e+03 3.65567e-01
4.37250e+03 3.56307e-01
4.37300e+03 3.46834e-01
4.37350e+03 3.37766e-01
4.37400e+03 3.28383e-01
4.37450e+03 3.18890e-01
4.37500e+03 3.09908e-01
4.37550e+03 3.01022e-01
4.37600e+03 2.91924e-01
4.37650e+03 2.83439e-01
4.37700e+03 2.75054e-01
4.37750e+03 2.66765e-01
4.37800e+03 2.58678e-01
4.37850e+03 2.50585e-01
4.37900e+03 2.42693e-01
4.37950e+03 2.34693e-01
4.38000e+03 2.26895e-01
4.38050e+03 2.19299e-01
4.38100e+03 2.11801e-01
4.38150e+03 2.04505e-01
4.38200e+03 1.97205e-01
4.38250e+03 1.90419e-01
4.38300e+03 1.83628e-01
4.38350e+03 1.76728e-01
4.38400e+03 1.69929e-01
4.38450e+03 1.63540e-01
4.38500e+03 1.57146e-01
4.38550e+03 1.50957e-01
4.38600e+03 1.45180e-01
4.38650e+03 1.39503e-01
4.38700e+03 1.33718e-01
4.38750e+03 1.28241e-01
4.38800e+03 1.22866e-01
4.38850e+03 1.17903e-01
4.38900e+03 1.13146e-01
4.38950e+03 1.08281e-01
4.39000e+03 1.03653e-01
4.39050e+03 9.90739e-02
4.39100e+03 9.47531e-02
4.39150e+03 9.07844e-02
4.39200e+03 8.68655e-02
4.39250e+03 8.28394e-02
4.39300e+03 7.92707e-02
4.39350e+03 7.56890e-02
4.39400e+03 7.21678e-02
4.39450e+03 6.89476e-02
4.39500e+03 6.57775e-02
4.39550e+03 6.28251e-02
4.39600e+03 6.00697e-02
4.39650e+03 5.70609e-02
4.39700e+03 5.42492e-02
4.39750e+03 5.18340e-02
4.39800e+03 4.94380e-02
4.39850e+03 4.72293e-02
4.39900e+03 4.49035e-02
4.39950e+03 4.28177e-02
4.40000e+03 4.08143e-02
4.40050e+03 3.89147e-02
4.40100e+03 3.69928e-02
4.40150e+03 3.52693e-02
4.40200e+03 3.35130e-02
4.40250e+03 3.18819e-02
4.40300e+03 3.04181e-02
4.40350e+03 2.89323e-02
4.40400e+03 2.74772e-02
4.40450e+03 2.62529e-02
4.40500e+03 2.50383e-02
4.40550e+03 2.38335e-02
4.40600e+03 2.26703e-02
4.40650e+03 2.16118e-02
4.40700e+03 2.07003e-02
4.40750e+03 1.96617e-02
4.40800e+03 1.87386e-02
4.40850e+03 1.79522e-02
4.40900e+03 1.71125e-02
4.40950e+03 1.63675e-02
4.41000e+03 1.55586e-02
4.41050e+03 1.48232e-02
4.41100e+03 1.42037e-02
4.41150e+03 1.35944e-02
4.41200e+03 1.30271e-02
4.41250e+03 1.24912e-02
4.41300e+03 1.19761e-02
4.41350e+03 1.14926e-02
4.41400e+03 1.09981e-02
4.41450e+03 1.05606e-02
4.41500e+03 1.00782e-02
4.41550e+03 9.69314e-03
4.41600e+03 9.29192e-03
4.41650e+03 8.84057e-03
4.41700e+03 8.48766e-03
4.41750e+03 8.08465e-03
4.41800e+03 7.82794e-03
4.41850e+03 7.55515e-03
4.41900e+03 7.18441e-03
4.41950e+03 6.91019e-03
4.42000e+03 6.60389e-03
4.42050e+03 6.34634e-03
4.42100e+03 6.10460e-03
4.42150e+03 5.86270e-03
4.42200e+03 5.66964e-03
4.42250e+03 5.42746e-03
4.42300e+03 5.29913e-03
4.42350e+03 5.08972e-03
4.42400e+03 4.94523e-03
4.42450e+03 4.73452e-03
4.42500e+03 4.58982e-03
4.42550e+03 4.41196e-03
4.42600e+03 4.25106e-03
4.42650e+03 4.08900e-03
4.42700e+03 3.97597e-03
4.42750e+03 3.84684e-03
4.42800e+03 3.71764e-03
4.42850e+03 3.55521e-03
4.42900e+03 3.45899e-03
4.42950e+03 3.36163e-03
4.43000e+03 3.21607e-03
4.43050e+03 3.08649e-03
4.43100e+03 2.95682e-03
4.43150e+03 2.85919e-03
4.43200e+03 2.74543e-03
4.43250e+03 2.68091e-03
4.43300e+03 2.53487e-03
4.43350e+03 2.48633e-03
4.43400e+03 2.43882e-03
4.43450e+03 2.35695e-03
4.43500e+03 2.26000e-03
4.43550e+03 2.16193e-03
4.43600e+03 2.09708e-03
4.43650e+03 2.03219e-03
4.43700e+03 1.91784e-03
4.43750e+03 1.83674e-03
4.43800e+03 1.85342e-03
4.43850e+03 1.83785e-03
4.43900e+03 1.75664e-03
4.43950e+03 1.70768e-03
4.44000e+03 1.69205e-03
4.44050e+03 1.60965e-03
4.44100e+03 1.59398e-03
4.44150e+03 1.51259e-03
4.44200e+03 1.44730e-03
4.44250e+03 1.36472e-03
4.44300e+03 1.36513e-03
4.44350e+03 1.31701e-03
4.44400e+03 1.30014e-03
4.44450e+03 1.25196e-03
4.44500e+03 1.25234e-03
4.44550e+03 1.23544e-03
4.44600e+03 1.18720e-03
4.44650e+03 0.00000e+00
