# Filter name : Euclid/NISP.J
# Description : Euclid NISP J (full response)
# Photometric system : NISP
# FilterType : photon
# Band name : J
# Observatory : Euclid
# Instrument : NISP
# Comments : Includes filter, PLM (PayLoad Module) and detector QE.
# 
1.15100e+04 4.33300e-04
1.15200e+04 5.48742e-04
1.15300e+04 7.09022e-04
1.15400e+04 9.35450e-04
1.15500e+04 1.26085e-03
1.15600e+04 1.73804e-03
1.15700e+04 2.45336e-03
1.15800e+04 3.55008e-03
1.15900e+04 5.27474e-03
1.16000e+04 8.06253e-03
1.16100e+04 1.26869e-02
1.16200e+04 2.05847e-02
1.16300e+04 3.44328e-02
1.16400e+04 5.90970e-02
1.16500e+04 1.02726e-01
1.16600e+04 1.75736e-01
1.16700e+04 2.81564e-01
1.16800e+04 3.99086e-01
1.16900e+04 4.88725e-01
1.17000e+04 5.34227e-01
1.17100e+04 5.49653e-01
1.17200e+04 5.52688e-01
1.17300e+04 5.52944e-01
1.17400e+04 5.53664e-01
1.17500e+04 5.55030e-01
1.17600e+04 5.56590e-01
1.17700e+04 5.57824e-01
1.17800e+04 5.58662e-01
1.17900e+04 5.59388e-01
1.18000e+04 5.60007e-01
1.18100e+04 5.60648e-01
1.18200e+04 5.61279e-01
1.18300e+04 5.62029e-01
1.18400e+04 5.62760e-01
1.18500e+04 5.63130e-01
1.18600e+04 5.63446e-01
1.18700e+04 5.63399e-01
1.18800e+04 5.63078e-01
1.18900e+04 5.62973e-01
1.19000e+04 5.62926e-01
1.19100e+04 5.63148e-01
1.19200e+04 5.63634e-01
1.19300e+04 5.64373e-01
1.19400e+04 5.65314e-01
1.19500e+04 5.66173e-01
1.19600e+04 5.66826e-01
1.19700e+04 5.67439e-01
1.19800e+04 5.67991e-01
1.19900e+04 5.68110e-01
1.20000e+04 5.68064e-01
1.20100e+04 5.68030e-01
1.20200e+04 5.67870e-01
1.20300e+04 5.67653e-01
1.20400e+04 5.67521e-01
1.20500e+04 5.67565e-01
1.20600e+04 5.67854e-01
1.20700e+04 5.68379e-01
1.20800e+04 5.69047e-01
1.20900e+04 5.69681e-01
1.21000e+04 5.70455e-01
1.21100e+04 5.71411e-01
1.21200e+04 5.72243e-01
1.21300e+04 5.72832e-01
1.21400e+04 5.73206e-01
1.21500e+04 5.73523e-01
1.21600e+04 5.73701e-01
1.21700e+04 5.73725e-01
1.21800e+04 5.73665e-01
1.21900e+04 5.73627e-01
1.22000e+04 5.73734e-01
1.22100e+04 5.73858e-01
1.22200e+04 5.73820e-01
1.22300e+04 5.73867e-01
1.22400e+04 5.74103e-01
1.22500e+04 5.74373e-01
1.22600e+04 5.74599e-01
1.22700e+04 5.75037e-01
1.22800e+04 5.75738e-01
1.22900e+04 5.76339e-01
1.23000e+04 5.76799e-01
1.23100e+04 5.77178e-01
1.23200e+04 5.77411e-01
1.23300e+04 5.77496e-01
1.23400e+04 5.77481e-01
1.23500e+04 5.77406e-01
1.23600e+04 5.77353e-01
1.23700e+04 5.77259e-01
1.23800e+04 5.77077e-01
1.23900e+04 5.76890e-01
1.24000e+04 5.76637e-01
1.24100e+04 5.76272e-01
1.24200e+04 5.76052e-01
1.24300e+04 5.76013e-01
1.24400e+04 5.76034e-01
1.24500e+04 5.76160e-01
1.24600e+04 5.76330e-01
1.24700e+04 5.76548e-01
1.24800e+04 5.76923e-01
1.24900e+04 5.77272e-01
1.25000e+04 5.77551e-01
1.25100e+04 5.77877e-01
1.25200e+04 5.78157e-01
1.25300e+04 5.78387e-01
1.25400e+04 5.78507e-01
1.25500e+04 5.78474e-01
1.25600e+04 5.78308e-01
1.25700e+04 5.78197e-01
1.25800e+04 5.78120e-01
1.25900e+04 5.78045e-01
1.26000e+04 5.78032e-01
1.26100e+04 5.78069e-01
1.26200e+04 5.78222e-01
1.26300e+04 5.78402e-01
1.26400e+04 5.78748e-01
1.26500e+04 5.79222e-01
1.26600e+04 5.79615e-01
1.26700e+04 5.79906e-01
1.26800e+04 5.80278e-01
1.26900e+04 5.80553e-01
1.27000e+04 5.80688e-01
1.27100e+04 5.80888e-01
1.27200e+04 5.80733e-01
1.27300e+04 5.80296e-01
1.27400e+04 5.79773e-01
1.27500e+04 5.79307e-01
1.27600e+04 5.78678e-01
1.27700e+04 5.77879e-01
1.27800e+04 5.77229e-01
1.27900e+04 5.76707e-01
1.28000e+04 5.76156e-01
1.28100e+04 5.75683e-01
1.28200e+04 5.75292e-01
1.28300e+04 5.75180e-01
1.28400e+04 5.75289e-01
1.28500e+04 5.75238e-01
1.28600e+04 5.75254e-01
1.28700e+04 5.75362e-01
1.28800e+04 5.75445e-01
1.28900e+04 5.75670e-01
1.29000e+04 5.75805e-01
1.29100e+04 5.75687e-01
1.29200e+04 5.75481e-01
1.29300e+04 5.75286e-01
1.29400e+04 5.74921e-01
1.29500e+04 5.74545e-01
1.29600e+04 5.74197e-01
1.29700e+04 5.73719e-01
1.29800e+04 5.73133e-01
1.29900e+04 5.72851e-01
1.30000e+04 5.72706e-01
1.30100e+04 5.72591e-01
1.30200e+04 5.72701e-01
1.30300e+04 5.72954e-01
1.30400e+04 5.73415e-01
1.30500e+04 5.73803e-01
1.30600e+04 5.74039e-01
1.30700e+04 5.74419e-01
1.30800e+04 5.74890e-01
1.30900e+04 5.75392e-01
1.31000e+04 5.75830e-01
1.31100e+04 5.76169e-01
1.31200e+04 5.76481e-01
1.31300e+04 5.76535e-01
1.31400e+04 5.76285e-01
1.31500e+04 5.76047e-01
1.31600e+04 5.76013e-01
1.31700e+04 5.76036e-01
1.31800e+04 5.75830e-01
1.31900e+04 5.75373e-01
1.32000e+04 5.75241e-01
1.32100e+04 5.75282e-01
1.32200e+04 5.75483e-01
1.32300e+04 5.75572e-01
1.32400e+04 5.75676e-01
1.32500e+04 5.75933e-01
1.32600e+04 5.76221e-01
1.32700e+04 5.76636e-01
1.32800e+04 5.77116e-01
1.32900e+04 5.77605e-01
1.33000e+04 5.77795e-01
1.33100e+04 5.78002e-01
1.33200e+04 5.78401e-01
1.33300e+04 5.78546e-01
1.33400e+04 5.78493e-01
1.33500e+04 5.78499e-01
1.33600e+04 5.78514e-01
1.33700e+04 5.78342e-01
1.33800e+04 5.78217e-01
1.33900e+04 5.78320e-01
1.34000e+04 5.78161e-01
1.34100e+04 5.77913e-01
1.34200e+04 5.77808e-01
1.34300e+04 5.78022e-01
1.34400e+04 5.78346e-01
1.34500e+04 5.78372e-01
1.34600e+04 5.78435e-01
1.34700e+04 5.78641e-01
1.34800e+04 5.78718e-01
1.34900e+04 5.78579e-01
1.35000e+04 5.78637e-01
1.35100e+04 5.78817e-01
1.35200e+04 5.78683e-01
1.35300e+04 5.78291e-01
1.35400e+04 5.78138e-01
1.35500e+04 5.77742e-01
1.35600e+04 5.77044e-01
1.35700e+04 5.76341e-01
1.35800e+04 5.75759e-01
1.35900e+04 5.75302e-01
1.36000e+04 5.75011e-01
1.36100e+04 5.74537e-01
1.36200e+04 5.73694e-01
1.36300e+04 5.72994e-01
1.36400e+04 5.72768e-01
1.36500e+04 5.72818e-01
1.36600e+04 5.72594e-01
1.36700e+04 5.72296e-01
1.36800e+04 5.72398e-01
1.36900e+04 5.72320e-01
1.37000e+04 5.72054e-01
1.37100e+04 5.72355e-01
1.37200e+04 5.72454e-01
1.37300e+04 5.72386e-01
1.37400e+04 5.72365e-01
1.37500e+04 5.72291e-01
1.37600e+04 5.72237e-01
1.37700e+04 5.72350e-01
1.37800e+04 5.72204e-01
1.37900e+04 5.71713e-01
1.38000e+04 5.71294e-01
1.38100e+04 5.70947e-01
1.38200e+04 5.70593e-01
1.38300e+04 5.70548e-01
1.38400e+04 5.70436e-01
1.38500e+04 5.70074e-01
1.38600e+04 5.69892e-01
1.38700e+04 5.69852e-01
1.38800e+04 5.69911e-01
1.38900e+04 5.69887e-01
1.39000e+04 5.70111e-01
1.39100e+04 5.70442e-01
1.39200e+04 5.70468e-01
1.39300e+04 5.70763e-01
1.39400e+04 5.71208e-01
1.39500e+04 5.71318e-01
1.39600e+04 5.71165e-01
1.39700e+04 5.71179e-01
1.39800e+04 5.71008e-01
1.39900e+04 5.71125e-01
1.40000e+04 5.71279e-01
1.40100e+04 5.71204e-01
1.40200e+04 5.70987e-01
1.40300e+04 5.70767e-01
1.40400e+04 5.70580e-01
1.40500e+04 5.70261e-01
1.40600e+04 5.70082e-01
1.40700e+04 5.69938e-01
1.40800e+04 5.69807e-01
1.40900e+04 5.69553e-01
1.41000e+04 5.69169e-01
1.41100e+04 5.69106e-01
1.41200e+04 5.69519e-01
1.41300e+04 5.69826e-01
1.41400e+04 5.69213e-01
1.41500e+04 5.69539e-01
1.41600e+04 5.69872e-01
1.41700e+04 5.69628e-01
1.41800e+04 5.69436e-01
1.41900e+04 5.69416e-01
1.42000e+04 5.69347e-01
1.42100e+04 5.69116e-01
1.42200e+04 5.68937e-01
1.42300e+04 5.68855e-01
1.42400e+04 5.68573e-01
1.42500e+04 5.68157e-01
1.42600e+04 5.67691e-01
1.42700e+04 5.66986e-01
1.42800e+04 5.66270e-01
1.42900e+04 5.65875e-01
1.43000e+04 5.65603e-01
1.43100e+04 5.65078e-01
1.43200e+04 5.64539e-01
1.43300e+04 5.64302e-01
1.43400e+04 5.64197e-01
1.43500e+04 5.64204e-01
1.43600e+04 5.64263e-01
1.43700e+04 5.64372e-01
1.43800e+04 5.64345e-01
1.43900e+04 5.64334e-01
1.44000e+04 5.64314e-01
1.44100e+04 5.64525e-01
1.44200e+04 5.64784e-01
1.44300e+04 5.64986e-01
1.44400e+04 5.65145e-01
1.44500e+04 5.65102e-01
1.44600e+04 5.65093e-01
1.44700e+04 5.65350e-01
1.44800e+04 5.65483e-01
1.44900e+04 5.65433e-01
1.45000e+04 5.65287e-01
1.45100e+04 5.64917e-01
1.45200e+04 5.64647e-01
1.45300e+04 5.64373e-01
1.45400e+04 5.64089e-01
1.45500e+04 5.64060e-01
1.45600e+04 5.64181e-01
1.45700e+04 5.64036e-01
1.45800e+04 5.63823e-01
1.45900e+04 5.63712e-01
1.46000e+04 5.63610e-01
1.46100e+04 5.63589e-01
1.46200e+04 5.63700e-01
1.46300e+04 5.63677e-01
1.46400e+04 5.63781e-01
1.46500e+04 5.63838e-01
1.46600e+04 5.63948e-01
1.46700e+04 5.64125e-01
1.46800e+04 5.63936e-01
1.46900e+04 5.63665e-01
1.47000e+04 5.63342e-01
1.47100e+04 5.62902e-01
1.47200e+04 5.62795e-01
1.47300e+04 5.62696e-01
1.47400e+04 5.62204e-01
1.47500e+04 5.61632e-01
1.47600e+04 5.60962e-01
1.47700e+04 5.60819e-01
1.47800e+04 5.60419e-01
1.47900e+04 5.60042e-01
1.48000e+04 5.59771e-01
1.48100e+04 5.59580e-01
1.48200e+04 5.59422e-01
1.48300e+04 5.59328e-01
1.48400e+04 5.59172e-01
1.48500e+04 5.59035e-01
1.48600e+04 5.59163e-01
1.48700e+04 5.59356e-01
1.48800e+04 5.59375e-01
1.48900e+04 5.59402e-01
1.49000e+04 5.59434e-01
1.49100e+04 5.59465e-01
1.49200e+04 5.59518e-01
1.49300e+04 5.59346e-01
1.49400e+04 5.59008e-01
1.49500e+04 5.58738e-01
1.49600e+04 5.58207e-01
1.49700e+04 5.57701e-01
1.49800e+04 5.57612e-01
1.49900e+04 5.57018e-01
1.50000e+04 5.56575e-01
1.50100e+04 5.56264e-01
1.50200e+04 5.55772e-01
1.50300e+04 5.55584e-01
1.50400e+04 5.55526e-01
1.50500e+04 5.55329e-01
1.50600e+04 5.55308e-01
1.50700e+04 5.55076e-01
1.50800e+04 5.55408e-01
1.50900e+04 5.55754e-01
1.51000e+04 5.55701e-01
1.51100e+04 5.56100e-01
1.51200e+04 5.56069e-01
1.51300e+04 5.56239e-01
1.51400e+04 5.56767e-01
1.51500e+04 5.56695e-01
1.51600e+04 5.56470e-01
1.51700e+04 5.56448e-01
1.51800e+04 5.56303e-01
1.51900e+04 5.55894e-01
1.52000e+04 5.55413e-01
1.52100e+04 5.55193e-01
1.52200e+04 5.54907e-01
1.52300e+04 5.54120e-01
1.52400e+04 5.53853e-01
1.52500e+04 5.53551e-01
1.52600e+04 5.53305e-01
1.52700e+04 5.52871e-01
1.52800e+04 5.52779e-01
1.52900e+04 5.52747e-01
1.53000e+04 5.52686e-01
1.53100e+04 5.52355e-01
1.53200e+04 5.52386e-01
1.53300e+04 5.52423e-01
1.53400e+04 5.52365e-01
1.53500e+04 5.52720e-01
1.53600e+04 5.52720e-01
1.53700e+04 5.52085e-01
1.53800e+04 5.51898e-01
1.53900e+04 5.51970e-01
1.54000e+04 5.51249e-01
1.54100e+04 5.50335e-01
1.54200e+04 5.49611e-01
1.54300e+04 5.49341e-01
1.54400e+04 5.48880e-01
1.54500e+04 5.48054e-01
1.54600e+04 5.47685e-01
1.54700e+04 5.47247e-01
1.54800e+04 5.46823e-01
1.54900e+04 5.47069e-01
1.55000e+04 5.47048e-01
1.55100e+04 5.47079e-01
1.55200e+04 5.47554e-01
1.55300e+04 5.47709e-01
1.55400e+04 5.47749e-01
1.55500e+04 5.47836e-01
1.55600e+04 5.47552e-01
1.55700e+04 5.47100e-01
1.55800e+04 5.46553e-01
1.55900e+04 5.46387e-01
1.56000e+04 5.46407e-01
1.56100e+04 5.46186e-01
1.56200e+04 5.46337e-01
1.56300e+04 5.47138e-01
1.56400e+04 5.47147e-01
1.56500e+04 5.45428e-01
1.56600e+04 5.40293e-01
1.56700e+04 5.28717e-01
1.56800e+04 5.07686e-01
1.56900e+04 4.73912e-01
1.57000e+04 4.25869e-01
1.57100e+04 3.66756e-01
1.57200e+04 3.02439e-01
1.57300e+04 2.39853e-01
1.57400e+04 1.84487e-01
1.57500e+04 1.39142e-01
1.57600e+04 1.03997e-01
1.57700e+04 7.74396e-02
1.57800e+04 5.77111e-02
1.57900e+04 4.31993e-02
1.58000e+04 3.25320e-02
1.58100e+04 2.47180e-02
1.58200e+04 1.89571e-02
1.58300e+04 1.46593e-02
1.58400e+04 1.14346e-02
1.58500e+04 8.99792e-03
1.58600e+04 7.14439e-03
1.58700e+04 5.71699e-03
1.58800e+04 4.61107e-03
1.58900e+04 3.74489e-03
1.59000e+04 3.06215e-03
1.59100e+04 2.52288e-03
1.59200e+04 2.09299e-03
1.59300e+04 1.74654e-03
1.59400e+04 1.46741e-03
1.59500e+04 1.24047e-03
1.59600e+04 1.05447e-03
1.59700e+04 9.00836e-04
1.59800e+04 7.73777e-04
1.59900e+04 6.68190e-04
1.60000e+04 5.79710e-04
1.60100e+04 5.05726e-04
1.60200e+04 4.43567e-04
