# Filter name : Euclid/NISP.H
# Description : Euclid NISP H (full response)
# Photometric system : NISP
# FilterType : photon
# Band name : H
# Observatory : Euclid
# Instrument : NISP
# Comments : Includes filter, PLM (PayLoad Module) and detector QE.
# 
1.49600e+04 4.48873e-04
1.49700e+04 5.12677e-04
1.49800e+04 5.89428e-04
1.49900e+04 6.81207e-04
1.50000e+04 7.92394e-04
1.50100e+04 9.27689e-04
1.50200e+04 1.09283e-03
1.50300e+04 1.29654e-03
1.50400e+04 1.54928e-03
1.50500e+04 1.86395e-03
1.50600e+04 2.25979e-03
1.50700e+04 2.75966e-03
1.50800e+04 3.40057e-03
1.50900e+04 4.22554e-03
1.51000e+04 5.29290e-03
1.51100e+04 6.69600e-03
1.51200e+04 8.54631e-03
1.51300e+04 1.10219e-02
1.51400e+04 1.43717e-02
1.51500e+04 1.89198e-02
1.51600e+04 2.51694e-02
1.51700e+04 3.38533e-02
1.51800e+04 4.59758e-02
1.51900e+04 6.29335e-02
1.52000e+04 8.66160e-02
1.52100e+04 1.19347e-01
1.52200e+04 1.63349e-01
1.52300e+04 2.19619e-01
1.52400e+04 2.86901e-01
1.52500e+04 3.59170e-01
1.52600e+04 4.27202e-01
1.52700e+04 4.81976e-01
1.52800e+04 5.19731e-01
1.52900e+04 5.41503e-01
1.53000e+04 5.51546e-01
1.53100e+04 5.54329e-01
1.53200e+04 5.54106e-01
1.53300e+04 5.52789e-01
1.53400e+04 5.51474e-01
1.53500e+04 5.51153e-01
1.53600e+04 5.51128e-01
1.53700e+04 5.50987e-01
1.53800e+04 5.51582e-01
1.53900e+04 5.52525e-01
1.54000e+04 5.52598e-01
1.54100e+04 5.52274e-01
1.54200e+04 5.51908e-01
1.54300e+04 5.51752e-01
1.54400e+04 5.51189e-01
1.54500e+04 5.50115e-01
1.54600e+04 5.49414e-01
1.54700e+04 5.48603e-01
1.54800e+04 5.47827e-01
1.54900e+04 5.47778e-01
1.55000e+04 5.47550e-01
1.55100e+04 5.47486e-01
1.55200e+04 5.48005e-01
1.55300e+04 5.48348e-01
1.55400e+04 5.48720e-01
1.55500e+04 5.49265e-01
1.55600e+04 5.49525e-01
1.55700e+04 5.49648e-01
1.55800e+04 5.49589e-01
1.55900e+04 5.49725e-01
1.56000e+04 5.49727e-01
1.56100e+04 5.49091e-01
1.56200e+04 5.48452e-01
1.56300e+04 5.48321e-01
1.56400e+04 5.47848e-01
1.56500e+04 5.47256e-01
1.56600e+04 5.46821e-01
1.56700e+04 5.46349e-01
1.56800e+04 5.46303e-01
1.56900e+04 5.46518e-01
1.57000e+04 5.46422e-01
1.57100e+04 5.46711e-01
1.57200e+04 5.47276e-01
1.57300e+04 5.47735e-01
1.57400e+04 5.47842e-01
1.57500e+04 5.48073e-01
1.57600e+04 5.49206e-01
1.57700e+04 5.50230e-01
1.57800e+04 5.50811e-01
1.57900e+04 5.51113e-01
1.58000e+04 5.50864e-01
1.58100e+04 5.51003e-01
1.58200e+04 5.51439e-01
1.58300e+04 5.51447e-01
1.58400e+04 5.51313e-01
1.58500e+04 5.51163e-01
1.58600e+04 5.51284e-01
1.58700e+04 5.51186e-01
1.58800e+04 5.51134e-01
1.58900e+04 5.50773e-01
1.59000e+04 5.50214e-01
1.59100e+04 5.50037e-01
1.59200e+04 5.50070e-01
1.59300e+04 5.49882e-01
1.59400e+04 5.50099e-01
1.59500e+04 5.50493e-01
1.59600e+04 5.50879e-01
1.59700e+04 5.50946e-01
1.59800e+04 5.51181e-01
1.59900e+04 5.51441e-01
1.60000e+04 5.51506e-01
1.60100e+04 5.51924e-01
1.60200e+04 5.52681e-01
1.60300e+04 5.52786e-01
1.60400e+04 5.52486e-01
1.60500e+04 5.52263e-01
1.60600e+04 5.52457e-01
1.60700e+04 5.52605e-01
1.60800e+04 5.52413e-01
1.60900e+04 5.52002e-01
1.61000e+04 5.51661e-01
1.61100e+04 5.51322e-01
1.61200e+04 5.51230e-01
1.61300e+04 5.51056e-01
1.61400e+04 5.50969e-01
1.61500e+04 5.50700e-01
1.61600e+04 5.50370e-01
1.61700e+04 5.50198e-01
1.61800e+04 5.49923e-01
1.61900e+04 5.49666e-01
1.62000e+04 5.49867e-01
1.62100e+04 5.49926e-01
1.62200e+04 5.50249e-01
1.62300e+04 5.50467e-01
1.62400e+04 5.50603e-01
1.62500e+04 5.50692e-01
1.62600e+04 5.50464e-01
1.62700e+04 5.50781e-01
1.62800e+04 5.51192e-01
1.62900e+04 5.51728e-01
1.63000e+04 5.51825e-01
1.63100e+04 5.51779e-01
1.63200e+04 5.51897e-01
1.63300e+04 5.51396e-01
1.63400e+04 5.51340e-01
1.63500e+04 5.51499e-01
1.63600e+04 5.51823e-01
1.63700e+04 5.51560e-01
1.63800e+04 5.50835e-01
1.63900e+04 5.50917e-01
1.64000e+04 5.50678e-01
1.64100e+04 5.50412e-01
1.64200e+04 5.50211e-01
1.64300e+04 5.50191e-01
1.64400e+04 5.49542e-01
1.64500e+04 5.49466e-01
1.64600e+04 5.49613e-01
1.64700e+04 5.49366e-01
1.64800e+04 5.49457e-01
1.64900e+04 5.49458e-01
1.65000e+04 5.49504e-01
1.65100e+04 5.49700e-01
1.65200e+04 5.50406e-01
1.65300e+04 5.51125e-01
1.65400e+04 5.51482e-01
1.65500e+04 5.51673e-01
1.65600e+04 5.51605e-01
1.65700e+04 5.52021e-01
1.65800e+04 5.52334e-01
1.65900e+04 5.52335e-01
1.66000e+04 5.53366e-01
1.66100e+04 5.53377e-01
1.66200e+04 5.53107e-01
1.66300e+04 5.52901e-01
1.66400e+04 5.53513e-01
1.66500e+04 5.53525e-01
1.66600e+04 5.53401e-01
1.66700e+04 5.53046e-01
1.66800e+04 5.52349e-01
1.66900e+04 5.52390e-01
1.67000e+04 5.52157e-01
1.67100e+04 5.51997e-01
1.67200e+04 5.51769e-01
1.67300e+04 5.51363e-01
1.67400e+04 5.50892e-01
1.67500e+04 5.50437e-01
1.67600e+04 5.50089e-01
1.67700e+04 5.49825e-01
1.67800e+04 5.49512e-01
1.67900e+04 5.49950e-01
1.68000e+04 5.50459e-01
1.68100e+04 5.50303e-01
1.68200e+04 5.50009e-01
1.68300e+04 5.49702e-01
1.68400e+04 5.49844e-01
1.68500e+04 5.50149e-01
1.68600e+04 5.49765e-01
1.68700e+04 5.49725e-01
1.68800e+04 5.50730e-01
1.68900e+04 5.50813e-01
1.69000e+04 5.50719e-01
1.69100e+04 5.51034e-01
1.69200e+04 5.51512e-01
1.69300e+04 5.51534e-01
1.69400e+04 5.51143e-01
1.69500e+04 5.50667e-01
1.69600e+04 5.51526e-01
1.69700e+04 5.51387e-01
1.69800e+04 5.50971e-01
1.69900e+04 5.51035e-01
1.70000e+04 5.50991e-01
1.70100e+04 5.50850e-01
1.70200e+04 5.50829e-01
1.70300e+04 5.50398e-01
1.70400e+04 5.50096e-01
1.70500e+04 5.49933e-01
1.70600e+04 5.49278e-01
1.70700e+04 5.49173e-01
1.70800e+04 5.49713e-01
1.70900e+04 5.49684e-01
1.71000e+04 5.49443e-01
1.71100e+04 5.49811e-01
1.71200e+04 5.49870e-01
1.71300e+04 5.49479e-01
1.71400e+04 5.49741e-01
1.71500e+04 5.50075e-01
1.71600e+04 5.50121e-01
1.71700e+04 5.50700e-01
1.71800e+04 5.51157e-01
1.71900e+04 5.51027e-01
1.72000e+04 5.50934e-01
1.72100e+04 5.51542e-01
1.72200e+04 5.52430e-01
1.72300e+04 5.52549e-01
1.72400e+04 5.52696e-01
1.72500e+04 5.52951e-01
1.72600e+04 5.53168e-01
1.72700e+04 5.53192e-01
1.72800e+04 5.53012e-01
1.72900e+04 5.53758e-01
1.73000e+04 5.53983e-01
1.73100e+04 5.53409e-01
1.73200e+04 5.53238e-01
1.73300e+04 5.53225e-01
1.73400e+04 5.53768e-01
1.73500e+04 5.53726e-01
1.73600e+04 5.53541e-01
1.73700e+04 5.53194e-01
1.73800e+04 5.52836e-01
1.73900e+04 5.53115e-01
1.74000e+04 5.53182e-01
1.74100e+04 5.53252e-01
1.74200e+04 5.53241e-01
1.74300e+04 5.53308e-01
1.74400e+04 5.53366e-01
1.74500e+04 5.53110e-01
1.74600e+04 5.53239e-01
1.74700e+04 5.53009e-01
1.74800e+04 5.53792e-01
1.74900e+04 5.53762e-01
1.75000e+04 5.54035e-01
1.75100e+04 5.54108e-01
1.75200e+04 5.54516e-01
1.75300e+04 5.54666e-01
1.75400e+04 5.54812e-01
1.75500e+04 5.54681e-01
1.75600e+04 5.55021e-01
1.75700e+04 5.55229e-01
1.75800e+04 5.55553e-01
1.75900e+04 5.55249e-01
1.76000e+04 5.55467e-01
1.76100e+04 5.55806e-01
1.76200e+04 5.56045e-01
1.76300e+04 5.56066e-01
1.76400e+04 5.55995e-01
1.76500e+04 5.56449e-01
1.76600e+04 5.56378e-01
1.76700e+04 5.56135e-01
1.76800e+04 5.56009e-01
1.76900e+04 5.55875e-01
1.77000e+04 5.55687e-01
1.77100e+04 5.55808e-01
1.77200e+04 5.55574e-01
1.77300e+04 5.55008e-01
1.77400e+04 5.54989e-01
1.77500e+04 5.54880e-01
1.77600e+04 5.54666e-01
1.77700e+04 5.54526e-01
1.77800e+04 5.55049e-01
1.77900e+04 5.55108e-01
1.78000e+04 5.54967e-01
1.78100e+04 5.54721e-01
1.78200e+04 5.54635e-01
1.78300e+04 5.54523e-01
1.78400e+04 5.54692e-01
1.78500e+04 5.54449e-01
1.78600e+04 5.54691e-01
1.78700e+04 5.55299e-01
1.78800e+04 5.55656e-01
1.78900e+04 5.55642e-01
1.79000e+04 5.55919e-01
1.79100e+04 5.56638e-01
1.79200e+04 5.57091e-01
1.79300e+04 5.56844e-01
1.79400e+04 5.56782e-01
1.79500e+04 5.56891e-01
1.79600e+04 5.57045e-01
1.79700e+04 5.57346e-01
1.79800e+04 5.56812e-01
1.79900e+04 5.56903e-01
1.80000e+04 5.57791e-01
1.80100e+04 5.57579e-01
1.80200e+04 5.57446e-01
1.80300e+04 5.57392e-01
1.80400e+04 5.57505e-01
1.80500e+04 5.57357e-01
1.80600e+04 5.57348e-01
1.80700e+04 5.56971e-01
1.80800e+04 5.56459e-01
1.80900e+04 5.56678e-01
1.81000e+04 5.56682e-01
1.81100e+04 5.56684e-01
1.81200e+04 5.56651e-01
1.81300e+04 5.56700e-01
1.81400e+04 5.56984e-01
1.81500e+04 5.57792e-01
1.81600e+04 5.57021e-01
1.81700e+04 5.57024e-01
1.81800e+04 5.56817e-01
1.81900e+04 5.57318e-01
1.82000e+04 5.57085e-01
1.82100e+04 5.58441e-01
1.82200e+04 5.58784e-01
1.82300e+04 5.58492e-01
1.82400e+04 5.57813e-01
1.82500e+04 5.58686e-01
1.82600e+04 5.58993e-01
1.82700e+04 5.59212e-01
1.82800e+04 5.58442e-01
1.82900e+04 5.58441e-01
1.83000e+04 5.58671e-01
1.83100e+04 5.59265e-01
1.83200e+04 5.59260e-01
1.83300e+04 5.59882e-01
1.83400e+04 5.59736e-01
1.83500e+04 5.59033e-01
1.83600e+04 5.58459e-01
1.83700e+04 5.59857e-01
1.83800e+04 5.59613e-01
1.83900e+04 5.60021e-01
1.84000e+04 5.58858e-01
1.84100e+04 5.59008e-01
1.84200e+04 5.59323e-01
1.84300e+04 5.58864e-01
1.84400e+04 5.57103e-01
1.84500e+04 5.57038e-01
1.84600e+04 5.56383e-01
1.84700e+04 5.55742e-01
1.84800e+04 5.56331e-01
1.84900e+04 5.56340e-01
1.85000e+04 5.56316e-01
1.85100e+04 5.55577e-01
1.85200e+04 5.55675e-01
1.85300e+04 5.55475e-01
1.85400e+04 5.54690e-01
1.85500e+04 5.55502e-01
1.85600e+04 5.54258e-01
1.85700e+04 5.54705e-01
1.85800e+04 5.54528e-01
1.85900e+04 5.54878e-01
1.86000e+04 5.54988e-01
1.86100e+04 5.55129e-01
1.86200e+04 5.55608e-01
1.86300e+04 5.55412e-01
1.86400e+04 5.56021e-01
1.86500e+04 5.56570e-01
1.86600e+04 5.55528e-01
1.86700e+04 5.54156e-01
1.86800e+04 5.55827e-01
1.86900e+04 5.55553e-01
1.87000e+04 5.55389e-01
1.87100e+04 5.56406e-01
1.87200e+04 5.56697e-01
1.87300e+04 5.56156e-01
1.87400e+04 5.56198e-01
1.87500e+04 5.55538e-01
1.87600e+04 5.55046e-01
1.87700e+04 5.55435e-01
1.87800e+04 5.54647e-01
1.87900e+04 5.54170e-01
1.88000e+04 5.53345e-01
1.88100e+04 5.53517e-01
1.88200e+04 5.52884e-01
1.88300e+04 5.51905e-01
1.88400e+04 5.51820e-01
1.88500e+04 5.52387e-01
1.88600e+04 5.51922e-01
1.88700e+04 5.50554e-01
1.88800e+04 5.50781e-01
1.88900e+04 5.49762e-01
1.89000e+04 5.49299e-01
1.89100e+04 5.50622e-01
1.89200e+04 5.51345e-01
1.89300e+04 5.49702e-01
1.89400e+04 5.48892e-01
1.89500e+04 5.48993e-01
1.89600e+04 5.49688e-01
1.89700e+04 5.49550e-01
1.89800e+04 5.49476e-01
1.89900e+04 5.49139e-01
1.90000e+04 5.50026e-01
1.90100e+04 5.49447e-01
1.90200e+04 5.50592e-01
1.90300e+04 5.50084e-01
1.90400e+04 5.50072e-01
1.90500e+04 5.50084e-01
1.90600e+04 5.51947e-01
1.90700e+04 5.52410e-01
1.90800e+04 5.52337e-01
1.90900e+04 5.51122e-01
1.91000e+04 5.51182e-01
1.91100e+04 5.51136e-01
1.91200e+04 5.50580e-01
1.91300e+04 5.50966e-01
1.91400e+04 5.51836e-01
1.91500e+04 5.52103e-01
1.91600e+04 5.50659e-01
1.91700e+04 5.49630e-01
1.91800e+04 5.50201e-01
1.91900e+04 5.49388e-01
1.92000e+04 5.48622e-01
1.92100e+04 5.49328e-01
1.92200e+04 5.48857e-01
1.92300e+04 5.48052e-01
1.92400e+04 5.48693e-01
1.92500e+04 5.47859e-01
1.92600e+04 5.46368e-01
1.92700e+04 5.47304e-01
1.92800e+04 5.47824e-01
1.92900e+04 5.47585e-01
1.93000e+04 5.47136e-01
1.93100e+04 5.46548e-01
1.93200e+04 5.45928e-01
1.93300e+04 5.45703e-01
1.93400e+04 5.45791e-01
1.93500e+04 5.45851e-01
1.93600e+04 5.46254e-01
1.93700e+04 5.46161e-01
1.93800e+04 5.45695e-01
1.93900e+04 5.45654e-01
1.94000e+04 5.46184e-01
1.94100e+04 5.45925e-01
1.94200e+04 5.45811e-01
1.94300e+04 5.45828e-01
1.94400e+04 5.45663e-01
1.94500e+04 5.45620e-01
1.94600e+04 5.45452e-01
1.94700e+04 5.46050e-01
1.94800e+04 5.46399e-01
1.94900e+04 5.46244e-01
1.95000e+04 5.45385e-01
1.95100e+04 5.44993e-01
1.95200e+04 5.44570e-01
1.95300e+04 5.44045e-01
1.95400e+04 5.43953e-01
1.95500e+04 5.44048e-01
1.95600e+04 5.43399e-01
1.95700e+04 5.43294e-01
1.95800e+04 5.43067e-01
1.95900e+04 5.42212e-01
1.96000e+04 5.41779e-01
1.96100e+04 5.41210e-01
1.96200e+04 5.40728e-01
1.96300e+04 5.40446e-01
1.96400e+04 5.40749e-01
1.96500e+04 5.40951e-01
1.96600e+04 5.40236e-01
1.96700e+04 5.39644e-01
1.96800e+04 5.39438e-01
1.96900e+04 5.39153e-01
1.97000e+04 5.39309e-01
1.97100e+04 5.39245e-01
1.97200e+04 5.39034e-01
1.97300e+04 5.38859e-01
1.97400e+04 5.38925e-01
1.97500e+04 5.38382e-01
1.97600e+04 5.37619e-01
1.97700e+04 5.37023e-01
1.97800e+04 5.37217e-01
1.97900e+04 5.37096e-01
1.98000e+04 5.37502e-01
1.98100e+04 5.36787e-01
1.98200e+04 5.36299e-01
1.98300e+04 5.36331e-01
1.98400e+04 5.35724e-01
1.98500e+04 5.35634e-01
1.98600e+04 5.35690e-01
1.98700e+04 5.35304e-01
1.98800e+04 5.34978e-01
1.98900e+04 5.34807e-01
1.99000e+04 5.35033e-01
1.99100e+04 5.35215e-01
1.99200e+04 5.34522e-01
1.99300e+04 5.33665e-01
1.99400e+04 5.34517e-01
1.99500e+04 5.34403e-01
1.99600e+04 5.33869e-01
1.99700e+04 5.33799e-01
1.99800e+04 5.33532e-01
1.99900e+04 5.32968e-01
2.00000e+04 5.33837e-01
2.00100e+04 5.30680e-01
2.00200e+04 5.27461e-01
2.00300e+04 5.24193e-01
2.00400e+04 5.20871e-01
2.00500e+04 5.17532e-01
2.00600e+04 5.14189e-01
2.00700e+04 5.10887e-01
2.00800e+04 5.07664e-01
2.00900e+04 5.04569e-01
2.01000e+04 5.01630e-01
2.01100e+04 4.98880e-01
2.01200e+04 4.96298e-01
2.01300e+04 4.93836e-01
2.01400e+04 4.91383e-01
2.01500e+04 4.88752e-01
2.01600e+04 4.85642e-01
2.01700e+04 4.81618e-01
2.01800e+04 4.76074e-01
2.01900e+04 4.68226e-01
2.02000e+04 4.57154e-01
2.02100e+04 4.41863e-01
2.02200e+04 4.21483e-01
2.02300e+04 3.95520e-01
2.02400e+04 3.64101e-01
2.02500e+04 3.28142e-01
2.02600e+04 2.89302e-01
2.02700e+04 2.49667e-01
2.02800e+04 2.11324e-01
2.02900e+04 1.75938e-01
2.03000e+04 1.44567e-01
2.03100e+04 1.17640e-01
2.03200e+04 9.51100e-02
2.03300e+04 7.65975e-02
2.03400e+04 6.15867e-02
2.03500e+04 4.95218e-02
2.03600e+04 3.98738e-02
2.03700e+04 3.21789e-02
2.03800e+04 2.60452e-02
2.03900e+04 2.11524e-02
2.04000e+04 1.72423e-02
2.04100e+04 1.41095e-02
2.04200e+04 1.15920e-02
2.04300e+04 9.56150e-03
2.04400e+04 7.91836e-03
2.04500e+04 6.58294e-03
2.04600e+04 5.49350e-03
2.04700e+04 4.60140e-03
2.04800e+04 3.86819e-03
2.04900e+04 3.26332e-03
2.05000e+04 2.76253e-03
2.05100e+04 2.34642e-03
2.05200e+04 1.99951e-03
2.05300e+04 1.70930e-03
2.05400e+04 1.46564e-03
2.05500e+04 1.26040e-03
2.05600e+04 1.08703e-03
2.05700e+04 9.40098e-04
2.05800e+04 8.15223e-04
2.05900e+04 7.08826e-04
2.06000e+04 6.17846e-04
2.06100e+04 5.39853e-04
2.06200e+04 4.72860e-04
2.06300e+04 4.15192e-04
