# Filter name : HST/ACS_WFC.F435W
# Description : F435W filter for HST ACS_WFC
# Photometric system : ACS-WFC
# FilterType : photon
# Band name : ------
# Observatory : HST
# Instrument : ACS
# Comments : Response calculated using the stsynphot python package by STScI. In particular, function stsynphot.band("acs,wfc1,f435w"). Please, take a look to stsynphot documentation and HST instrument documentation
# 
3.52600e+03 7.59730e-05
3.52700e+03 8.65020e-05
3.52800e+03 9.70997e-05
3.52900e+03 1.07767e-04
3.53000e+03 1.18504e-04
3.53100e+03 1.29307e-04
3.53200e+03 1.40178e-04
3.53300e+03 1.51118e-04
3.53400e+03 1.62128e-04
3.53500e+03 1.73207e-04
3.53600e+03 1.84354e-04
3.53700e+03 1.95572e-04
3.53800e+03 2.06859e-04
3.53900e+03 2.18214e-04
3.54000e+03 2.29640e-04
3.54100e+03 2.41083e-04
3.54200e+03 2.52590e-04
3.54300e+03 2.64163e-04
3.54400e+03 2.75800e-04
3.54500e+03 2.87501e-04
3.54600e+03 2.99269e-04
3.54700e+03 3.11100e-04
3.54800e+03 3.22998e-04
3.54900e+03 3.34960e-04
3.55000e+03 3.46984e-04
3.55100e+03 3.59089e-04
3.55200e+03 3.71258e-04
3.55300e+03 3.83494e-04
3.55400e+03 3.95795e-04
3.55500e+03 4.08162e-04
3.55600e+03 4.20596e-04
3.55700e+03 4.33095e-04
3.55800e+03 4.45661e-04
3.55900e+03 4.58293e-04
3.56000e+03 4.70991e-04
3.56100e+03 4.88963e-04
3.56200e+03 5.07022e-04
3.56300e+03 5.25175e-04
3.56400e+03 5.43417e-04
3.56500e+03 5.61750e-04
3.56600e+03 5.80174e-04
3.56700e+03 5.98688e-04
3.56800e+03 6.17294e-04
3.56900e+03 6.35990e-04
3.57000e+03 6.54777e-04
3.57100e+03 6.73677e-04
3.57200e+03 6.92671e-04
3.57300e+03 7.11755e-04
3.57400e+03 7.30931e-04
3.57500e+03 7.50198e-04
3.57600e+03 7.69561e-04
3.57700e+03 7.89014e-04
3.57800e+03 8.08562e-04
3.57900e+03 8.28200e-04
3.58000e+03 8.47933e-04
3.58100e+03 9.03387e-04
3.58200e+03 9.59115e-04
3.58300e+03 1.01511e-03
3.58400e+03 1.07137e-03
3.58500e+03 1.12790e-03
3.58600e+03 1.18470e-03
3.58700e+03 1.24176e-03
3.58800e+03 1.29910e-03
3.58900e+03 1.35670e-03
3.59000e+03 1.41457e-03
3.59100e+03 1.53761e-03
3.59200e+03 1.66125e-03
3.59300e+03 1.78549e-03
3.59400e+03 1.91033e-03
3.59500e+03 2.03577e-03
3.59600e+03 2.16180e-03
3.59700e+03 2.28845e-03
3.59800e+03 2.41569e-03
3.59900e+03 2.54353e-03
3.60000e+03 2.67197e-03
3.60100e+03 2.85861e-03
3.60200e+03 3.04625e-03
3.60300e+03 3.23492e-03
3.60400e+03 3.42456e-03
3.60500e+03 3.61522e-03
3.60600e+03 3.80687e-03
3.60700e+03 3.99954e-03
3.60800e+03 4.19321e-03
3.60900e+03 4.38788e-03
3.61000e+03 4.58355e-03
3.61100e+03 4.77341e-03
3.61200e+03 4.96421e-03
3.61300e+03 5.15597e-03
3.61400e+03 5.34866e-03
3.61500e+03 5.54232e-03
3.61600e+03 5.73693e-03
3.61700e+03 5.93248e-03
3.61800e+03 6.12898e-03
3.61900e+03 6.32645e-03
3.62000e+03 6.52486e-03
3.62100e+03 6.73836e-03
3.62200e+03 6.95286e-03
3.62300e+03 7.16839e-03
3.62400e+03 7.38489e-03
3.62500e+03 7.60242e-03
3.62600e+03 7.82093e-03
3.62700e+03 8.04046e-03
3.62800e+03 8.26100e-03
3.62900e+03 8.48254e-03
3.63000e+03 8.70509e-03
3.63100e+03 9.08615e-03
3.63200e+03 9.46900e-03
3.63300e+03 9.85363e-03
3.63400e+03 1.02401e-02
3.63500e+03 1.06283e-02
3.63600e+03 1.10184e-02
3.63700e+03 1.14102e-02
3.63800e+03 1.18038e-02
3.63900e+03 1.21992e-02
3.64000e+03 1.25965e-02
3.64100e+03 1.31810e-02
3.64200e+03 1.37684e-02
3.64300e+03 1.43587e-02
3.64400e+03 1.49518e-02
3.64500e+03 1.55478e-02
3.64600e+03 1.61467e-02
3.64700e+03 1.67485e-02
3.64800e+03 1.73531e-02
3.64900e+03 1.79606e-02
3.65000e+03 1.85709e-02
3.65100e+03 1.90597e-02
3.65200e+03 1.95507e-02
3.65300e+03 2.00439e-02
3.65400e+03 2.05393e-02
3.65500e+03 2.10369e-02
3.65600e+03 2.15366e-02
3.65700e+03 2.20385e-02
3.65800e+03 2.25427e-02
3.65900e+03 2.30491e-02
3.66000e+03 2.35576e-02
3.66100e+03 2.38032e-02
3.66200e+03 2.40497e-02
3.66300e+03 2.42971e-02
3.66400e+03 2.45454e-02
3.66500e+03 2.47946e-02
3.66600e+03 2.50446e-02
3.66700e+03 2.52957e-02
3.66800e+03 2.55476e-02
3.66900e+03 2.58004e-02
3.67000e+03 2.60540e-02
3.67100e+03 2.64903e-02
3.67200e+03 2.69284e-02
3.67300e+03 2.73682e-02
3.67400e+03 2.78098e-02
3.67500e+03 2.82531e-02
3.67600e+03 2.86982e-02
3.67700e+03 2.91449e-02
3.67800e+03 2.95935e-02
3.67900e+03 3.00439e-02
3.68000e+03 3.04959e-02
3.68100e+03 3.12144e-02
3.68200e+03 3.19359e-02
3.68300e+03 3.26606e-02
3.68400e+03 3.33884e-02
3.68500e+03 3.41193e-02
3.68600e+03 3.48533e-02
3.68700e+03 3.55904e-02
3.68800e+03 3.63306e-02
3.68900e+03 3.70741e-02
3.69000e+03 3.78205e-02
3.69100e+03 3.86041e-02
3.69200e+03 3.93910e-02
3.69300e+03 4.01807e-02
3.69400e+03 4.09738e-02
3.69500e+03 4.17698e-02
3.69600e+03 4.25688e-02
3.69700e+03 4.33710e-02
3.69800e+03 4.41762e-02
3.69900e+03 4.49845e-02
3.70000e+03 4.57961e-02
3.70100e+03 4.62881e-02
3.70200e+03 4.67821e-02
3.70300e+03 4.72781e-02
3.70400e+03 4.77758e-02
3.70500e+03 4.82751e-02
3.70600e+03 4.87766e-02
3.70700e+03 4.92797e-02
3.70800e+03 4.97847e-02
3.70900e+03 5.02914e-02
3.71000e+03 5.07999e-02
3.71100e+03 5.13745e-02
3.71200e+03 5.19511e-02
3.71300e+03 5.25298e-02
3.71400e+03 5.31109e-02
3.71500e+03 5.36942e-02
3.71600e+03 5.42797e-02
3.71700e+03 5.48671e-02
3.71800e+03 5.54569e-02
3.71900e+03 5.60487e-02
3.72000e+03 5.66432e-02
3.72100e+03 5.72135e-02
3.72200e+03 5.77861e-02
3.72300e+03 5.83608e-02
3.72400e+03 5.89376e-02
3.72500e+03 5.95164e-02
3.72600e+03 6.00973e-02
3.72700e+03 6.06802e-02
3.72800e+03 6.12653e-02
3.72900e+03 6.18523e-02
3.73000e+03 6.24415e-02
3.73100e+03 6.36988e-02
3.73200e+03 6.49614e-02
3.73300e+03 6.62295e-02
3.73400e+03 6.75030e-02
3.73500e+03 6.87821e-02
3.73600e+03 7.00663e-02
3.73700e+03 7.13563e-02
3.73800e+03 7.26517e-02
3.73900e+03 7.39526e-02
3.74000e+03 7.52591e-02
3.74100e+03 7.62786e-02
3.74200e+03 7.73022e-02
3.74300e+03 7.83296e-02
3.74400e+03 7.93613e-02
3.74500e+03 8.03966e-02
3.74600e+03 8.14362e-02
3.74700e+03 8.24795e-02
3.74800e+03 8.35271e-02
3.74900e+03 8.45786e-02
3.75000e+03 8.56339e-02
3.75100e+03 8.65139e-02
3.75200e+03 8.73972e-02
3.75300e+03 8.82836e-02
3.75400e+03 8.91737e-02
3.75500e+03 9.00671e-02
3.75600e+03 9.09638e-02
3.75700e+03 9.18636e-02
3.75800e+03 9.27671e-02
3.75900e+03 9.36736e-02
3.76000e+03 9.45839e-02
3.76100e+03 9.51006e-02
3.76200e+03 9.56189e-02
3.76300e+03 9.61389e-02
3.76400e+03 9.66603e-02
3.76500e+03 9.71834e-02
3.76600e+03 9.77081e-02
3.76700e+03 9.82342e-02
3.76800e+03 9.87618e-02
3.76900e+03 9.92912e-02
3.77000e+03 9.98221e-02
3.77100e+03 1.00595e-01
3.77200e+03 1.01370e-01
3.77300e+03 1.02148e-01
3.77400e+03 1.02928e-01
3.77500e+03 1.03711e-01
3.77600e+03 1.04496e-01
3.77700e+03 1.05284e-01
3.77800e+03 1.06075e-01
3.77900e+03 1.06868e-01
3.78000e+03 1.07664e-01
3.78100e+03 1.08455e-01
3.78200e+03 1.09248e-01
3.78300e+03 1.10044e-01
3.78400e+03 1.10844e-01
3.78500e+03 1.11647e-01
3.78600e+03 1.12452e-01
3.78700e+03 1.13261e-01
3.78800e+03 1.14072e-01
3.78900e+03 1.14887e-01
3.79000e+03 1.15705e-01
3.79100e+03 1.16500e-01
3.79200e+03 1.17298e-01
3.79300e+03 1.18100e-01
3.79400e+03 1.18904e-01
3.79500e+03 1.19711e-01
3.79600e+03 1.20521e-01
3.79700e+03 1.21334e-01
3.79800e+03 1.22150e-01
3.79900e+03 1.22970e-01
3.80000e+03 1.23792e-01
3.80100e+03 1.23899e-01
3.80200e+03 1.24006e-01
3.80300e+03 1.24113e-01
3.80400e+03 1.24219e-01
3.80500e+03 1.24326e-01
3.80600e+03 1.24432e-01
3.80700e+03 1.24539e-01
3.80800e+03 1.24645e-01
3.80900e+03 1.24751e-01
3.81000e+03 1.24857e-01
3.81100e+03 1.26099e-01
3.81200e+03 1.27344e-01
3.81300e+03 1.28594e-01
3.81400e+03 1.29847e-01
3.81500e+03 1.31105e-01
3.81600e+03 1.32366e-01
3.81700e+03 1.33632e-01
3.81800e+03 1.34901e-01
3.81900e+03 1.36175e-01
3.82000e+03 1.37452e-01
3.82100e+03 1.37971e-01
3.82200e+03 1.38492e-01
3.82300e+03 1.39013e-01
3.82400e+03 1.39536e-01
3.82500e+03 1.40060e-01
3.82600e+03 1.40585e-01
3.82700e+03 1.41112e-01
3.82800e+03 1.41640e-01
3.82900e+03 1.42170e-01
3.83000e+03 1.42700e-01
3.83100e+03 1.43926e-01
3.83200e+03 1.45156e-01
3.83300e+03 1.46390e-01
3.83400e+03 1.47628e-01
3.83500e+03 1.48871e-01
3.83600e+03 1.50118e-01
3.83700e+03 1.51370e-01
3.83800e+03 1.52626e-01
3.83900e+03 1.53886e-01
3.84000e+03 1.55150e-01
3.84100e+03 1.55751e-01
3.84200e+03 1.56354e-01
3.84300e+03 1.56958e-01
3.84400e+03 1.57564e-01
3.84500e+03 1.58171e-01
3.84600e+03 1.58780e-01
3.84700e+03 1.59391e-01
3.84800e+03 1.60003e-01
3.84900e+03 1.60617e-01
3.85000e+03 1.61232e-01
3.85100e+03 1.62106e-01
3.85200e+03 1.62982e-01
3.85300e+03 1.63860e-01
3.85400e+03 1.64742e-01
3.85500e+03 1.65626e-01
3.85600e+03 1.66513e-01
3.85700e+03 1.67403e-01
3.85800e+03 1.68296e-01
3.85900e+03 1.69192e-01
3.86000e+03 1.70090e-01
3.86100e+03 1.70581e-01
3.86200e+03 1.71073e-01
3.86300e+03 1.71565e-01
3.86400e+03 1.72059e-01
3.86500e+03 1.72554e-01
3.86600e+03 1.73050e-01
3.86700e+03 1.73546e-01
3.86800e+03 1.74044e-01
3.86900e+03 1.74543e-01
3.87000e+03 1.75043e-01
3.87100e+03 1.75767e-01
3.87200e+03 1.76492e-01
3.87300e+03 1.77220e-01
3.87400e+03 1.77949e-01
3.87500e+03 1.78681e-01
3.87600e+03 1.79414e-01
3.87700e+03 1.80150e-01
3.87800e+03 1.80888e-01
3.87900e+03 1.81628e-01
3.88000e+03 1.82370e-01
3.88100e+03 1.82763e-01
3.88200e+03 1.83156e-01
3.88300e+03 1.83550e-01
3.88400e+03 1.83945e-01
3.88500e+03 1.84340e-01
3.88600e+03 1.84735e-01
3.88700e+03 1.85132e-01
3.88800e+03 1.85528e-01
3.88900e+03 1.85925e-01
3.89000e+03 1.86323e-01
3.89100e+03 1.87378e-01
3.89200e+03 1.88436e-01
3.89300e+03 1.89498e-01
3.89400e+03 1.90563e-01
3.89500e+03 1.91631e-01
3.89600e+03 1.92703e-01
3.89700e+03 1.93778e-01
3.89800e+03 1.94857e-01
3.89900e+03 1.95939e-01
3.90000e+03 1.97024e-01
3.90100e+03 1.97499e-01
3.90200e+03 1.97974e-01
3.90300e+03 1.98451e-01
3.90400e+03 1.98928e-01
3.90500e+03 1.99406e-01
3.90600e+03 1.99884e-01
3.90700e+03 2.00364e-01
3.90800e+03 2.00844e-01
3.90900e+03 2.01325e-01
3.91000e+03 2.01807e-01
3.91100e+03 2.02969e-01
3.91200e+03 2.04135e-01
3.91300e+03 2.05304e-01
3.91400e+03 2.06478e-01
3.91500e+03 2.07654e-01
3.91600e+03 2.08835e-01
3.91700e+03 2.10019e-01
3.91800e+03 2.11208e-01
3.91900e+03 2.12399e-01
3.92000e+03 2.13595e-01
3.92100e+03 2.14456e-01
3.92200e+03 2.15320e-01
3.92300e+03 2.16186e-01
3.92400e+03 2.17054e-01
3.92500e+03 2.17925e-01
3.92600e+03 2.18798e-01
3.92700e+03 2.19673e-01
3.92800e+03 2.20551e-01
3.92900e+03 2.21431e-01
3.93000e+03 2.22315e-01
3.93100e+03 2.23030e-01
3.93200e+03 2.23747e-01
3.93300e+03 2.24466e-01
3.93400e+03 2.25187e-01
3.93500e+03 2.25909e-01
3.93600e+03 2.26633e-01
3.93700e+03 2.27358e-01
3.93800e+03 2.28086e-01
3.93900e+03 2.28815e-01
3.94000e+03 2.29545e-01
3.94100e+03 2.30163e-01
3.94200e+03 2.30782e-01
3.94300e+03 2.31402e-01
3.94400e+03 2.32023e-01
3.94500e+03 2.32646e-01
3.94600e+03 2.33270e-01
3.94700e+03 2.33895e-01
3.94800e+03 2.34522e-01
3.94900e+03 2.35150e-01
3.95000e+03 2.35778e-01
3.95100e+03 2.36333e-01
3.95200e+03 2.36890e-01
3.95300e+03 2.37447e-01
3.95400e+03 2.38005e-01
3.95500e+03 2.38564e-01
3.95600e+03 2.39125e-01
3.95700e+03 2.39686e-01
3.95800e+03 2.40248e-01
3.95900e+03 2.40811e-01
3.96000e+03 2.41375e-01
3.96100e+03 2.41662e-01
3.96200e+03 2.41949e-01
3.96300e+03 2.42237e-01
3.96400e+03 2.42523e-01
3.96500e+03 2.42810e-01
3.96600e+03 2.43097e-01
3.96700e+03 2.43383e-01
3.96800e+03 2.43669e-01
3.96900e+03 2.43956e-01
3.97000e+03 2.44242e-01
3.97100e+03 2.44639e-01
3.97200e+03 2.45036e-01
3.97300e+03 2.45434e-01
3.97400e+03 2.45832e-01
3.97500e+03 2.46230e-01
3.97600e+03 2.46629e-01
3.97700e+03 2.47029e-01
3.97800e+03 2.47429e-01
3.97900e+03 2.47828e-01
3.98000e+03 2.48229e-01
3.98100e+03 2.48554e-01
3.98200e+03 2.48879e-01
3.98300e+03 2.49204e-01
3.98400e+03 2.49529e-01
3.98500e+03 2.49853e-01
3.98600e+03 2.50179e-01
3.98700e+03 2.50503e-01
3.98800e+03 2.50828e-01
3.98900e+03 2.51153e-01
3.99000e+03 2.51478e-01
3.99100e+03 2.51913e-01
3.99200e+03 2.52350e-01
3.99300e+03 2.52786e-01
3.99400e+03 2.53223e-01
3.99500e+03 2.53661e-01
3.99600e+03 2.54100e-01
3.99700e+03 2.54538e-01
3.99800e+03 2.54978e-01
3.99900e+03 2.55417e-01
4.00000e+03 2.55857e-01
4.00100e+03 2.55847e-01
4.00200e+03 2.55836e-01
4.00300e+03 2.55826e-01
4.00400e+03 2.55815e-01
4.00500e+03 2.55803e-01
4.00600e+03 2.55790e-01
4.00700e+03 2.55778e-01
4.00800e+03 2.55765e-01
4.00900e+03 2.55752e-01
4.01000e+03 2.55739e-01
4.01100e+03 2.56721e-01
4.01200e+03 2.57706e-01
4.01300e+03 2.58693e-01
4.01400e+03 2.59681e-01
4.01500e+03 2.60671e-01
4.01600e+03 2.61662e-01
4.01700e+03 2.62655e-01
4.01800e+03 2.63649e-01
4.01900e+03 2.64645e-01
4.02000e+03 2.65643e-01
4.02100e+03 2.65665e-01
4.02200e+03 2.65687e-01
4.02300e+03 2.65708e-01
4.02400e+03 2.65730e-01
4.02500e+03 2.65751e-01
4.02600e+03 2.65771e-01
4.02700e+03 2.65791e-01
4.02800e+03 2.65810e-01
4.02900e+03 2.65830e-01
4.03000e+03 2.65849e-01
4.03100e+03 2.66878e-01
4.03200e+03 2.67910e-01
4.03300e+03 2.68943e-01
4.03400e+03 2.69978e-01
4.03500e+03 2.71014e-01
4.03600e+03 2.72053e-01
4.03700e+03 2.73092e-01
4.03800e+03 2.74134e-01
4.03900e+03 2.75177e-01
4.04000e+03 2.76222e-01
4.04100e+03 2.75956e-01
4.04200e+03 2.75690e-01
4.04300e+03 2.75423e-01
4.04400e+03 2.75156e-01
4.04500e+03 2.74888e-01
4.04600e+03 2.74618e-01
4.04700e+03 2.74348e-01
4.04800e+03 2.74078e-01
4.04900e+03 2.73807e-01
4.05000e+03 2.73535e-01
4.05100e+03 2.74635e-01
4.05200e+03 2.75735e-01
4.05300e+03 2.76837e-01
4.05400e+03 2.77940e-01
4.05500e+03 2.79045e-01
4.05600e+03 2.80152e-01
4.05700e+03 2.81259e-01
4.05800e+03 2.82369e-01
4.05900e+03 2.83479e-01
4.06000e+03 2.84591e-01
4.06100e+03 2.84556e-01
4.06200e+03 2.84519e-01
4.06300e+03 2.84483e-01
4.06400e+03 2.84446e-01
4.06500e+03 2.84409e-01
4.06600e+03 2.84372e-01
4.06700e+03 2.84334e-01
4.06800e+03 2.84296e-01
4.06900e+03 2.84258e-01
4.07000e+03 2.84219e-01
4.07100e+03 2.84754e-01
4.07200e+03 2.85289e-01
4.07300e+03 2.85824e-01
4.07400e+03 2.86360e-01
4.07500e+03 2.86897e-01
4.07600e+03 2.87436e-01
4.07700e+03 2.87974e-01
4.07800e+03 2.88513e-01
4.07900e+03 2.89052e-01
4.08000e+03 2.89593e-01
4.08100e+03 2.88846e-01
4.08200e+03 2.88098e-01
4.08300e+03 2.87348e-01
4.08400e+03 2.86597e-01
4.08500e+03 2.85845e-01
4.08600e+03 2.85091e-01
4.08700e+03 2.84336e-01
4.08800e+03 2.83580e-01
4.08900e+03 2.82822e-01
4.09000e+03 2.82063e-01
4.09100e+03 2.83021e-01
4.09200e+03 2.83980e-01
4.09300e+03 2.84941e-01
4.09400e+03 2.85903e-01
4.09500e+03 2.86866e-01
4.09600e+03 2.87830e-01
4.09700e+03 2.88796e-01
4.09800e+03 2.89763e-01
4.09900e+03 2.90731e-01
4.10000e+03 2.91700e-01
4.10100e+03 2.90965e-01
4.10200e+03 2.90229e-01
4.10300e+03 2.89492e-01
4.10400e+03 2.88753e-01
4.10500e+03 2.88014e-01
4.10600e+03 2.87273e-01
4.10700e+03 2.86532e-01
4.10800e+03 2.85790e-01
4.10900e+03 2.85047e-01
4.11000e+03 2.84302e-01
4.11100e+03 2.84891e-01
4.11200e+03 2.85482e-01
4.11300e+03 2.86074e-01
4.11400e+03 2.86666e-01
4.11500e+03 2.87258e-01
4.11600e+03 2.87851e-01
4.11700e+03 2.88445e-01
4.11800e+03 2.89039e-01
4.11900e+03 2.89635e-01
4.12000e+03 2.90231e-01
4.12100e+03 2.90032e-01
4.12200e+03 2.89833e-01
4.12300e+03 2.89633e-01
4.12400e+03 2.89433e-01
4.12500e+03 2.89232e-01
4.12600e+03 2.89031e-01
4.12700e+03 2.88831e-01
4.12800e+03 2.88629e-01
4.12900e+03 2.88428e-01
4.13000e+03 2.88226e-01
4.13100e+03 2.89374e-01
4.13200e+03 2.90525e-01
4.13300e+03 2.91676e-01
4.13400e+03 2.92829e-01
4.13500e+03 2.93981e-01
4.13600e+03 2.95136e-01
4.13700e+03 2.96292e-01
4.13800e+03 2.97449e-01
4.13900e+03 2.98607e-01
4.14000e+03 2.99767e-01
4.14100e+03 2.99428e-01
4.14200e+03 2.99090e-01
4.14300e+03 2.98750e-01
4.14400e+03 2.98408e-01
4.14500e+03 2.98067e-01
4.14600e+03 2.97724e-01
4.14700e+03 2.97381e-01
4.14800e+03 2.97037e-01
4.14900e+03 2.96691e-01
4.15000e+03 2.96345e-01
4.15100e+03 2.96941e-01
4.15200e+03 2.97537e-01
4.15300e+03 2.98134e-01
4.15400e+03 2.98730e-01
4.15500e+03 2.99328e-01
4.15600e+03 2.99926e-01
4.15700e+03 3.00524e-01
4.15800e+03 3.01124e-01
4.15900e+03 3.01722e-01
4.16000e+03 3.02321e-01
4.16100e+03 3.01944e-01
4.16200e+03 3.01566e-01
4.16300e+03 3.01186e-01
4.16400e+03 3.00807e-01
4.16500e+03 3.00427e-01
4.16600e+03 3.00046e-01
4.16700e+03 2.99666e-01
4.16800e+03 2.99284e-01
4.16900e+03 2.98901e-01
4.17000e+03 2.98519e-01
4.17100e+03 2.99411e-01
4.17200e+03 3.00306e-01
4.17300e+03 3.01200e-01
4.17400e+03 3.02095e-01
4.17500e+03 3.02991e-01
4.17600e+03 3.03889e-01
4.17700e+03 3.04787e-01
4.17800e+03 3.05686e-01
4.17900e+03 3.06586e-01
4.18000e+03 3.07486e-01
4.18100e+03 3.07121e-01
4.18200e+03 3.06755e-01
4.18300e+03 3.06388e-01
4.18400e+03 3.06021e-01
4.18500e+03 3.05653e-01
4.18600e+03 3.05285e-01
4.18700e+03 3.04916e-01
4.18800e+03 3.04546e-01
4.18900e+03 3.04177e-01
4.19000e+03 3.03805e-01
4.19100e+03 3.04471e-01
4.19200e+03 3.05137e-01
4.19300e+03 3.05803e-01
4.19400e+03 3.06470e-01
4.19500e+03 3.07136e-01
4.19600e+03 3.07804e-01
4.19700e+03 3.08471e-01
4.19800e+03 3.09139e-01
4.19900e+03 3.09807e-01
4.20000e+03 3.10476e-01
4.20100e+03 3.10280e-01
4.20200e+03 3.10083e-01
4.20300e+03 3.09887e-01
4.20400e+03 3.09690e-01
4.20500e+03 3.09494e-01
4.20600e+03 3.09296e-01
4.20700e+03 3.09100e-01
4.20800e+03 3.08902e-01
4.20900e+03 3.08705e-01
4.21000e+03 3.08507e-01
4.21100e+03 3.09935e-01
4.21200e+03 3.11364e-01
4.21300e+03 3.12795e-01
4.21400e+03 3.14227e-01
4.21500e+03 3.15659e-01
4.21600e+03 3.17091e-01
4.21700e+03 3.18526e-01
4.21800e+03 3.19960e-01
4.21900e+03 3.21397e-01
4.22000e+03 3.22834e-01
4.22100e+03 3.22155e-01
4.22200e+03 3.21476e-01
4.22300e+03 3.20797e-01
4.22400e+03 3.20117e-01
4.22500e+03 3.19437e-01
4.22600e+03 3.18756e-01
4.22700e+03 3.18075e-01
4.22800e+03 3.17394e-01
4.22900e+03 3.16712e-01
4.23000e+03 3.16029e-01
4.23100e+03 3.17730e-01
4.23200e+03 3.19432e-01
4.23300e+03 3.21134e-01
4.23400e+03 3.22836e-01
4.23500e+03 3.24539e-01
4.23600e+03 3.26243e-01
4.23700e+03 3.27948e-01
4.23800e+03 3.29653e-01
4.23900e+03 3.31360e-01
4.24000e+03 3.33067e-01
4.24100e+03 3.31802e-01
4.24200e+03 3.30537e-01
4.24300e+03 3.29272e-01
4.24400e+03 3.28007e-01
4.24500e+03 3.26741e-01
4.24600e+03 3.25475e-01
4.24700e+03 3.24208e-01
4.24800e+03 3.22941e-01
4.24900e+03 3.21673e-01
4.25000e+03 3.20406e-01
4.25100e+03 3.21798e-01
4.25200e+03 3.23189e-01
4.25300e+03 3.24581e-01
4.25400e+03 3.25974e-01
4.25500e+03 3.27367e-01
4.25600e+03 3.28761e-01
4.25700e+03 3.30156e-01
4.25800e+03 3.31551e-01
4.25900e+03 3.32947e-01
4.26000e+03 3.34342e-01
4.26100e+03 3.32930e-01
4.26200e+03 3.31517e-01
4.26300e+03 3.30102e-01
4.26400e+03 3.28686e-01
4.26500e+03 3.27271e-01
4.26600e+03 3.25854e-01
4.26700e+03 3.24437e-01
4.26800e+03 3.23018e-01
4.26900e+03 3.21599e-01
4.27000e+03 3.20179e-01
4.27100e+03 3.21376e-01
4.27200e+03 3.22573e-01
4.27300e+03 3.23771e-01
4.27400e+03 3.24968e-01
4.27500e+03 3.26166e-01
4.27600e+03 3.27364e-01
4.27700e+03 3.28563e-01
4.27800e+03 3.29762e-01
4.27900e+03 3.30963e-01
4.28000e+03 3.32162e-01
4.28100e+03 3.31173e-01
4.28200e+03 3.30184e-01
4.28300e+03 3.29194e-01
4.28400e+03 3.28205e-01
4.28500e+03 3.27215e-01
4.28600e+03 3.26226e-01
4.28700e+03 3.25236e-01
4.28800e+03 3.24245e-01
4.28900e+03 3.23255e-01
4.29000e+03 3.22264e-01
4.29100e+03 3.22345e-01
4.29200e+03 3.22426e-01
4.29300e+03 3.22506e-01
4.29400e+03 3.22586e-01
4.29500e+03 3.22667e-01
4.29600e+03 3.22748e-01
4.29700e+03 3.22828e-01
4.29800e+03 3.22909e-01
4.29900e+03 3.22991e-01
4.30000e+03 3.23071e-01
4.30100e+03 3.21941e-01
4.30200e+03 3.20812e-01
4.30300e+03 3.19681e-01
4.30400e+03 3.18551e-01
4.30500e+03 3.17420e-01
4.30600e+03 3.16289e-01
4.30700e+03 3.15158e-01
4.30800e+03 3.14028e-01
4.30900e+03 3.12896e-01
4.31000e+03 3.11765e-01
4.31100e+03 3.13109e-01
4.31200e+03 3.14455e-01
4.31300e+03 3.15803e-01
4.31400e+03 3.17150e-01
4.31500e+03 3.18499e-01
4.31600e+03 3.19848e-01
4.31700e+03 3.21197e-01
4.31800e+03 3.22548e-01
4.31900e+03 3.23899e-01
4.32000e+03 3.25250e-01
4.32100e+03 3.25124e-01
4.32200e+03 3.24996e-01
4.32300e+03 3.24869e-01
4.32400e+03 3.24742e-01
4.32500e+03 3.24615e-01
4.32600e+03 3.24487e-01
4.32700e+03 3.24360e-01
4.32800e+03 3.24232e-01
4.32900e+03 3.24106e-01
4.33000e+03 3.23978e-01
4.33100e+03 3.24768e-01
4.33200e+03 3.25560e-01
4.33300e+03 3.26351e-01
4.33400e+03 3.27142e-01
4.33500e+03 3.27934e-01
4.33600e+03 3.28725e-01
4.33700e+03 3.29516e-01
4.33800e+03 3.30307e-01
4.33900e+03 3.31099e-01
4.34000e+03 3.31891e-01
4.34100e+03 3.31076e-01
4.34200e+03 3.30260e-01
4.34300e+03 3.29444e-01
4.34400e+03 3.28628e-01
4.34500e+03 3.27812e-01
4.34600e+03 3.26995e-01
4.34700e+03 3.26178e-01
4.34800e+03 3.25361e-01
4.34900e+03 3.24544e-01
4.35000e+03 3.23726e-01
4.35100e+03 3.25086e-01
4.35200e+03 3.26445e-01
4.35300e+03 3.27804e-01
4.35400e+03 3.29165e-01
4.35500e+03 3.30524e-01
4.35600e+03 3.31884e-01
4.35700e+03 3.33244e-01
4.35800e+03 3.34604e-01
4.35900e+03 3.35965e-01
4.36000e+03 3.37324e-01
4.36100e+03 3.37118e-01
4.36200e+03 3.36909e-01
4.36300e+03 3.36702e-01
4.36400e+03 3.36494e-01
4.36500e+03 3.36287e-01
4.36600e+03 3.36079e-01
4.36700e+03 3.35872e-01
4.36800e+03 3.35664e-01
4.36900e+03 3.35456e-01
4.37000e+03 3.35249e-01
4.37100e+03 3.35951e-01
4.37200e+03 3.36653e-01
4.37300e+03 3.37356e-01
4.37400e+03 3.38058e-01
4.37500e+03 3.38761e-01
4.37600e+03 3.39465e-01
4.37700e+03 3.40167e-01
4.37800e+03 3.40871e-01
4.37900e+03 3.41575e-01
4.38000e+03 3.42278e-01
4.38100e+03 3.41701e-01
4.38200e+03 3.41124e-01
4.38300e+03 3.40547e-01
4.38400e+03 3.39970e-01
4.38500e+03 3.39393e-01
4.38600e+03 3.38816e-01
4.38700e+03 3.38239e-01
4.38800e+03 3.37662e-01
4.38900e+03 3.37085e-01
4.39000e+03 3.36508e-01
4.39100e+03 3.37482e-01
4.39200e+03 3.38457e-01
4.39300e+03 3.39431e-01
4.39400e+03 3.40405e-01
4.39500e+03 3.41380e-01
4.39600e+03 3.42355e-01
4.39700e+03 3.43329e-01
4.39800e+03 3.44304e-01
4.39900e+03 3.45278e-01
4.40000e+03 3.46252e-01
4.40100e+03 3.46206e-01
4.40200e+03 3.46159e-01
4.40300e+03 3.46113e-01
4.40400e+03 3.46067e-01
4.40500e+03 3.46021e-01
4.40600e+03 3.45974e-01
4.40700e+03 3.45927e-01
4.40800e+03 3.45882e-01
4.40900e+03 3.45836e-01
4.41000e+03 3.45790e-01
4.41100e+03 3.46078e-01
4.41200e+03 3.46367e-01
4.41300e+03 3.46657e-01
4.41400e+03 3.46946e-01
4.41500e+03 3.47235e-01
4.41600e+03 3.47524e-01
4.41700e+03 3.47813e-01
4.41800e+03 3.48102e-01
4.41900e+03 3.48392e-01
4.42000e+03 3.48681e-01
4.42100e+03 3.47504e-01
4.42200e+03 3.46327e-01
4.42300e+03 3.45151e-01
4.42400e+03 3.43975e-01
4.42500e+03 3.42799e-01
4.42600e+03 3.41623e-01
4.42700e+03 3.40448e-01
4.42800e+03 3.39273e-01
4.42900e+03 3.38098e-01
4.43000e+03 3.36923e-01
4.43100e+03 3.37360e-01
4.43200e+03 3.37798e-01
4.43300e+03 3.38235e-01
4.43400e+03 3.38672e-01
4.43500e+03 3.39109e-01
4.43600e+03 3.39545e-01
4.43700e+03 3.39982e-01
4.43800e+03 3.40420e-01
4.43900e+03 3.40856e-01
4.44000e+03 3.41292e-01
4.44100e+03 3.40421e-01
4.44200e+03 3.39550e-01
4.44300e+03 3.38677e-01
4.44400e+03 3.37804e-01
4.44500e+03 3.36931e-01
4.44600e+03 3.36059e-01
4.44700e+03 3.35186e-01
4.44800e+03 3.34312e-01
4.44900e+03 3.33438e-01
4.45000e+03 3.32565e-01
4.45100e+03 3.33305e-01
4.45200e+03 3.34044e-01
4.45300e+03 3.34784e-01
4.45400e+03 3.35524e-01
4.45500e+03 3.36263e-01
4.45600e+03 3.37002e-01
4.45700e+03 3.37741e-01
4.45800e+03 3.38479e-01
4.45900e+03 3.39218e-01
4.46000e+03 3.39956e-01
4.46100e+03 3.39512e-01
4.46200e+03 3.39066e-01
4.46300e+03 3.38622e-01
4.46400e+03 3.38177e-01
4.46500e+03 3.37732e-01
4.46600e+03 3.37286e-01
4.46700e+03 3.36841e-01
4.46800e+03 3.36395e-01
4.46900e+03 3.35950e-01
4.47000e+03 3.35504e-01
4.47100e+03 3.36186e-01
4.47200e+03 3.36868e-01
4.47300e+03 3.37549e-01
4.47400e+03 3.38231e-01
4.47500e+03 3.38913e-01
4.47600e+03 3.39594e-01
4.47700e+03 3.40275e-01
4.47800e+03 3.40957e-01
4.47900e+03 3.41637e-01
4.48000e+03 3.42319e-01
4.48100e+03 3.42048e-01
4.48200e+03 3.41778e-01
4.48300e+03 3.41508e-01
4.48400e+03 3.41237e-01
4.48500e+03 3.40966e-01
4.48600e+03 3.40696e-01
4.48700e+03 3.40425e-01
4.48800e+03 3.40155e-01
4.48900e+03 3.39884e-01
4.49000e+03 3.39614e-01
4.49100e+03 3.40222e-01
4.49200e+03 3.40831e-01
4.49300e+03 3.41438e-01
4.49400e+03 3.42047e-01
4.49500e+03 3.42654e-01
4.49600e+03 3.43263e-01
4.49700e+03 3.43870e-01
4.49800e+03 3.44478e-01
4.49900e+03 3.45086e-01
4.50000e+03 3.45692e-01
4.50100e+03 3.44728e-01
4.50200e+03 3.43764e-01
4.50300e+03 3.42800e-01
4.50400e+03 3.41835e-01
4.50500e+03 3.40872e-01
4.50600e+03 3.39908e-01
4.50700e+03 3.38944e-01
4.50800e+03 3.37981e-01
4.50900e+03 3.37018e-01
4.51000e+03 3.36054e-01
4.51100e+03 3.36600e-01
4.51200e+03 3.37146e-01
4.51300e+03 3.37691e-01
4.51400e+03 3.38237e-01
4.51500e+03 3.38782e-01
4.51600e+03 3.39327e-01
4.51700e+03 3.39873e-01
4.51800e+03 3.40417e-01
4.51900e+03 3.40961e-01
4.52000e+03 3.41506e-01
4.52100e+03 3.40779e-01
4.52200e+03 3.40052e-01
4.52300e+03 3.39326e-01
4.52400e+03 3.38599e-01
4.52500e+03 3.37873e-01
4.52600e+03 3.37146e-01
4.52700e+03 3.36419e-01
4.52800e+03 3.35692e-01
4.52900e+03 3.34965e-01
4.53000e+03 3.34238e-01
4.53100e+03 3.35785e-01
4.53200e+03 3.37332e-01
4.53300e+03 3.38878e-01
4.53400e+03 3.40423e-01
4.53500e+03 3.41969e-01
4.53600e+03 3.43514e-01
4.53700e+03 3.45059e-01
4.53800e+03 3.46603e-01
4.53900e+03 3.48147e-01
4.54000e+03 3.49691e-01
4.54100e+03 3.50330e-01
4.54200e+03 3.50970e-01
4.54300e+03 3.51610e-01
4.54400e+03 3.52249e-01
4.54500e+03 3.52888e-01
4.54600e+03 3.53527e-01
4.54700e+03 3.54166e-01
4.54800e+03 3.54805e-01
4.54900e+03 3.55444e-01
4.55000e+03 3.56082e-01
4.55100e+03 3.56353e-01
4.55200e+03 3.56623e-01
4.55300e+03 3.56893e-01
4.55400e+03 3.57163e-01
4.55500e+03 3.57432e-01
4.55600e+03 3.57702e-01
4.55700e+03 3.57972e-01
4.55800e+03 3.58241e-01
4.55900e+03 3.58510e-01
4.56000e+03 3.58779e-01
4.56100e+03 3.59458e-01
4.56200e+03 3.60136e-01
4.56300e+03 3.60815e-01
4.56400e+03 3.61494e-01
4.56500e+03 3.62172e-01
4.56600e+03 3.62850e-01
4.56700e+03 3.63529e-01
4.56800e+03 3.64207e-01
4.56900e+03 3.64885e-01
4.57000e+03 3.65563e-01
4.57100e+03 3.65142e-01
4.57200e+03 3.64721e-01
4.57300e+03 3.64299e-01
4.57400e+03 3.63879e-01
4.57500e+03 3.63457e-01
4.57600e+03 3.63036e-01
4.57700e+03 3.62614e-01
4.57800e+03 3.62193e-01
4.57900e+03 3.61773e-01
4.58000e+03 3.61351e-01
4.58100e+03 3.60947e-01
4.58200e+03 3.60543e-01
4.58300e+03 3.60140e-01
4.58400e+03 3.59736e-01
4.58500e+03 3.59332e-01
4.58600e+03 3.58929e-01
4.58700e+03 3.58525e-01
4.58800e+03 3.58121e-01
4.58900e+03 3.57718e-01
4.59000e+03 3.57314e-01
4.59100e+03 3.55492e-01
4.59200e+03 3.53671e-01
4.59300e+03 3.51850e-01
4.59400e+03 3.50028e-01
4.59500e+03 3.48208e-01
4.59600e+03 3.46386e-01
4.59700e+03 3.44564e-01
4.59800e+03 3.42743e-01
4.59900e+03 3.40921e-01
4.60000e+03 3.39100e-01
4.60100e+03 3.40233e-01
4.60200e+03 3.41366e-01
4.60300e+03 3.42499e-01
4.60400e+03 3.43631e-01
4.60500e+03 3.44763e-01
4.60600e+03 3.45895e-01
4.60700e+03 3.47026e-01
4.60800e+03 3.48158e-01
4.60900e+03 3.49289e-01
4.61000e+03 3.50421e-01
4.61100e+03 3.50054e-01
4.61200e+03 3.49687e-01
4.61300e+03 3.49320e-01
4.61400e+03 3.48953e-01
4.61500e+03 3.48587e-01
4.61600e+03 3.48220e-01
4.61700e+03 3.47853e-01
4.61800e+03 3.47487e-01
4.61900e+03 3.47120e-01
4.62000e+03 3.46754e-01
4.62100e+03 3.46816e-01
4.62200e+03 3.46878e-01
4.62300e+03 3.46941e-01
4.62400e+03 3.47004e-01
4.62500e+03 3.47065e-01
4.62600e+03 3.47128e-01
4.62700e+03 3.47189e-01
4.62800e+03 3.47251e-01
4.62900e+03 3.47314e-01
4.63000e+03 3.47375e-01
4.63100e+03 3.47272e-01
4.63200e+03 3.47170e-01
4.63300e+03 3.47066e-01
4.63400e+03 3.46964e-01
4.63500e+03 3.46861e-01
4.63600e+03 3.46757e-01
4.63700e+03 3.46654e-01
4.63800e+03 3.46551e-01
4.63900e+03 3.46447e-01
4.64000e+03 3.46344e-01
4.64100e+03 3.46400e-01
4.64200e+03 3.46455e-01
4.64300e+03 3.46511e-01
4.64400e+03 3.46566e-01
4.64500e+03 3.46623e-01
4.64600e+03 3.46678e-01
4.64700e+03 3.46733e-01
4.64800e+03 3.46788e-01
4.64900e+03 3.46844e-01
4.65000e+03 3.46899e-01
4.65100e+03 3.46460e-01
4.65200e+03 3.46022e-01
4.65300e+03 3.45584e-01
4.65400e+03 3.45145e-01
4.65500e+03 3.44707e-01
4.65600e+03 3.44268e-01
4.65700e+03 3.43830e-01
4.65800e+03 3.43392e-01
4.65900e+03 3.42954e-01
4.66000e+03 3.42516e-01
4.66100e+03 3.42687e-01
4.66200e+03 3.42857e-01
4.66300e+03 3.43027e-01
4.66400e+03 3.43198e-01
4.66500e+03 3.43369e-01
4.66600e+03 3.43540e-01
4.66700e+03 3.43710e-01
4.66800e+03 3.43880e-01
4.66900e+03 3.44050e-01
4.67000e+03 3.44221e-01
4.67100e+03 3.43494e-01
4.67200e+03 3.42766e-01
4.67300e+03 3.42039e-01
4.67400e+03 3.41311e-01
4.67500e+03 3.40584e-01
4.67600e+03 3.39858e-01
4.67700e+03 3.39130e-01
4.67800e+03 3.38404e-01
4.67900e+03 3.37676e-01
4.68000e+03 3.36949e-01
4.68100e+03 3.37069e-01
4.68200e+03 3.37190e-01
4.68300e+03 3.37311e-01
4.68400e+03 3.37431e-01
4.68500e+03 3.37551e-01
4.68600e+03 3.37671e-01
4.68700e+03 3.37791e-01
4.68800e+03 3.37912e-01
4.68900e+03 3.38031e-01
4.69000e+03 3.38152e-01
4.69100e+03 3.37759e-01
4.69200e+03 3.37366e-01
4.69300e+03 3.36974e-01
4.69400e+03 3.36581e-01
4.69500e+03 3.36189e-01
4.69600e+03 3.35796e-01
4.69700e+03 3.35403e-01
4.69800e+03 3.35011e-01
4.69900e+03 3.34618e-01
4.70000e+03 3.34225e-01
4.70100e+03 3.34484e-01
4.70200e+03 3.34741e-01
4.70300e+03 3.34999e-01
4.70400e+03 3.35258e-01
4.70500e+03 3.35516e-01
4.70600e+03 3.35774e-01
4.70700e+03 3.36032e-01
4.70800e+03 3.36289e-01
4.70900e+03 3.36547e-01
4.71000e+03 3.36804e-01
4.71100e+03 3.36648e-01
4.71200e+03 3.36492e-01
4.71300e+03 3.36335e-01
4.71400e+03 3.36180e-01
4.71500e+03 3.36023e-01
4.71600e+03 3.35867e-01
4.71700e+03 3.35710e-01
4.71800e+03 3.35553e-01
4.71900e+03 3.35396e-01
4.72000e+03 3.35240e-01
4.72100e+03 3.34582e-01
4.72200e+03 3.33924e-01
4.72300e+03 3.33266e-01
4.72400e+03 3.32608e-01
4.72500e+03 3.31950e-01
4.72600e+03 3.31292e-01
4.72700e+03 3.30633e-01
4.72800e+03 3.29974e-01
4.72900e+03 3.29317e-01
4.73000e+03 3.28658e-01
4.73100e+03 3.29056e-01
4.73200e+03 3.29454e-01
4.73300e+03 3.29853e-01
4.73400e+03 3.30251e-01
4.73500e+03 3.30648e-01
4.73600e+03 3.31046e-01
4.73700e+03 3.31444e-01
4.73800e+03 3.31842e-01
4.73900e+03 3.32240e-01
4.74000e+03 3.32637e-01
4.74100e+03 3.32439e-01
4.74200e+03 3.32241e-01
4.74300e+03 3.32042e-01
4.74400e+03 3.31845e-01
4.74500e+03 3.31646e-01
4.74600e+03 3.31448e-01
4.74700e+03 3.31250e-01
4.74800e+03 3.31051e-01
4.74900e+03 3.30853e-01
4.75000e+03 3.30655e-01
4.75100e+03 3.31003e-01
4.75200e+03 3.31352e-01
4.75300e+03 3.31700e-01
4.75400e+03 3.32049e-01
4.75500e+03 3.32397e-01
4.75600e+03 3.32746e-01
4.75700e+03 3.33095e-01
4.75800e+03 3.33443e-01
4.75900e+03 3.33791e-01
4.76000e+03 3.34140e-01
4.76100e+03 3.34325e-01
4.76200e+03 3.34511e-01
4.76300e+03 3.34697e-01
4.76400e+03 3.34882e-01
4.76500e+03 3.35067e-01
4.76600e+03 3.35253e-01
4.76700e+03 3.35438e-01
4.76800e+03 3.35623e-01
4.76900e+03 3.35809e-01
4.77000e+03 3.35994e-01
4.77100e+03 3.36268e-01
4.77200e+03 3.36543e-01
4.77300e+03 3.36817e-01
4.77400e+03 3.37092e-01
4.77500e+03 3.37366e-01
4.77600e+03 3.37642e-01
4.77700e+03 3.37916e-01
4.77800e+03 3.38191e-01
4.77900e+03 3.38466e-01
4.78000e+03 3.38740e-01
4.78100e+03 3.37322e-01
4.78200e+03 3.35903e-01
4.78300e+03 3.34486e-01
4.78400e+03 3.33067e-01
4.78500e+03 3.31649e-01
4.78600e+03 3.30232e-01
4.78700e+03 3.28814e-01
4.78800e+03 3.27397e-01
4.78900e+03 3.25980e-01
4.79000e+03 3.24563e-01
4.79100e+03 3.21973e-01
4.79200e+03 3.19384e-01
4.79300e+03 3.16795e-01
4.79400e+03 3.14206e-01
4.79500e+03 3.11617e-01
4.79600e+03 3.09028e-01
4.79700e+03 3.06439e-01
4.79800e+03 3.03851e-01
4.79900e+03 3.01263e-01
4.80000e+03 2.98675e-01
4.80100e+03 2.92405e-01
4.80200e+03 2.86134e-01
4.80300e+03 2.79864e-01
4.80400e+03 2.73594e-01
4.80500e+03 2.67323e-01
4.80600e+03 2.61052e-01
4.80700e+03 2.54781e-01
4.80800e+03 2.48510e-01
4.80900e+03 2.42238e-01
4.81000e+03 2.35967e-01
4.81100e+03 2.29468e-01
4.81200e+03 2.22970e-01
4.81300e+03 2.16471e-01
4.81400e+03 2.09971e-01
4.81500e+03 2.03472e-01
4.81600e+03 1.96972e-01
4.81700e+03 1.90472e-01
4.81800e+03 1.83972e-01
4.81900e+03 1.77471e-01
4.82000e+03 1.70969e-01
4.82100e+03 1.64258e-01
4.82200e+03 1.57547e-01
4.82300e+03 1.50834e-01
4.82400e+03 1.44121e-01
4.82500e+03 1.37407e-01
4.82600e+03 1.30692e-01
4.82700e+03 1.23977e-01
4.82800e+03 1.17261e-01
4.82900e+03 1.10544e-01
4.83000e+03 1.03826e-01
4.83100e+03 9.88453e-02
4.83200e+03 9.38637e-02
4.83300e+03 8.88815e-02
4.83400e+03 8.38981e-02
4.83500e+03 7.89142e-02
4.83600e+03 7.39294e-02
4.83700e+03 6.89438e-02
4.83800e+03 6.39573e-02
4.83900e+03 5.89702e-02
4.84000e+03 5.39823e-02
4.84100e+03 5.12306e-02
4.84200e+03 4.84791e-02
4.84300e+03 4.57281e-02
4.84400e+03 4.29772e-02
4.84500e+03 4.02265e-02
4.84600e+03 3.74760e-02
4.84700e+03 3.47259e-02
4.84800e+03 3.19759e-02
4.84900e+03 2.92263e-02
4.85000e+03 2.64768e-02
4.85100e+03 2.51504e-02
4.85200e+03 2.38242e-02
4.85300e+03 2.24982e-02
4.85400e+03 2.11723e-02
4.85500e+03 1.98465e-02
4.85600e+03 1.85209e-02
4.85700e+03 1.71955e-02
4.85800e+03 1.58702e-02
4.85900e+03 1.45450e-02
4.86000e+03 1.32200e-02
4.86100e+03 1.25821e-02
4.86200e+03 1.19441e-02
4.86300e+03 1.13059e-02
4.86400e+03 1.06675e-02
4.86500e+03 1.00290e-02
4.86600e+03 9.39032e-03
4.86700e+03 8.75151e-03
4.86800e+03 8.11253e-03
4.86900e+03 7.47339e-03
4.87000e+03 6.83409e-03
4.87100e+03 6.53412e-03
4.87200e+03 6.23415e-03
4.87300e+03 5.93422e-03
4.87400e+03 5.63430e-03
4.87500e+03 5.33440e-03
4.87600e+03 5.03451e-03
4.87700e+03 4.73464e-03
4.87800e+03 4.43478e-03
4.87900e+03 4.13495e-03
4.88000e+03 3.83514e-03
4.88100e+03 3.72521e-03
4.88200e+03 3.61527e-03
4.88300e+03 3.50534e-03
4.88400e+03 3.39541e-03
4.88500e+03 3.28546e-03
4.88600e+03 3.17552e-03
4.88700e+03 3.06558e-03
4.88800e+03 2.95564e-03
4.88900e+03 2.84568e-03
4.89000e+03 2.73574e-03
4.89100e+03 2.62606e-03
4.89200e+03 2.51635e-03
4.89300e+03 2.40663e-03
4.89400e+03 2.29687e-03
4.89500e+03 2.18710e-03
4.89600e+03 2.07729e-03
4.89700e+03 1.96746e-03
4.89800e+03 1.85761e-03
4.89900e+03 1.74773e-03
4.90000e+03 1.63782e-03
4.90100e+03 1.60664e-03
4.90200e+03 1.57546e-03
4.90300e+03 1.54428e-03
4.90400e+03 1.51310e-03
4.90500e+03 1.48192e-03
4.90600e+03 1.45074e-03
4.90700e+03 1.41955e-03
4.90800e+03 1.38837e-03
4.90900e+03 1.35720e-03
4.91000e+03 1.32602e-03
4.91100e+03 1.29495e-03
4.91200e+03 1.26389e-03
4.91300e+03 1.23282e-03
4.91400e+03 1.20174e-03
4.91500e+03 1.17065e-03
4.91600e+03 1.13956e-03
4.91700e+03 1.10847e-03
4.91800e+03 1.07737e-03
4.91900e+03 1.04627e-03
4.92000e+03 1.01516e-03
4.92100e+03 9.83982e-04
4.92200e+03 9.52805e-04
4.92300e+03 9.21627e-04
4.92400e+03 8.90446e-04
4.92500e+03 8.59266e-04
4.92600e+03 8.28083e-04
4.92700e+03 7.96897e-04
4.92800e+03 7.65711e-04
4.92900e+03 7.34525e-04
4.93000e+03 7.03335e-04
4.93100e+03 6.72196e-04
4.93200e+03 6.41050e-04
4.93300e+03 6.09899e-04
4.93400e+03 5.78740e-04
4.93500e+03 5.47575e-04
4.93600e+03 5.16404e-04
4.93700e+03 4.85226e-04
4.93800e+03 4.54042e-04
4.93900e+03 4.22852e-04
4.94000e+03 3.91654e-04
4.94100e+03 3.83645e-04
4.94200e+03 3.75633e-04
4.94300e+03 3.67619e-04
4.94400e+03 3.59602e-04
4.94500e+03 3.51583e-04
4.94600e+03 3.43563e-04
4.94700e+03 3.35539e-04
4.94800e+03 3.27512e-04
4.94900e+03 3.19483e-04
4.95000e+03 3.11452e-04
4.95100e+03 3.03359e-04
4.95200e+03 2.95266e-04
4.95300e+03 2.87173e-04
4.95400e+03 2.79082e-04
4.95500e+03 2.70992e-04
4.95600e+03 2.62902e-04
4.95700e+03 2.54813e-04
4.95800e+03 2.46725e-04
4.95900e+03 2.38638e-04
4.96000e+03 2.30552e-04
4.96100e+03 2.22507e-04
4.96200e+03 2.14460e-04
4.96300e+03 2.06411e-04
4.96400e+03 1.98360e-04
4.96500e+03 1.90307e-04
4.96600e+03 1.82251e-04
4.96700e+03 1.74194e-04
4.96800e+03 1.66134e-04
4.96900e+03 1.58072e-04
4.97000e+03 1.50008e-04
4.97100e+03 1.41939e-04
4.97200e+03 1.33867e-04
4.97300e+03 1.25794e-04
4.97400e+03 1.17719e-04
4.97500e+03 1.09642e-04
4.97600e+03 1.01563e-04
4.97700e+03 9.34836e-05
4.97800e+03 8.54017e-05
4.97900e+03 7.73180e-05
