# Filter name : HST/ACS_WFC.F625W
# Description : F625W filter for HST ACS_WFC
# Photometric system : ACS-WFC
# FilterType : photon
# Band name : ------
# Observatory : HST
# Instrument : ACS
# Comments : Response calculated using the stsynphot python package by STScI. In particular, function stsynphot.band("acs,wfc1,f625w"). Please, take a look to stsynphot documentation and HST instrument documentation
# 
5.38200e+03 9.59207e-05
5.38300e+03 1.22902e-04
5.38400e+03 1.49892e-04
5.38500e+03 1.76890e-04
5.38600e+03 2.03897e-04
5.38700e+03 2.30912e-04
5.38800e+03 2.57937e-04
5.38900e+03 2.84969e-04
5.39000e+03 3.12010e-04
5.39100e+03 3.39043e-04
5.39200e+03 3.66080e-04
5.39300e+03 3.93125e-04
5.39400e+03 4.20174e-04
5.39500e+03 4.47229e-04
5.39600e+03 4.74291e-04
5.39700e+03 5.01356e-04
5.39800e+03 5.28429e-04
5.39900e+03 5.55507e-04
5.40000e+03 5.82591e-04
5.40100e+03 6.09732e-04
5.40200e+03 6.36883e-04
5.40300e+03 6.64044e-04
5.40400e+03 6.91215e-04
5.40500e+03 7.18395e-04
5.40600e+03 7.45587e-04
5.40700e+03 7.72789e-04
5.40800e+03 7.99998e-04
5.40900e+03 8.27221e-04
5.41000e+03 8.54452e-04
5.41100e+03 8.81673e-04
5.41200e+03 9.08905e-04
5.41300e+03 9.36146e-04
5.41400e+03 9.63393e-04
5.41500e+03 9.90653e-04
5.41600e+03 1.01792e-03
5.41700e+03 1.04519e-03
5.41800e+03 1.07248e-03
5.41900e+03 1.09977e-03
5.42000e+03 1.12707e-03
5.42100e+03 1.24647e-03
5.42200e+03 1.36590e-03
5.42300e+03 1.48536e-03
5.42400e+03 1.60483e-03
5.42500e+03 1.72433e-03
5.42600e+03 1.84385e-03
5.42700e+03 1.96341e-03
5.42800e+03 2.08298e-03
5.42900e+03 2.20257e-03
5.43000e+03 2.32220e-03
5.43100e+03 2.44198e-03
5.43200e+03 2.56180e-03
5.43300e+03 2.68166e-03
5.43400e+03 2.80156e-03
5.43500e+03 2.92149e-03
5.43600e+03 3.04146e-03
5.43700e+03 3.16148e-03
5.43800e+03 3.28152e-03
5.43900e+03 3.40161e-03
5.44000e+03 3.52173e-03
5.44100e+03 3.84119e-03
5.44200e+03 4.16070e-03
5.44300e+03 4.48031e-03
5.44400e+03 4.79996e-03
5.44500e+03 5.11969e-03
5.44600e+03 5.43948e-03
5.44700e+03 5.75936e-03
5.44800e+03 6.07928e-03
5.44900e+03 6.39928e-03
5.45000e+03 6.71935e-03
5.45100e+03 7.20951e-03
5.45200e+03 7.69977e-03
5.45300e+03 8.19022e-03
5.45400e+03 8.68079e-03
5.45500e+03 9.17150e-03
5.45600e+03 9.66236e-03
5.45700e+03 1.01534e-02
5.45800e+03 1.06445e-02
5.45900e+03 1.11358e-02
5.46000e+03 1.16273e-02
5.46100e+03 1.23907e-02
5.46200e+03 1.31543e-02
5.46300e+03 1.39181e-02
5.46400e+03 1.46819e-02
5.46500e+03 1.54459e-02
5.46600e+03 1.62100e-02
5.46700e+03 1.69743e-02
5.46800e+03 1.77387e-02
5.46900e+03 1.85032e-02
5.47000e+03 1.92678e-02
5.47100e+03 2.03796e-02
5.47200e+03 2.14917e-02
5.47300e+03 2.26042e-02
5.47400e+03 2.37170e-02
5.47500e+03 2.48302e-02
5.47600e+03 2.59438e-02
5.47700e+03 2.70577e-02
5.47800e+03 2.81720e-02
5.47900e+03 2.92866e-02
5.48000e+03 3.04017e-02
5.48100e+03 3.15820e-02
5.48200e+03 3.27624e-02
5.48300e+03 3.39431e-02
5.48400e+03 3.51238e-02
5.48500e+03 3.63046e-02
5.48600e+03 3.74856e-02
5.48700e+03 3.86667e-02
5.48800e+03 3.98480e-02
5.48900e+03 4.10293e-02
5.49000e+03 4.22107e-02
5.49100e+03 4.30334e-02
5.49200e+03 4.38561e-02
5.49300e+03 4.46789e-02
5.49400e+03 4.55017e-02
5.49500e+03 4.63246e-02
5.49600e+03 4.71476e-02
5.49700e+03 4.79707e-02
5.49800e+03 4.87939e-02
5.49900e+03 4.96172e-02
5.50000e+03 5.04405e-02
5.50100e+03 5.19467e-02
5.50200e+03 5.34532e-02
5.50300e+03 5.49605e-02
5.50400e+03 5.64682e-02
5.50500e+03 5.79766e-02
5.50600e+03 5.94855e-02
5.50700e+03 6.09950e-02
5.50800e+03 6.25050e-02
5.50900e+03 6.40156e-02
5.51000e+03 6.55268e-02
5.51100e+03 6.79692e-02
5.51200e+03 7.04115e-02
5.51300e+03 7.28539e-02
5.51400e+03 7.52965e-02
5.51500e+03 7.77392e-02
5.51600e+03 8.01817e-02
5.51700e+03 8.26245e-02
5.51800e+03 8.50675e-02
5.51900e+03 8.75102e-02
5.52000e+03 8.99532e-02
5.52100e+03 9.21460e-02
5.52200e+03 9.43390e-02
5.52300e+03 9.65325e-02
5.52400e+03 9.87264e-02
5.52500e+03 1.00921e-01
5.52600e+03 1.03115e-01
5.52700e+03 1.05310e-01
5.52800e+03 1.07505e-01
5.52900e+03 1.09701e-01
5.53000e+03 1.11897e-01
5.53100e+03 1.13921e-01
5.53200e+03 1.15946e-01
5.53300e+03 1.17971e-01
5.53400e+03 1.19996e-01
5.53500e+03 1.22021e-01
5.53600e+03 1.24047e-01
5.53700e+03 1.26072e-01
5.53800e+03 1.28099e-01
5.53900e+03 1.30125e-01
5.54000e+03 1.32152e-01
5.54100e+03 1.33827e-01
5.54200e+03 1.35503e-01
5.54300e+03 1.37179e-01
5.54400e+03 1.38854e-01
5.54500e+03 1.40530e-01
5.54600e+03 1.42205e-01
5.54700e+03 1.43881e-01
5.54800e+03 1.45557e-01
5.54900e+03 1.47232e-01
5.55000e+03 1.48908e-01
5.55100e+03 1.50821e-01
5.55200e+03 1.52733e-01
5.55300e+03 1.54647e-01
5.55400e+03 1.56560e-01
5.55500e+03 1.58475e-01
5.55600e+03 1.60390e-01
5.55700e+03 1.62306e-01
5.55800e+03 1.64222e-01
5.55900e+03 1.66139e-01
5.56000e+03 1.68056e-01
5.56100e+03 1.69827e-01
5.56200e+03 1.71598e-01
5.56300e+03 1.73368e-01
5.56400e+03 1.75139e-01
5.56500e+03 1.76910e-01
5.56600e+03 1.78681e-01
5.56700e+03 1.80453e-01
5.56800e+03 1.82224e-01
5.56900e+03 1.83995e-01
5.57000e+03 1.85767e-01
5.57100e+03 1.87481e-01
5.57200e+03 1.89196e-01
5.57300e+03 1.90910e-01
5.57400e+03 1.92623e-01
5.57500e+03 1.94337e-01
5.57600e+03 1.96051e-01
5.57700e+03 1.97764e-01
5.57800e+03 1.99478e-01
5.57900e+03 2.01191e-01
5.58000e+03 2.02903e-01
5.58100e+03 2.04076e-01
5.58200e+03 2.05248e-01
5.58300e+03 2.06420e-01
5.58400e+03 2.07593e-01
5.58500e+03 2.08765e-01
5.58600e+03 2.09937e-01
5.58700e+03 2.11110e-01
5.58800e+03 2.12282e-01
5.58900e+03 2.13455e-01
5.59000e+03 2.14628e-01
5.59100e+03 2.15086e-01
5.59200e+03 2.15544e-01
5.59300e+03 2.16003e-01
5.59400e+03 2.16461e-01
5.59500e+03 2.16920e-01
5.59600e+03 2.17379e-01
5.59700e+03 2.17838e-01
5.59800e+03 2.18296e-01
5.59900e+03 2.18755e-01
5.60000e+03 2.19214e-01
5.60100e+03 2.20488e-01
5.60200e+03 2.21762e-01
5.60300e+03 2.23036e-01
5.60400e+03 2.24310e-01
5.60500e+03 2.25585e-01
5.60600e+03 2.26859e-01
5.60700e+03 2.28134e-01
5.60800e+03 2.29409e-01
5.60900e+03 2.30685e-01
5.61000e+03 2.31960e-01
5.61100e+03 2.33289e-01
5.61200e+03 2.34618e-01
5.61300e+03 2.35947e-01
5.61400e+03 2.37276e-01
5.61500e+03 2.38606e-01
5.61600e+03 2.39936e-01
5.61700e+03 2.41266e-01
5.61800e+03 2.42598e-01
5.61900e+03 2.43928e-01
5.62000e+03 2.45260e-01
5.62100e+03 2.47212e-01
5.62200e+03 2.49165e-01
5.62300e+03 2.51118e-01
5.62400e+03 2.53071e-01
5.62500e+03 2.55024e-01
5.62600e+03 2.56977e-01
5.62700e+03 2.58931e-01
5.62800e+03 2.60884e-01
5.62900e+03 2.62838e-01
5.63000e+03 2.64792e-01
5.63100e+03 2.65894e-01
5.63200e+03 2.66997e-01
5.63300e+03 2.68099e-01
5.63400e+03 2.69202e-01
5.63500e+03 2.70305e-01
5.63600e+03 2.71408e-01
5.63700e+03 2.72511e-01
5.63800e+03 2.73615e-01
5.63900e+03 2.74718e-01
5.64000e+03 2.75822e-01
5.64100e+03 2.76891e-01
5.64200e+03 2.77960e-01
5.64300e+03 2.79030e-01
5.64400e+03 2.80099e-01
5.64500e+03 2.81168e-01
5.64600e+03 2.82238e-01
5.64700e+03 2.83308e-01
5.64800e+03 2.84378e-01
5.64900e+03 2.85449e-01
5.65000e+03 2.86520e-01
5.65100e+03 2.86803e-01
5.65200e+03 2.87085e-01
5.65300e+03 2.87367e-01
5.65400e+03 2.87650e-01
5.65500e+03 2.87933e-01
5.65600e+03 2.88216e-01
5.65700e+03 2.88499e-01
5.65800e+03 2.88781e-01
5.65900e+03 2.89065e-01
5.66000e+03 2.89348e-01
5.66100e+03 2.90202e-01
5.66200e+03 2.91056e-01
5.66300e+03 2.91911e-01
5.66400e+03 2.92765e-01
5.66500e+03 2.93620e-01
5.66600e+03 2.94475e-01
5.66700e+03 2.95331e-01
5.66800e+03 2.96186e-01
5.66900e+03 2.97042e-01
5.67000e+03 2.97898e-01
5.67100e+03 2.99070e-01
5.67200e+03 3.00243e-01
5.67300e+03 3.01416e-01
5.67400e+03 3.02590e-01
5.67500e+03 3.03763e-01
5.67600e+03 3.04937e-01
5.67700e+03 3.06113e-01
5.67800e+03 3.07287e-01
5.67900e+03 3.08463e-01
5.68000e+03 3.09638e-01
5.68100e+03 3.09607e-01
5.68200e+03 3.09575e-01
5.68300e+03 3.09543e-01
5.68400e+03 3.09512e-01
5.68500e+03 3.09480e-01
5.68600e+03 3.09448e-01
5.68700e+03 3.09417e-01
5.68800e+03 3.09385e-01
5.68900e+03 3.09353e-01
5.69000e+03 3.09322e-01
5.69100e+03 3.08917e-01
5.69200e+03 3.08513e-01
5.69300e+03 3.08108e-01
5.69400e+03 3.07704e-01
5.69500e+03 3.07300e-01
5.69600e+03 3.06895e-01
5.69700e+03 3.06490e-01
5.69800e+03 3.06086e-01
5.69900e+03 3.05681e-01
5.70000e+03 3.05276e-01
5.70100e+03 3.04548e-01
5.70200e+03 3.03820e-01
5.70300e+03 3.03092e-01
5.70400e+03 3.02363e-01
5.70500e+03 3.01634e-01
5.70600e+03 3.00904e-01
5.70700e+03 3.00176e-01
5.70800e+03 2.99445e-01
5.70900e+03 2.98715e-01
5.71000e+03 2.97986e-01
5.71100e+03 2.98632e-01
5.71200e+03 2.99278e-01
5.71300e+03 2.99924e-01
5.71400e+03 3.00571e-01
5.71500e+03 3.01218e-01
5.71600e+03 3.01865e-01
5.71700e+03 3.02513e-01
5.71800e+03 3.03160e-01
5.71900e+03 3.03808e-01
5.72000e+03 3.04457e-01
5.72100e+03 3.05712e-01
5.72200e+03 3.06968e-01
5.72300e+03 3.08224e-01
5.72400e+03 3.09479e-01
5.72500e+03 3.10735e-01
5.72600e+03 3.11991e-01
5.72700e+03 3.13246e-01
5.72800e+03 3.14503e-01
5.72900e+03 3.15758e-01
5.73000e+03 3.17014e-01
5.73100e+03 3.18468e-01
5.73200e+03 3.19922e-01
5.73300e+03 3.21378e-01
5.73400e+03 3.22834e-01
5.73500e+03 3.24290e-01
5.73600e+03 3.25748e-01
5.73700e+03 3.27205e-01
5.73800e+03 3.28664e-01
5.73900e+03 3.30123e-01
5.74000e+03 3.31582e-01
5.74100e+03 3.32410e-01
5.74200e+03 3.33241e-01
5.74300e+03 3.34069e-01
5.74400e+03 3.34898e-01
5.74500e+03 3.35728e-01
5.74600e+03 3.36557e-01
5.74700e+03 3.37387e-01
5.74800e+03 3.38217e-01
5.74900e+03 3.39046e-01
5.75000e+03 3.39876e-01
5.75100e+03 3.39699e-01
5.75200e+03 3.39523e-01
5.75300e+03 3.39345e-01
5.75400e+03 3.39168e-01
5.75500e+03 3.38991e-01
5.75600e+03 3.38814e-01
5.75700e+03 3.38637e-01
5.75800e+03 3.38460e-01
5.75900e+03 3.38282e-01
5.76000e+03 3.38106e-01
5.76100e+03 3.37892e-01
5.76200e+03 3.37679e-01
5.76300e+03 3.37467e-01
5.76400e+03 3.37254e-01
5.76500e+03 3.37041e-01
5.76600e+03 3.36828e-01
5.76700e+03 3.36616e-01
5.76800e+03 3.36403e-01
5.76900e+03 3.36191e-01
5.77000e+03 3.35978e-01
5.77100e+03 3.36182e-01
5.77200e+03 3.36386e-01
5.77300e+03 3.36589e-01
5.77400e+03 3.36794e-01
5.77500e+03 3.36997e-01
5.77600e+03 3.37202e-01
5.77700e+03 3.37406e-01
5.77800e+03 3.37611e-01
5.77900e+03 3.37816e-01
5.78000e+03 3.38020e-01
5.78100e+03 3.38534e-01
5.78200e+03 3.39047e-01
5.78300e+03 3.39561e-01
5.78400e+03 3.40075e-01
5.78500e+03 3.40589e-01
5.78600e+03 3.41103e-01
5.78700e+03 3.41617e-01
5.78800e+03 3.42131e-01
5.78900e+03 3.42646e-01
5.79000e+03 3.43161e-01
5.79100e+03 3.44581e-01
5.79200e+03 3.46002e-01
5.79300e+03 3.47423e-01
5.79400e+03 3.48845e-01
5.79500e+03 3.50267e-01
5.79600e+03 3.51689e-01
5.79700e+03 3.53113e-01
5.79800e+03 3.54537e-01
5.79900e+03 3.55961e-01
5.80000e+03 3.57386e-01
5.80100e+03 3.57347e-01
5.80200e+03 3.57309e-01
5.80300e+03 3.57271e-01
5.80400e+03 3.57232e-01
5.80500e+03 3.57195e-01
5.80600e+03 3.57156e-01
5.80700e+03 3.57118e-01
5.80800e+03 3.57081e-01
5.80900e+03 3.57043e-01
5.81000e+03 3.57006e-01
5.81100e+03 3.56946e-01
5.81200e+03 3.56885e-01
5.81300e+03 3.56825e-01
5.81400e+03 3.56765e-01
5.81500e+03 3.56705e-01
5.81600e+03 3.56646e-01
5.81700e+03 3.56585e-01
5.81800e+03 3.56526e-01
5.81900e+03 3.56466e-01
5.82000e+03 3.56407e-01
5.82100e+03 3.56335e-01
5.82200e+03 3.56262e-01
5.82300e+03 3.56190e-01
5.82400e+03 3.56119e-01
5.82500e+03 3.56047e-01
5.82600e+03 3.55975e-01
5.82700e+03 3.55904e-01
5.82800e+03 3.55832e-01
5.82900e+03 3.55761e-01
5.83000e+03 3.55689e-01
5.83100e+03 3.56378e-01
5.83200e+03 3.57067e-01
5.83300e+03 3.57756e-01
5.83400e+03 3.58446e-01
5.83500e+03 3.59135e-01
5.83600e+03 3.59825e-01
5.83700e+03 3.60514e-01
5.83800e+03 3.61204e-01
5.83900e+03 3.61895e-01
5.84000e+03 3.62586e-01
5.84100e+03 3.63472e-01
5.84200e+03 3.64359e-01
5.84300e+03 3.65245e-01
5.84400e+03 3.66133e-01
5.84500e+03 3.67020e-01
5.84600e+03 3.67908e-01
5.84700e+03 3.68796e-01
5.84800e+03 3.69686e-01
5.84900e+03 3.70575e-01
5.85000e+03 3.71464e-01
5.85100e+03 3.71619e-01
5.85200e+03 3.71774e-01
5.85300e+03 3.71930e-01
5.85400e+03 3.72086e-01
5.85500e+03 3.72240e-01
5.85600e+03 3.72396e-01
5.85700e+03 3.72552e-01
5.85800e+03 3.72709e-01
5.85900e+03 3.72865e-01
5.86000e+03 3.73021e-01
5.86100e+03 3.72654e-01
5.86200e+03 3.72287e-01
5.86300e+03 3.71920e-01
5.86400e+03 3.71553e-01
5.86500e+03 3.71186e-01
5.86600e+03 3.70818e-01
5.86700e+03 3.70450e-01
5.86800e+03 3.70083e-01
5.86900e+03 3.69715e-01
5.87000e+03 3.69348e-01
5.87100e+03 3.68880e-01
5.87200e+03 3.68411e-01
5.87300e+03 3.67943e-01
5.87400e+03 3.67476e-01
5.87500e+03 3.67007e-01
5.87600e+03 3.66540e-01
5.87700e+03 3.66072e-01
5.87800e+03 3.65604e-01
5.87900e+03 3.65136e-01
5.88000e+03 3.64668e-01
5.88100e+03 3.65221e-01
5.88200e+03 3.65773e-01
5.88300e+03 3.66326e-01
5.88400e+03 3.66879e-01
5.88500e+03 3.67433e-01
5.88600e+03 3.67987e-01
5.88700e+03 3.68540e-01
5.88800e+03 3.69095e-01
5.88900e+03 3.69649e-01
5.89000e+03 3.70204e-01
5.89100e+03 3.70774e-01
5.89200e+03 3.71345e-01
5.89300e+03 3.71916e-01
5.89400e+03 3.72487e-01
5.89500e+03 3.73059e-01
5.89600e+03 3.73631e-01
5.89700e+03 3.74204e-01
5.89800e+03 3.74777e-01
5.89900e+03 3.75349e-01
5.90000e+03 3.75923e-01
5.90100e+03 3.75965e-01
5.90200e+03 3.76005e-01
5.90300e+03 3.76046e-01
5.90400e+03 3.76088e-01
5.90500e+03 3.76129e-01
5.90600e+03 3.76171e-01
5.90700e+03 3.76213e-01
5.90800e+03 3.76254e-01
5.90900e+03 3.76297e-01
5.91000e+03 3.76339e-01
5.91100e+03 3.75829e-01
5.91200e+03 3.75320e-01
5.91300e+03 3.74810e-01
5.91400e+03 3.74301e-01
5.91500e+03 3.73792e-01
5.91600e+03 3.73282e-01
5.91700e+03 3.72773e-01
5.91800e+03 3.72264e-01
5.91900e+03 3.71755e-01
5.92000e+03 3.71246e-01
5.92100e+03 3.70973e-01
5.92200e+03 3.70698e-01
5.92300e+03 3.70425e-01
5.92400e+03 3.70150e-01
5.92500e+03 3.69877e-01
5.92600e+03 3.69603e-01
5.92700e+03 3.69329e-01
5.92800e+03 3.69055e-01
5.92900e+03 3.68781e-01
5.93000e+03 3.68508e-01
5.93100e+03 3.68030e-01
5.93200e+03 3.67553e-01
5.93300e+03 3.67075e-01
5.93400e+03 3.66597e-01
5.93500e+03 3.66120e-01
5.93600e+03 3.65642e-01
5.93700e+03 3.65165e-01
5.93800e+03 3.64688e-01
5.93900e+03 3.64210e-01
5.94000e+03 3.63732e-01
5.94100e+03 3.64232e-01
5.94200e+03 3.64733e-01
5.94300e+03 3.65234e-01
5.94400e+03 3.65735e-01
5.94500e+03 3.66237e-01
5.94600e+03 3.66738e-01
5.94700e+03 3.67240e-01
5.94800e+03 3.67742e-01
5.94900e+03 3.68244e-01
5.95000e+03 3.68747e-01
5.95100e+03 3.69805e-01
5.95200e+03 3.70863e-01
5.95300e+03 3.71922e-01
5.95400e+03 3.72981e-01
5.95500e+03 3.74042e-01
5.95600e+03 3.75101e-01
5.95700e+03 3.76162e-01
5.95800e+03 3.77224e-01
5.95900e+03 3.78286e-01
5.96000e+03 3.79348e-01
5.96100e+03 3.80120e-01
5.96200e+03 3.80892e-01
5.96300e+03 3.81665e-01
5.96400e+03 3.82439e-01
5.96500e+03 3.83212e-01
5.96600e+03 3.83986e-01
5.96700e+03 3.84761e-01
5.96800e+03 3.85537e-01
5.96900e+03 3.86312e-01
5.97000e+03 3.87088e-01
5.97100e+03 3.86833e-01
5.97200e+03 3.86577e-01
5.97300e+03 3.86321e-01
5.97400e+03 3.86065e-01
5.97500e+03 3.85809e-01
5.97600e+03 3.85553e-01
5.97700e+03 3.85297e-01
5.97800e+03 3.85041e-01
5.97900e+03 3.84785e-01
5.98000e+03 3.84529e-01
5.98100e+03 3.83984e-01
5.98200e+03 3.83440e-01
5.98300e+03 3.82895e-01
5.98400e+03 3.82350e-01
5.98500e+03 3.81805e-01
5.98600e+03 3.81259e-01
5.98700e+03 3.80714e-01
5.98800e+03 3.80169e-01
5.98900e+03 3.79622e-01
5.99000e+03 3.79076e-01
5.99100e+03 3.78098e-01
5.99200e+03 3.77120e-01
5.99300e+03 3.76142e-01
5.99400e+03 3.75162e-01
5.99500e+03 3.74183e-01
5.99600e+03 3.73203e-01
5.99700e+03 3.72223e-01
5.99800e+03 3.71243e-01
5.99900e+03 3.70262e-01
6.00000e+03 3.69281e-01
6.00100e+03 3.69702e-01
6.00200e+03 3.70124e-01
6.00300e+03 3.70545e-01
6.00400e+03 3.70967e-01
6.00500e+03 3.71388e-01
6.00600e+03 3.71810e-01
6.00700e+03 3.72232e-01
6.00800e+03 3.72654e-01
6.00900e+03 3.73075e-01
6.01000e+03 3.73498e-01
6.01100e+03 3.74168e-01
6.01200e+03 3.74838e-01
6.01300e+03 3.75509e-01
6.01400e+03 3.76180e-01
6.01500e+03 3.76851e-01
6.01600e+03 3.77522e-01
6.01700e+03 3.78193e-01
6.01800e+03 3.78864e-01
6.01900e+03 3.79535e-01
6.02000e+03 3.80207e-01
6.02100e+03 3.81598e-01
6.02200e+03 3.82990e-01
6.02300e+03 3.84382e-01
6.02400e+03 3.85775e-01
6.02500e+03 3.87167e-01
6.02600e+03 3.88561e-01
6.02700e+03 3.89956e-01
6.02800e+03 3.91351e-01
6.02900e+03 3.92746e-01
6.03000e+03 3.94142e-01
6.03100e+03 3.94606e-01
6.03200e+03 3.95071e-01
6.03300e+03 3.95536e-01
6.03400e+03 3.96001e-01
6.03500e+03 3.96466e-01
6.03600e+03 3.96931e-01
6.03700e+03 3.97397e-01
6.03800e+03 3.97862e-01
6.03900e+03 3.98329e-01
6.04000e+03 3.98795e-01
6.04100e+03 3.98968e-01
6.04200e+03 3.99144e-01
6.04300e+03 3.99318e-01
6.04400e+03 3.99492e-01
6.04500e+03 3.99666e-01
6.04600e+03 3.99841e-01
6.04700e+03 4.00016e-01
6.04800e+03 4.00190e-01
6.04900e+03 4.00365e-01
6.05000e+03 4.00539e-01
6.05100e+03 4.00552e-01
6.05200e+03 4.00566e-01
6.05300e+03 4.00580e-01
6.05400e+03 4.00592e-01
6.05500e+03 4.00607e-01
6.05600e+03 4.00620e-01
6.05700e+03 4.00633e-01
6.05800e+03 4.00646e-01
6.05900e+03 4.00660e-01
6.06000e+03 4.00672e-01
6.06100e+03 4.00191e-01
6.06200e+03 3.99708e-01
6.06300e+03 3.99227e-01
6.06400e+03 3.98743e-01
6.06500e+03 3.98261e-01
6.06600e+03 3.97778e-01
6.06700e+03 3.97294e-01
6.06800e+03 3.96812e-01
6.06900e+03 3.96328e-01
6.07000e+03 3.95844e-01
6.07100e+03 3.95796e-01
6.07200e+03 3.95747e-01
6.07300e+03 3.95699e-01
6.07400e+03 3.95650e-01
6.07500e+03 3.95603e-01
6.07600e+03 3.95554e-01
6.07700e+03 3.95505e-01
6.07800e+03 3.95457e-01
6.07900e+03 3.95409e-01
6.08000e+03 3.95360e-01
6.08100e+03 3.95617e-01
6.08200e+03 3.95874e-01
6.08300e+03 3.96131e-01
6.08400e+03 3.96387e-01
6.08500e+03 3.96645e-01
6.08600e+03 3.96902e-01
6.08700e+03 3.97158e-01
6.08800e+03 3.97417e-01
6.08900e+03 3.97674e-01
6.09000e+03 3.97931e-01
6.09100e+03 3.97389e-01
6.09200e+03 3.96846e-01
6.09300e+03 3.96303e-01
6.09400e+03 3.95761e-01
6.09500e+03 3.95217e-01
6.09600e+03 3.94674e-01
6.09700e+03 3.94130e-01
6.09800e+03 3.93586e-01
6.09900e+03 3.93042e-01
6.10000e+03 3.92499e-01
6.10100e+03 3.91164e-01
6.10200e+03 3.89831e-01
6.10300e+03 3.88496e-01
6.10400e+03 3.87162e-01
6.10500e+03 3.85826e-01
6.10600e+03 3.84491e-01
6.10700e+03 3.83155e-01
6.10800e+03 3.81819e-01
6.10900e+03 3.80482e-01
6.11000e+03 3.79145e-01
6.11100e+03 3.79092e-01
6.11200e+03 3.79038e-01
6.11300e+03 3.78984e-01
6.11400e+03 3.78929e-01
6.11500e+03 3.78875e-01
6.11600e+03 3.78821e-01
6.11700e+03 3.78766e-01
6.11800e+03 3.78712e-01
6.11900e+03 3.78657e-01
6.12000e+03 3.78603e-01
6.12100e+03 3.79538e-01
6.12200e+03 3.80474e-01
6.12300e+03 3.81410e-01
6.12400e+03 3.82347e-01
6.12500e+03 3.83284e-01
6.12600e+03 3.84221e-01
6.12700e+03 3.85158e-01
6.12800e+03 3.86096e-01
6.12900e+03 3.87034e-01
6.13000e+03 3.87972e-01
6.13100e+03 3.89240e-01
6.13200e+03 3.90509e-01
6.13300e+03 3.91778e-01
6.13400e+03 3.93049e-01
6.13500e+03 3.94318e-01
6.13600e+03 3.95589e-01
6.13700e+03 3.96860e-01
6.13800e+03 3.98131e-01
6.13900e+03 3.99403e-01
6.14000e+03 4.00675e-01
6.14100e+03 4.02092e-01
6.14200e+03 4.03509e-01
6.14300e+03 4.04927e-01
6.14400e+03 4.06345e-01
6.14500e+03 4.07764e-01
6.14600e+03 4.09183e-01
6.14700e+03 4.10602e-01
6.14800e+03 4.12023e-01
6.14900e+03 4.13444e-01
6.15000e+03 4.14865e-01
6.15100e+03 4.15188e-01
6.15200e+03 4.15511e-01
6.15300e+03 4.15834e-01
6.15400e+03 4.16157e-01
6.15500e+03 4.16480e-01
6.15600e+03 4.16802e-01
6.15700e+03 4.17126e-01
6.15800e+03 4.17449e-01
6.15900e+03 4.17772e-01
6.16000e+03 4.18096e-01
6.16100e+03 4.17807e-01
6.16200e+03 4.17519e-01
6.16300e+03 4.17232e-01
6.16400e+03 4.16944e-01
6.16500e+03 4.16655e-01
6.16600e+03 4.16367e-01
6.16700e+03 4.16078e-01
6.16800e+03 4.15789e-01
6.16900e+03 4.15500e-01
6.17000e+03 4.15212e-01
6.17100e+03 4.14076e-01
6.17200e+03 4.12940e-01
6.17300e+03 4.11803e-01
6.17400e+03 4.10666e-01
6.17500e+03 4.09528e-01
6.17600e+03 4.08390e-01
6.17700e+03 4.07252e-01
6.17800e+03 4.06113e-01
6.17900e+03 4.04974e-01
6.18000e+03 4.03834e-01
6.18100e+03 4.04040e-01
6.18200e+03 4.04247e-01
6.18300e+03 4.04454e-01
6.18400e+03 4.04660e-01
6.18500e+03 4.04867e-01
6.18600e+03 4.05075e-01
6.18700e+03 4.05281e-01
6.18800e+03 4.05487e-01
6.18900e+03 4.05694e-01
6.19000e+03 4.05901e-01
6.19100e+03 4.05885e-01
6.19200e+03 4.05869e-01
6.19300e+03 4.05853e-01
6.19400e+03 4.05837e-01
6.19500e+03 4.05820e-01
6.19600e+03 4.05804e-01
6.19700e+03 4.05788e-01
6.19800e+03 4.05772e-01
6.19900e+03 4.05755e-01
6.20000e+03 4.05738e-01
6.20100e+03 4.06609e-01
6.20200e+03 4.07481e-01
6.20300e+03 4.08353e-01
6.20400e+03 4.09224e-01
6.20500e+03 4.10096e-01
6.20600e+03 4.10967e-01
6.20700e+03 4.11838e-01
6.20800e+03 4.12711e-01
6.20900e+03 4.13582e-01
6.21000e+03 4.14454e-01
6.21100e+03 4.14908e-01
6.21200e+03 4.15359e-01
6.21300e+03 4.15812e-01
6.21400e+03 4.16263e-01
6.21500e+03 4.16716e-01
6.21600e+03 4.17168e-01
6.21700e+03 4.17619e-01
6.21800e+03 4.18072e-01
6.21900e+03 4.18524e-01
6.22000e+03 4.18976e-01
6.22100e+03 4.19472e-01
6.22200e+03 4.19967e-01
6.22300e+03 4.20464e-01
6.22400e+03 4.20958e-01
6.22500e+03 4.21454e-01
6.22600e+03 4.21950e-01
6.22700e+03 4.22446e-01
6.22800e+03 4.22943e-01
6.22900e+03 4.23438e-01
6.23000e+03 4.23934e-01
6.23100e+03 4.23683e-01
6.23200e+03 4.23432e-01
6.23300e+03 4.23180e-01
6.23400e+03 4.22929e-01
6.23500e+03 4.22677e-01
6.23600e+03 4.22425e-01
6.23700e+03 4.22174e-01
6.23800e+03 4.21922e-01
6.23900e+03 4.21671e-01
6.24000e+03 4.21417e-01
6.24100e+03 4.21188e-01
6.24200e+03 4.20957e-01
6.24300e+03 4.20727e-01
6.24400e+03 4.20495e-01
6.24500e+03 4.20265e-01
6.24600e+03 4.20034e-01
6.24700e+03 4.19803e-01
6.24800e+03 4.19572e-01
6.24900e+03 4.19340e-01
6.25000e+03 4.19110e-01
6.25100e+03 4.19762e-01
6.25200e+03 4.20415e-01
6.25300e+03 4.21069e-01
6.25400e+03 4.21722e-01
6.25500e+03 4.22375e-01
6.25600e+03 4.23029e-01
6.25700e+03 4.23682e-01
6.25800e+03 4.24336e-01
6.25900e+03 4.24989e-01
6.26000e+03 4.25643e-01
6.26100e+03 4.25886e-01
6.26200e+03 4.26127e-01
6.26300e+03 4.26368e-01
6.26400e+03 4.26611e-01
6.26500e+03 4.26851e-01
6.26600e+03 4.27094e-01
6.26700e+03 4.27336e-01
6.26800e+03 4.27578e-01
6.26900e+03 4.27820e-01
6.27000e+03 4.28062e-01
6.27100e+03 4.27958e-01
6.27200e+03 4.27853e-01
6.27300e+03 4.27749e-01
6.27400e+03 4.27645e-01
6.27500e+03 4.27540e-01
6.27600e+03 4.27435e-01
6.27700e+03 4.27331e-01
6.27800e+03 4.27226e-01
6.27900e+03 4.27121e-01
6.28000e+03 4.27015e-01
6.28100e+03 4.26759e-01
6.28200e+03 4.26502e-01
6.28300e+03 4.26245e-01
6.28400e+03 4.25989e-01
6.28500e+03 4.25731e-01
6.28600e+03 4.25474e-01
6.28700e+03 4.25218e-01
6.28800e+03 4.24960e-01
6.28900e+03 4.24704e-01
6.29000e+03 4.24447e-01
6.29100e+03 4.22829e-01
6.29200e+03 4.21212e-01
6.29300e+03 4.19595e-01
6.29400e+03 4.17977e-01
6.29500e+03 4.16359e-01
6.29600e+03 4.14740e-01
6.29700e+03 4.13121e-01
6.29800e+03 4.11502e-01
6.29900e+03 4.09883e-01
6.30000e+03 4.08264e-01
6.30100e+03 4.06875e-01
6.30200e+03 4.05488e-01
6.30300e+03 4.04100e-01
6.30400e+03 4.02711e-01
6.30500e+03 4.01323e-01
6.30600e+03 3.99934e-01
6.30700e+03 3.98545e-01
6.30800e+03 3.97156e-01
6.30900e+03 3.95766e-01
6.31000e+03 3.94377e-01
6.31100e+03 3.93772e-01
6.31200e+03 3.93168e-01
6.31300e+03 3.92563e-01
6.31400e+03 3.91958e-01
6.31500e+03 3.91354e-01
6.31600e+03 3.90749e-01
6.31700e+03 3.90143e-01
6.31800e+03 3.89538e-01
6.31900e+03 3.88932e-01
6.32000e+03 3.88326e-01
6.32100e+03 3.89096e-01
6.32200e+03 3.89866e-01
6.32300e+03 3.90637e-01
6.32400e+03 3.91407e-01
6.32500e+03 3.92178e-01
6.32600e+03 3.92949e-01
6.32700e+03 3.93721e-01
6.32800e+03 3.94492e-01
6.32900e+03 3.95264e-01
6.33000e+03 3.96036e-01
6.33100e+03 3.98195e-01
6.33200e+03 4.00353e-01
6.33300e+03 4.02512e-01
6.33400e+03 4.04673e-01
6.33500e+03 4.06834e-01
6.33600e+03 4.08995e-01
6.33700e+03 4.11158e-01
6.33800e+03 4.13321e-01
6.33900e+03 4.15484e-01
6.34000e+03 4.17649e-01
6.34100e+03 4.18324e-01
6.34200e+03 4.19000e-01
6.34300e+03 4.19675e-01
6.34400e+03 4.20352e-01
6.34500e+03 4.21027e-01
6.34600e+03 4.21702e-01
6.34700e+03 4.22378e-01
6.34800e+03 4.23054e-01
6.34900e+03 4.23730e-01
6.35000e+03 4.24406e-01
6.35100e+03 4.25607e-01
6.35200e+03 4.26809e-01
6.35300e+03 4.28011e-01
6.35400e+03 4.29213e-01
6.35500e+03 4.30416e-01
6.35600e+03 4.31619e-01
6.35700e+03 4.32823e-01
6.35800e+03 4.34025e-01
6.35900e+03 4.35230e-01
6.36000e+03 4.36434e-01
6.36100e+03 4.36468e-01
6.36200e+03 4.36502e-01
6.36300e+03 4.36537e-01
6.36400e+03 4.36571e-01
6.36500e+03 4.36605e-01
6.36600e+03 4.36640e-01
6.36700e+03 4.36675e-01
6.36800e+03 4.36708e-01
6.36900e+03 4.36743e-01
6.37000e+03 4.36777e-01
6.37100e+03 4.36054e-01
6.37200e+03 4.35331e-01
6.37300e+03 4.34607e-01
6.37400e+03 4.33883e-01
6.37500e+03 4.33159e-01
6.37600e+03 4.32435e-01
6.37700e+03 4.31709e-01
6.37800e+03 4.30983e-01
6.37900e+03 4.30258e-01
6.38000e+03 4.29532e-01
6.38100e+03 4.30072e-01
6.38200e+03 4.30612e-01
6.38300e+03 4.31152e-01
6.38400e+03 4.31693e-01
6.38500e+03 4.32234e-01
6.38600e+03 4.32774e-01
6.38700e+03 4.33315e-01
6.38800e+03 4.33856e-01
6.38900e+03 4.34398e-01
6.39000e+03 4.34939e-01
6.39100e+03 4.35307e-01
6.39200e+03 4.35674e-01
6.39300e+03 4.36043e-01
6.39400e+03 4.36410e-01
6.39500e+03 4.36778e-01
6.39600e+03 4.37146e-01
6.39700e+03 4.37514e-01
6.39800e+03 4.37882e-01
6.39900e+03 4.38250e-01
6.40000e+03 4.38619e-01
6.40100e+03 4.38464e-01
6.40200e+03 4.38310e-01
6.40300e+03 4.38157e-01
6.40400e+03 4.38003e-01
6.40500e+03 4.37849e-01
6.40600e+03 4.37695e-01
6.40700e+03 4.37541e-01
6.40800e+03 4.37388e-01
6.40900e+03 4.37232e-01
6.41000e+03 4.37077e-01
6.41100e+03 4.37096e-01
6.41200e+03 4.37116e-01
6.41300e+03 4.37135e-01
6.41400e+03 4.37154e-01
6.41500e+03 4.37174e-01
6.41600e+03 4.37192e-01
6.41700e+03 4.37211e-01
6.41800e+03 4.37230e-01
6.41900e+03 4.37249e-01
6.42000e+03 4.37267e-01
6.42100e+03 4.36355e-01
6.42200e+03 4.35443e-01
6.42300e+03 4.34531e-01
6.42400e+03 4.33619e-01
6.42500e+03 4.32708e-01
6.42600e+03 4.31793e-01
6.42700e+03 4.30882e-01
6.42800e+03 4.29970e-01
6.42900e+03 4.29058e-01
6.43000e+03 4.28146e-01
6.43100e+03 4.27636e-01
6.43200e+03 4.27128e-01
6.43300e+03 4.26619e-01
6.43400e+03 4.26111e-01
6.43500e+03 4.25602e-01
6.43600e+03 4.25093e-01
6.43700e+03 4.24585e-01
6.43800e+03 4.24075e-01
6.43900e+03 4.23567e-01
6.44000e+03 4.23058e-01
6.44100e+03 4.23132e-01
6.44200e+03 4.23206e-01
6.44300e+03 4.23281e-01
6.44400e+03 4.23355e-01
6.44500e+03 4.23429e-01
6.44600e+03 4.23504e-01
6.44700e+03 4.23578e-01
6.44800e+03 4.23651e-01
6.44900e+03 4.23726e-01
6.45000e+03 4.23800e-01
6.45100e+03 4.23883e-01
6.45200e+03 4.23967e-01
6.45300e+03 4.24050e-01
6.45400e+03 4.24132e-01
6.45500e+03 4.24217e-01
6.45600e+03 4.24299e-01
6.45700e+03 4.24383e-01
6.45800e+03 4.24466e-01
6.45900e+03 4.24550e-01
6.46000e+03 4.24632e-01
6.46100e+03 4.25625e-01
6.46200e+03 4.26618e-01
6.46300e+03 4.27611e-01
6.46400e+03 4.28603e-01
6.46500e+03 4.29595e-01
6.46600e+03 4.30587e-01
6.46700e+03 4.31580e-01
6.46800e+03 4.32571e-01
6.46900e+03 4.33563e-01
6.47000e+03 4.34555e-01
6.47100e+03 4.35222e-01
6.47200e+03 4.35891e-01
6.47300e+03 4.36557e-01
6.47400e+03 4.37225e-01
6.47500e+03 4.37894e-01
6.47600e+03 4.38562e-01
6.47700e+03 4.39229e-01
6.47800e+03 4.39898e-01
6.47900e+03 4.40566e-01
6.48000e+03 4.41235e-01
6.48100e+03 4.40553e-01
6.48200e+03 4.39872e-01
6.48300e+03 4.39190e-01
6.48400e+03 4.38507e-01
6.48500e+03 4.37826e-01
6.48600e+03 4.37144e-01
6.48700e+03 4.36463e-01
6.48800e+03 4.35781e-01
6.48900e+03 4.35100e-01
6.49000e+03 4.34418e-01
6.49100e+03 4.33185e-01
6.49200e+03 4.31952e-01
6.49300e+03 4.30717e-01
6.49400e+03 4.29484e-01
6.49500e+03 4.28250e-01
6.49600e+03 4.27016e-01
6.49700e+03 4.25782e-01
6.49800e+03 4.24547e-01
6.49900e+03 4.23314e-01
6.50000e+03 4.22079e-01
6.50100e+03 4.20385e-01
6.50200e+03 4.18690e-01
6.50300e+03 4.16994e-01
6.50400e+03 4.15299e-01
6.50500e+03 4.13603e-01
6.50600e+03 4.11906e-01
6.50700e+03 4.10210e-01
6.50800e+03 4.08513e-01
6.50900e+03 4.06816e-01
6.51000e+03 4.05118e-01
6.51100e+03 4.04550e-01
6.51200e+03 4.03982e-01
6.51300e+03 4.03414e-01
6.51400e+03 4.02846e-01
6.51500e+03 4.02278e-01
6.51600e+03 4.01709e-01
6.51700e+03 4.01141e-01
6.51800e+03 4.00572e-01
6.51900e+03 4.00005e-01
6.52000e+03 3.99436e-01
6.52100e+03 3.99613e-01
6.52200e+03 3.99789e-01
6.52300e+03 3.99966e-01
6.52400e+03 4.00142e-01
6.52500e+03 4.00319e-01
6.52600e+03 4.00496e-01
6.52700e+03 4.00672e-01
6.52800e+03 4.00848e-01
6.52900e+03 4.01025e-01
6.53000e+03 4.01201e-01
6.53100e+03 4.01639e-01
6.53200e+03 4.02077e-01
6.53300e+03 4.02515e-01
6.53400e+03 4.02953e-01
6.53500e+03 4.03391e-01
6.53600e+03 4.03828e-01
6.53700e+03 4.04267e-01
6.53800e+03 4.04705e-01
6.53900e+03 4.05143e-01
6.54000e+03 4.05581e-01
6.54100e+03 4.07487e-01
6.54200e+03 4.09394e-01
6.54300e+03 4.11301e-01
6.54400e+03 4.13208e-01
6.54500e+03 4.15118e-01
6.54600e+03 4.17026e-01
6.54700e+03 4.18936e-01
6.54800e+03 4.20847e-01
6.54900e+03 4.22759e-01
6.55000e+03 4.24670e-01
6.55100e+03 4.25242e-01
6.55200e+03 4.25811e-01
6.55300e+03 4.26382e-01
6.55400e+03 4.26953e-01
6.55500e+03 4.27524e-01
6.55600e+03 4.28094e-01
6.55700e+03 4.28665e-01
6.55800e+03 4.29235e-01
6.55900e+03 4.29806e-01
6.56000e+03 4.30376e-01
6.56100e+03 4.30469e-01
6.56200e+03 4.30560e-01
6.56300e+03 4.30653e-01
6.56400e+03 4.30745e-01
6.56500e+03 4.30838e-01
6.56600e+03 4.30930e-01
6.56700e+03 4.31022e-01
6.56800e+03 4.31114e-01
6.56900e+03 4.31206e-01
6.57000e+03 4.31299e-01
6.57100e+03 4.30905e-01
6.57200e+03 4.30510e-01
6.57300e+03 4.30117e-01
6.57400e+03 4.29723e-01
6.57500e+03 4.29330e-01
6.57600e+03 4.28936e-01
6.57700e+03 4.28542e-01
6.57800e+03 4.28148e-01
6.57900e+03 4.27755e-01
6.58000e+03 4.27361e-01
6.58100e+03 4.28011e-01
6.58200e+03 4.28660e-01
6.58300e+03 4.29310e-01
6.58400e+03 4.29961e-01
6.58500e+03 4.30611e-01
6.58600e+03 4.31260e-01
6.58700e+03 4.31910e-01
6.58800e+03 4.32560e-01
6.58900e+03 4.33211e-01
6.59000e+03 4.33861e-01
6.59100e+03 4.33535e-01
6.59200e+03 4.33207e-01
6.59300e+03 4.32881e-01
6.59400e+03 4.32554e-01
6.59500e+03 4.32228e-01
6.59600e+03 4.31902e-01
6.59700e+03 4.31573e-01
6.59800e+03 4.31247e-01
6.59900e+03 4.30920e-01
6.60000e+03 4.30593e-01
6.60100e+03 4.31642e-01
6.60200e+03 4.32691e-01
6.60300e+03 4.33740e-01
6.60400e+03 4.34789e-01
6.60500e+03 4.35839e-01
6.60600e+03 4.36888e-01
6.60700e+03 4.37939e-01
6.60800e+03 4.38988e-01
6.60900e+03 4.40038e-01
6.61000e+03 4.41089e-01
6.61100e+03 4.41086e-01
6.61200e+03 4.41084e-01
6.61300e+03 4.41082e-01
6.61400e+03 4.41079e-01
6.61500e+03 4.41077e-01
6.61600e+03 4.41076e-01
6.61700e+03 4.41074e-01
6.61800e+03 4.41071e-01
6.61900e+03 4.41069e-01
6.62000e+03 4.41067e-01
6.62100e+03 4.40879e-01
6.62200e+03 4.40692e-01
6.62300e+03 4.40504e-01
6.62400e+03 4.40317e-01
6.62500e+03 4.40130e-01
6.62600e+03 4.39942e-01
6.62700e+03 4.39755e-01
6.62800e+03 4.39567e-01
6.62900e+03 4.39380e-01
6.63000e+03 4.39193e-01
6.63100e+03 4.39355e-01
6.63200e+03 4.39518e-01
6.63300e+03 4.39679e-01
6.63400e+03 4.39842e-01
6.63500e+03 4.40004e-01
6.63600e+03 4.40166e-01
6.63700e+03 4.40328e-01
6.63800e+03 4.40491e-01
6.63900e+03 4.40654e-01
6.64000e+03 4.40816e-01
6.64100e+03 4.39713e-01
6.64200e+03 4.38608e-01
6.64300e+03 4.37504e-01
6.64400e+03 4.36400e-01
6.64500e+03 4.35297e-01
6.64600e+03 4.34192e-01
6.64700e+03 4.33088e-01
6.64800e+03 4.31984e-01
6.64900e+03 4.30880e-01
6.65000e+03 4.29776e-01
6.65100e+03 4.29861e-01
6.65200e+03 4.29946e-01
6.65300e+03 4.30031e-01
6.65400e+03 4.30117e-01
6.65500e+03 4.30202e-01
6.65600e+03 4.30286e-01
6.65700e+03 4.30371e-01
6.65800e+03 4.30457e-01
6.65900e+03 4.30541e-01
6.66000e+03 4.30626e-01
6.66100e+03 4.30866e-01
6.66200e+03 4.31105e-01
6.66300e+03 4.31345e-01
6.66400e+03 4.31584e-01
6.66500e+03 4.31823e-01
6.66600e+03 4.32063e-01
6.66700e+03 4.32302e-01
6.66800e+03 4.32542e-01
6.66900e+03 4.32781e-01
6.67000e+03 4.33021e-01
6.67100e+03 4.33626e-01
6.67200e+03 4.34232e-01
6.67300e+03 4.34838e-01
6.67400e+03 4.35443e-01
6.67500e+03 4.36048e-01
6.67600e+03 4.36654e-01
6.67700e+03 4.37259e-01
6.67800e+03 4.37864e-01
6.67900e+03 4.38469e-01
6.68000e+03 4.39074e-01
6.68100e+03 4.39308e-01
6.68200e+03 4.39541e-01
6.68300e+03 4.39774e-01
6.68400e+03 4.40008e-01
6.68500e+03 4.40242e-01
6.68600e+03 4.40475e-01
6.68700e+03 4.40709e-01
6.68800e+03 4.40942e-01
6.68900e+03 4.41176e-01
6.69000e+03 4.41410e-01
6.69100e+03 4.40645e-01
6.69200e+03 4.39880e-01
6.69300e+03 4.39114e-01
6.69400e+03 4.38349e-01
6.69500e+03 4.37583e-01
6.69600e+03 4.36818e-01
6.69700e+03 4.36054e-01
6.69800e+03 4.35289e-01
6.69900e+03 4.34523e-01
6.70000e+03 4.33757e-01
6.70100e+03 4.33500e-01
6.70200e+03 4.33243e-01
6.70300e+03 4.32985e-01
6.70400e+03 4.32728e-01
6.70500e+03 4.32471e-01
6.70600e+03 4.32214e-01
6.70700e+03 4.31957e-01
6.70800e+03 4.31701e-01
6.70900e+03 4.31443e-01
6.71000e+03 4.31187e-01
6.71100e+03 4.30266e-01
6.71200e+03 4.29345e-01
6.71300e+03 4.28426e-01
6.71400e+03 4.27504e-01
6.71500e+03 4.26584e-01
6.71600e+03 4.25663e-01
6.71700e+03 4.24741e-01
6.71800e+03 4.23819e-01
6.71900e+03 4.22897e-01
6.72000e+03 4.21976e-01
6.72100e+03 4.22280e-01
6.72200e+03 4.22583e-01
6.72300e+03 4.22886e-01
6.72400e+03 4.23189e-01
6.72500e+03 4.23492e-01
6.72600e+03 4.23795e-01
6.72700e+03 4.24099e-01
6.72800e+03 4.24402e-01
6.72900e+03 4.24706e-01
6.73000e+03 4.25009e-01
6.73100e+03 4.25181e-01
6.73200e+03 4.25353e-01
6.73300e+03 4.25525e-01
6.73400e+03 4.25697e-01
6.73500e+03 4.25869e-01
6.73600e+03 4.26040e-01
6.73700e+03 4.26212e-01
6.73800e+03 4.26384e-01
6.73900e+03 4.26556e-01
6.74000e+03 4.26728e-01
6.74100e+03 4.27213e-01
6.74200e+03 4.27697e-01
6.74300e+03 4.28181e-01
6.74400e+03 4.28667e-01
6.74500e+03 4.29151e-01
6.74600e+03 4.29636e-01
6.74700e+03 4.30120e-01
6.74800e+03 4.30606e-01
6.74900e+03 4.31090e-01
6.75000e+03 4.31574e-01
6.75100e+03 4.32247e-01
6.75200e+03 4.32919e-01
6.75300e+03 4.33590e-01
6.75400e+03 4.34263e-01
6.75500e+03 4.34934e-01
6.75600e+03 4.35607e-01
6.75700e+03 4.36279e-01
6.75800e+03 4.36952e-01
6.75900e+03 4.37625e-01
6.76000e+03 4.38297e-01
6.76100e+03 4.38004e-01
6.76200e+03 4.37708e-01
6.76300e+03 4.37414e-01
6.76400e+03 4.37120e-01
6.76500e+03 4.36825e-01
6.76600e+03 4.36531e-01
6.76700e+03 4.36237e-01
6.76800e+03 4.35942e-01
6.76900e+03 4.35647e-01
6.77000e+03 4.35354e-01
6.77100e+03 4.34933e-01
6.77200e+03 4.34514e-01
6.77300e+03 4.34094e-01
6.77400e+03 4.33673e-01
6.77500e+03 4.33253e-01
6.77600e+03 4.32832e-01
6.77700e+03 4.32413e-01
6.77800e+03 4.31992e-01
6.77900e+03 4.31571e-01
6.78000e+03 4.31151e-01
6.78100e+03 4.31016e-01
6.78200e+03 4.30882e-01
6.78300e+03 4.30747e-01
6.78400e+03 4.30612e-01
6.78500e+03 4.30477e-01
6.78600e+03 4.30342e-01
6.78700e+03 4.30208e-01
6.78800e+03 4.30072e-01
6.78900e+03 4.29938e-01
6.79000e+03 4.29802e-01
6.79100e+03 4.29548e-01
6.79200e+03 4.29293e-01
6.79300e+03 4.29038e-01
6.79400e+03 4.28783e-01
6.79500e+03 4.28528e-01
6.79600e+03 4.28273e-01
6.79700e+03 4.28018e-01
6.79800e+03 4.27763e-01
6.79900e+03 4.27509e-01
6.80000e+03 4.27253e-01
6.80100e+03 4.27869e-01
6.80200e+03 4.28485e-01
6.80300e+03 4.29101e-01
6.80400e+03 4.29717e-01
6.80500e+03 4.30333e-01
6.80600e+03 4.30948e-01
6.80700e+03 4.31564e-01
6.80800e+03 4.32180e-01
6.80900e+03 4.32795e-01
6.81000e+03 4.33411e-01
6.81100e+03 4.32605e-01
6.81200e+03 4.31799e-01
6.81300e+03 4.30994e-01
6.81400e+03 4.30189e-01
6.81500e+03 4.29384e-01
6.81600e+03 4.28578e-01
6.81700e+03 4.27774e-01
6.81800e+03 4.26968e-01
6.81900e+03 4.26163e-01
6.82000e+03 4.25359e-01
6.82100e+03 4.25172e-01
6.82200e+03 4.24986e-01
6.82300e+03 4.24799e-01
6.82400e+03 4.24613e-01
6.82500e+03 4.24426e-01
6.82600e+03 4.24240e-01
6.82700e+03 4.24052e-01
6.82800e+03 4.23866e-01
6.82900e+03 4.23679e-01
6.83000e+03 4.23493e-01
6.83100e+03 4.23005e-01
6.83200e+03 4.22517e-01
6.83300e+03 4.22030e-01
6.83400e+03 4.21543e-01
6.83500e+03 4.21056e-01
6.83600e+03 4.20569e-01
6.83700e+03 4.20082e-01
6.83800e+03 4.19594e-01
6.83900e+03 4.19106e-01
6.84000e+03 4.18620e-01
6.84100e+03 4.18095e-01
6.84200e+03 4.17570e-01
6.84300e+03 4.17044e-01
6.84400e+03 4.16520e-01
6.84500e+03 4.15995e-01
6.84600e+03 4.15471e-01
6.84700e+03 4.14946e-01
6.84800e+03 4.14422e-01
6.84900e+03 4.13898e-01
6.85000e+03 4.13373e-01
6.85100e+03 4.13656e-01
6.85200e+03 4.13940e-01
6.85300e+03 4.14223e-01
6.85400e+03 4.14507e-01
6.85500e+03 4.14789e-01
6.85600e+03 4.15072e-01
6.85700e+03 4.15356e-01
6.85800e+03 4.15639e-01
6.85900e+03 4.15922e-01
6.86000e+03 4.16206e-01
6.86100e+03 4.16079e-01
6.86200e+03 4.15953e-01
6.86300e+03 4.15826e-01
6.86400e+03 4.15700e-01
6.86500e+03 4.15573e-01
6.86600e+03 4.15446e-01
6.86700e+03 4.15320e-01
6.86800e+03 4.15193e-01
6.86900e+03 4.15067e-01
6.87000e+03 4.14940e-01
6.87100e+03 4.15121e-01
6.87200e+03 4.15302e-01
6.87300e+03 4.15483e-01
6.87400e+03 4.15665e-01
6.87500e+03 4.15846e-01
6.87600e+03 4.16028e-01
6.87700e+03 4.16209e-01
6.87800e+03 4.16390e-01
6.87900e+03 4.16571e-01
6.88000e+03 4.16752e-01
6.88100e+03 4.16509e-01
6.88200e+03 4.16265e-01
6.88300e+03 4.16021e-01
6.88400e+03 4.15777e-01
6.88500e+03 4.15533e-01
6.88600e+03 4.15289e-01
6.88700e+03 4.15045e-01
6.88800e+03 4.14801e-01
6.88900e+03 4.14557e-01
6.89000e+03 4.14313e-01
6.89100e+03 4.13755e-01
6.89200e+03 4.13197e-01
6.89300e+03 4.12639e-01
6.89400e+03 4.12080e-01
6.89500e+03 4.11522e-01
6.89600e+03 4.10964e-01
6.89700e+03 4.10407e-01
6.89800e+03 4.09848e-01
6.89900e+03 4.09290e-01
6.90000e+03 4.08733e-01
6.90100e+03 4.08379e-01
6.90200e+03 4.08025e-01
6.90300e+03 4.07671e-01
6.90400e+03 4.07316e-01
6.90500e+03 4.06963e-01
6.90600e+03 4.06608e-01
6.90700e+03 4.06254e-01
6.90800e+03 4.05900e-01
6.90900e+03 4.05547e-01
6.91000e+03 4.05193e-01
6.91100e+03 4.05238e-01
6.91200e+03 4.05282e-01
6.91300e+03 4.05327e-01
6.91400e+03 4.05372e-01
6.91500e+03 4.05416e-01
6.91600e+03 4.05461e-01
6.91700e+03 4.05505e-01
6.91800e+03 4.05549e-01
6.91900e+03 4.05593e-01
6.92000e+03 4.05637e-01
6.92100e+03 4.06148e-01
6.92200e+03 4.06660e-01
6.92300e+03 4.07171e-01
6.92400e+03 4.07682e-01
6.92500e+03 4.08192e-01
6.92600e+03 4.08703e-01
6.92700e+03 4.09214e-01
6.92800e+03 4.09723e-01
6.92900e+03 4.10234e-01
6.93000e+03 4.10744e-01
6.93100e+03 4.10753e-01
6.93200e+03 4.10764e-01
6.93300e+03 4.10773e-01
6.93400e+03 4.10783e-01
6.93500e+03 4.10792e-01
6.93600e+03 4.10802e-01
6.93700e+03 4.10811e-01
6.93800e+03 4.10819e-01
6.93900e+03 4.10829e-01
6.94000e+03 4.10838e-01
6.94100e+03 4.10412e-01
6.94200e+03 4.09986e-01
6.94300e+03 4.09560e-01
6.94400e+03 4.09134e-01
6.94500e+03 4.08708e-01
6.94600e+03 4.08281e-01
6.94700e+03 4.07855e-01
6.94800e+03 4.07427e-01
6.94900e+03 4.07001e-01
6.95000e+03 4.06573e-01
6.95100e+03 4.05692e-01
6.95200e+03 4.04810e-01
6.95300e+03 4.03929e-01
6.95400e+03 4.03047e-01
6.95500e+03 4.02166e-01
6.95600e+03 4.01284e-01
6.95700e+03 4.00403e-01
6.95800e+03 3.99523e-01
6.95900e+03 3.98642e-01
6.96000e+03 3.97761e-01
6.96100e+03 3.96552e-01
6.96200e+03 3.95343e-01
6.96300e+03 3.94135e-01
6.96400e+03 3.92927e-01
6.96500e+03 3.91718e-01
6.96600e+03 3.90510e-01
6.96700e+03 3.89303e-01
6.96800e+03 3.88095e-01
6.96900e+03 3.86888e-01
6.97000e+03 3.85681e-01
6.97100e+03 3.84457e-01
6.97200e+03 3.83233e-01
6.97300e+03 3.82010e-01
6.97400e+03 3.80786e-01
6.97500e+03 3.79562e-01
6.97600e+03 3.78340e-01
6.97700e+03 3.77115e-01
6.97800e+03 3.75892e-01
6.97900e+03 3.74668e-01
6.98000e+03 3.73444e-01
6.98100e+03 3.71681e-01
6.98200e+03 3.69917e-01
6.98300e+03 3.68153e-01
6.98400e+03 3.66389e-01
6.98500e+03 3.64624e-01
6.98600e+03 3.62858e-01
6.98700e+03 3.61093e-01
6.98800e+03 3.59327e-01
6.98900e+03 3.57561e-01
6.99000e+03 3.55795e-01
6.99100e+03 3.53035e-01
6.99200e+03 3.50274e-01
6.99300e+03 3.47513e-01
6.99400e+03 3.44753e-01
6.99500e+03 3.41993e-01
6.99600e+03 3.39233e-01
6.99700e+03 3.36472e-01
6.99800e+03 3.33712e-01
6.99900e+03 3.30952e-01
7.00000e+03 3.28192e-01
7.00100e+03 3.22645e-01
7.00200e+03 3.17099e-01
7.00300e+03 3.11554e-01
7.00400e+03 3.06012e-01
7.00500e+03 3.00470e-01
7.00600e+03 2.94930e-01
7.00700e+03 2.89391e-01
7.00800e+03 2.83854e-01
7.00900e+03 2.78319e-01
7.01000e+03 2.72784e-01
7.01100e+03 2.65482e-01
7.01200e+03 2.58181e-01
7.01300e+03 2.50881e-01
7.01400e+03 2.43582e-01
7.01500e+03 2.36285e-01
7.01600e+03 2.28989e-01
7.01700e+03 2.21694e-01
7.01800e+03 2.14400e-01
7.01900e+03 2.07108e-01
7.02000e+03 1.99818e-01
7.02100e+03 1.93934e-01
7.02200e+03 1.88050e-01
7.02300e+03 1.82167e-01
7.02400e+03 1.76285e-01
7.02500e+03 1.70403e-01
7.02600e+03 1.64522e-01
7.02700e+03 1.58641e-01
7.02800e+03 1.52761e-01
7.02900e+03 1.46882e-01
7.03000e+03 1.41003e-01
7.03100e+03 1.36905e-01
7.03200e+03 1.32807e-01
7.03300e+03 1.28710e-01
7.03400e+03 1.24613e-01
7.03500e+03 1.20516e-01
7.03600e+03 1.16421e-01
7.03700e+03 1.12325e-01
7.03800e+03 1.08230e-01
7.03900e+03 1.04135e-01
7.04000e+03 1.00041e-01
7.04100e+03 9.73835e-02
7.04200e+03 9.47268e-02
7.04300e+03 9.20708e-02
7.04400e+03 8.94153e-02
7.04500e+03 8.67604e-02
7.04600e+03 8.41062e-02
7.04700e+03 8.14527e-02
7.04800e+03 7.87997e-02
7.04900e+03 7.61476e-02
7.05000e+03 7.34958e-02
7.05100e+03 7.10872e-02
7.05200e+03 6.86790e-02
7.05300e+03 6.62712e-02
7.05400e+03 6.38638e-02
7.05500e+03 6.14571e-02
7.05600e+03 5.90506e-02
7.05700e+03 5.66447e-02
7.05800e+03 5.42392e-02
7.05900e+03 5.18341e-02
7.06000e+03 4.94296e-02
7.06100e+03 4.72760e-02
7.06200e+03 4.51230e-02
7.06300e+03 4.29710e-02
7.06400e+03 4.08196e-02
7.06500e+03 3.86691e-02
7.06600e+03 3.65192e-02
7.06700e+03 3.43702e-02
7.06800e+03 3.22219e-02
7.06900e+03 3.00744e-02
7.07000e+03 2.79277e-02
7.07100e+03 2.65895e-02
7.07200e+03 2.52515e-02
7.07300e+03 2.39137e-02
7.07400e+03 2.25760e-02
7.07500e+03 2.12385e-02
7.07600e+03 1.99011e-02
7.07700e+03 1.85639e-02
7.07800e+03 1.72269e-02
7.07900e+03 1.58900e-02
7.08000e+03 1.45534e-02
7.08100e+03 1.38439e-02
7.08200e+03 1.31346e-02
7.08300e+03 1.24254e-02
7.08400e+03 1.17162e-02
7.08500e+03 1.10071e-02
7.08600e+03 1.02981e-02
7.08700e+03 9.58925e-03
7.08800e+03 8.88045e-03
7.08900e+03 8.17177e-03
7.09000e+03 7.46316e-03
7.09100e+03 7.12071e-03
7.09200e+03 6.77838e-03
7.09300e+03 6.43619e-03
7.09400e+03 6.09412e-03
7.09500e+03 5.75219e-03
7.09600e+03 5.41038e-03
7.09700e+03 5.06870e-03
7.09800e+03 4.72714e-03
7.09900e+03 4.38572e-03
7.10000e+03 4.04443e-03
7.10100e+03 3.88627e-03
7.10200e+03 3.72816e-03
7.10300e+03 3.57011e-03
7.10400e+03 3.41209e-03
7.10500e+03 3.25412e-03
7.10600e+03 3.09620e-03
7.10700e+03 2.93832e-03
7.10800e+03 2.78049e-03
7.10900e+03 2.62271e-03
7.11000e+03 2.46497e-03
7.11100e+03 2.38469e-03
7.11200e+03 2.30442e-03
7.11300e+03 2.22415e-03
7.11400e+03 2.14390e-03
7.11500e+03 2.06367e-03
7.11600e+03 1.98344e-03
7.11700e+03 1.90323e-03
7.11800e+03 1.82303e-03
7.11900e+03 1.74284e-03
7.12000e+03 1.66267e-03
7.12100e+03 1.62426e-03
7.12200e+03 1.58584e-03
7.12300e+03 1.54744e-03
7.12400e+03 1.50903e-03
7.12500e+03 1.47063e-03
7.12600e+03 1.43223e-03
7.12700e+03 1.39384e-03
7.12800e+03 1.35544e-03
7.12900e+03 1.31705e-03
7.13000e+03 1.27866e-03
7.13100e+03 1.24018e-03
7.13200e+03 1.20171e-03
7.13300e+03 1.16325e-03
7.13400e+03 1.12479e-03
7.13500e+03 1.08635e-03
7.13600e+03 1.04791e-03
7.13700e+03 1.00948e-03
7.13800e+03 9.71061e-04
7.13900e+03 9.32650e-04
7.14000e+03 8.94247e-04
7.14100e+03 8.78687e-04
7.14200e+03 8.63132e-04
7.14300e+03 8.47579e-04
7.14400e+03 8.32034e-04
7.14500e+03 8.16488e-04
7.14600e+03 8.00947e-04
7.14700e+03 7.85410e-04
7.14800e+03 7.69878e-04
7.14900e+03 7.54350e-04
7.15000e+03 7.38824e-04
7.15100e+03 7.23270e-04
7.15200e+03 7.07719e-04
7.15300e+03 6.92174e-04
7.15400e+03 6.76635e-04
7.15500e+03 6.61101e-04
7.15600e+03 6.45572e-04
7.15700e+03 6.30051e-04
7.15800e+03 6.14532e-04
7.15900e+03 5.99019e-04
7.16000e+03 5.83513e-04
7.16100e+03 5.68095e-04
7.16200e+03 5.52678e-04
7.16300e+03 5.37262e-04
7.16400e+03 5.21847e-04
7.16500e+03 5.06433e-04
7.16600e+03 4.91021e-04
7.16700e+03 4.75608e-04
7.16800e+03 4.60196e-04
7.16900e+03 4.44786e-04
7.17000e+03 4.29376e-04
7.17100e+03 4.13936e-04
7.17200e+03 3.98496e-04
7.17300e+03 3.83062e-04
7.17400e+03 3.67631e-04
7.17500e+03 3.52203e-04
7.17600e+03 3.36778e-04
7.17700e+03 3.21358e-04
7.17800e+03 3.05940e-04
7.17900e+03 2.90526e-04
7.18000e+03 2.75115e-04
7.18100e+03 2.70424e-04
7.18200e+03 2.65734e-04
7.18300e+03 2.61045e-04
7.18400e+03 2.56357e-04
7.18500e+03 2.51670e-04
7.18600e+03 2.46984e-04
7.18700e+03 2.42298e-04
7.18800e+03 2.37614e-04
7.18900e+03 2.32930e-04
7.19000e+03 2.28248e-04
7.19100e+03 2.23561e-04
7.19200e+03 2.18876e-04
7.19300e+03 2.14191e-04
7.19400e+03 2.09509e-04
7.19500e+03 2.04826e-04
7.19600e+03 2.00146e-04
7.19700e+03 1.95466e-04
7.19800e+03 1.90787e-04
7.19900e+03 1.86110e-04
7.20000e+03 1.81433e-04
7.20100e+03 1.76754e-04
7.20200e+03 1.72076e-04
7.20300e+03 1.67399e-04
7.20400e+03 1.62723e-04
7.20500e+03 1.58049e-04
7.20600e+03 1.53376e-04
7.20700e+03 1.48704e-04
7.20800e+03 1.44034e-04
7.20900e+03 1.39365e-04
7.21000e+03 1.34697e-04
7.21100e+03 1.30022e-04
7.21200e+03 1.25349e-04
7.21300e+03 1.20678e-04
7.21400e+03 1.16009e-04
7.21500e+03 1.11342e-04
7.21600e+03 1.06677e-04
7.21700e+03 1.02013e-04
7.21800e+03 9.73521e-05
7.21900e+03 9.26930e-05
