# Filter name : HST/ACS_WFC.F606W
# Description : F606W filter for HST ACS_WFC
# Photometric system : ACS-WFC
# FilterType : photon
# Band name : ------
# Observatory : HST
# Instrument : ACS
# Comments : Response calculated using the stsynphot python package by STScI. In particular, function stsynphot.band("acs,wfc1,f606w"). Please, take a look to stsynphot documentation and HST instrument documentation
# 
4.56900e+03 9.66764e-05
4.57000e+03 1.06710e-04
4.57100e+03 1.16730e-04
4.57200e+03 1.26749e-04
4.57300e+03 1.36765e-04
4.57400e+03 1.46779e-04
4.57500e+03 1.56790e-04
4.57600e+03 1.66799e-04
4.57700e+03 1.76806e-04
4.57800e+03 1.86811e-04
4.57900e+03 1.96814e-04
4.58000e+03 2.06814e-04
4.58100e+03 2.16808e-04
4.58200e+03 2.26799e-04
4.58300e+03 2.36788e-04
4.58400e+03 2.46774e-04
4.58500e+03 2.56758e-04
4.58600e+03 2.66739e-04
4.58700e+03 2.76717e-04
4.58800e+03 2.86692e-04
4.58900e+03 2.96666e-04
4.59000e+03 3.06636e-04
4.59100e+03 3.16644e-04
4.59200e+03 3.26652e-04
4.59300e+03 3.36660e-04
4.59400e+03 3.46667e-04
4.59500e+03 3.56676e-04
4.59600e+03 3.66684e-04
4.59700e+03 3.76691e-04
4.59800e+03 3.86698e-04
4.59900e+03 3.96705e-04
4.60000e+03 4.06713e-04
4.60100e+03 5.09739e-04
4.60200e+03 6.12750e-04
4.60300e+03 7.15748e-04
4.60400e+03 8.18730e-04
4.60500e+03 9.21699e-04
4.60600e+03 1.02465e-03
4.60700e+03 1.12759e-03
4.60800e+03 1.23052e-03
4.60900e+03 1.33343e-03
4.61000e+03 1.43633e-03
4.61100e+03 1.53911e-03
4.61200e+03 1.64186e-03
4.61300e+03 1.74458e-03
4.61400e+03 1.84728e-03
4.61500e+03 1.94995e-03
4.61600e+03 2.05259e-03
4.61700e+03 2.15519e-03
4.61800e+03 2.25778e-03
4.61900e+03 2.36033e-03
4.62000e+03 2.46286e-03
4.62100e+03 2.82659e-03
4.62200e+03 3.19031e-03
4.62300e+03 3.55405e-03
4.62400e+03 3.91780e-03
4.62500e+03 4.28153e-03
4.62600e+03 4.64528e-03
4.62700e+03 5.00901e-03
4.62800e+03 5.37275e-03
4.62900e+03 5.73651e-03
4.63000e+03 6.10026e-03
4.63100e+03 6.25404e-03
4.63200e+03 6.40779e-03
4.63300e+03 6.56149e-03
4.63400e+03 6.71518e-03
4.63500e+03 6.86883e-03
4.63600e+03 7.02242e-03
4.63700e+03 7.17599e-03
4.63800e+03 7.32953e-03
4.63900e+03 7.48302e-03
4.64000e+03 7.63650e-03
4.64100e+03 8.45942e-03
4.64200e+03 9.28222e-03
4.64300e+03 1.01049e-02
4.64400e+03 1.09275e-02
4.64500e+03 1.17500e-02
4.64600e+03 1.25724e-02
4.64700e+03 1.33946e-02
4.64800e+03 1.42168e-02
4.64900e+03 1.50388e-02
4.65000e+03 1.58607e-02
4.65100e+03 1.83262e-02
4.65200e+03 2.07915e-02
4.65300e+03 2.32565e-02
4.65400e+03 2.57212e-02
4.65500e+03 2.81858e-02
4.65600e+03 3.06500e-02
4.65700e+03 3.31140e-02
4.65800e+03 3.55777e-02
4.65900e+03 3.80413e-02
4.66000e+03 4.05045e-02
4.66100e+03 4.10383e-02
4.66200e+03 4.15719e-02
4.66300e+03 4.21056e-02
4.66400e+03 4.26392e-02
4.66500e+03 4.31728e-02
4.66600e+03 4.37064e-02
4.66700e+03 4.42399e-02
4.66800e+03 4.47734e-02
4.66900e+03 4.53068e-02
4.67000e+03 4.58403e-02
4.67100e+03 4.61813e-02
4.67200e+03 4.65222e-02
4.67300e+03 4.68631e-02
4.67400e+03 4.72039e-02
4.67500e+03 4.75447e-02
4.67600e+03 4.78855e-02
4.67700e+03 4.82262e-02
4.67800e+03 4.85669e-02
4.67900e+03 4.89075e-02
4.68000e+03 4.92481e-02
4.68100e+03 5.38408e-02
4.68200e+03 5.84334e-02
4.68300e+03 6.30255e-02
4.68400e+03 6.76170e-02
4.68500e+03 7.22083e-02
4.68600e+03 7.67991e-02
4.68700e+03 8.13895e-02
4.68800e+03 8.59795e-02
4.68900e+03 9.05690e-02
4.69000e+03 9.51582e-02
4.69100e+03 9.78925e-02
4.69200e+03 1.00626e-01
4.69300e+03 1.03360e-01
4.69400e+03 1.06094e-01
4.69500e+03 1.08827e-01
4.69600e+03 1.11560e-01
4.69700e+03 1.14293e-01
4.69800e+03 1.17026e-01
4.69900e+03 1.19758e-01
4.70000e+03 1.22491e-01
4.70100e+03 1.20157e-01
4.70200e+03 1.17823e-01
4.70300e+03 1.15489e-01
4.70400e+03 1.13156e-01
4.70500e+03 1.10822e-01
4.70600e+03 1.08488e-01
4.70700e+03 1.06154e-01
4.70800e+03 1.03820e-01
4.70900e+03 1.01486e-01
4.71000e+03 9.91515e-02
4.71100e+03 1.01374e-01
4.71200e+03 1.03595e-01
4.71300e+03 1.05816e-01
4.71400e+03 1.08037e-01
4.71500e+03 1.10257e-01
4.71600e+03 1.12476e-01
4.71700e+03 1.14694e-01
4.71800e+03 1.16911e-01
4.71900e+03 1.19128e-01
4.72000e+03 1.21345e-01
4.72100e+03 1.28156e-01
4.72200e+03 1.34968e-01
4.72300e+03 1.41779e-01
4.72400e+03 1.48590e-01
4.72500e+03 1.55401e-01
4.72600e+03 1.62212e-01
4.72700e+03 1.69022e-01
4.72800e+03 1.75833e-01
4.72900e+03 1.82643e-01
4.73000e+03 1.89454e-01
4.73100e+03 1.89146e-01
4.73200e+03 1.88838e-01
4.73300e+03 1.88531e-01
4.73400e+03 1.88224e-01
4.73500e+03 1.87916e-01
4.73600e+03 1.87609e-01
4.73700e+03 1.87302e-01
4.73800e+03 1.86995e-01
4.73900e+03 1.86687e-01
4.74000e+03 1.86380e-01
4.74100e+03 1.83415e-01
4.74200e+03 1.80450e-01
4.74300e+03 1.77486e-01
4.74400e+03 1.74523e-01
4.74500e+03 1.71560e-01
4.74600e+03 1.68597e-01
4.74700e+03 1.65636e-01
4.74800e+03 1.62675e-01
4.74900e+03 1.59715e-01
4.75000e+03 1.56755e-01
4.75100e+03 1.60578e-01
4.75200e+03 1.64401e-01
4.75300e+03 1.68224e-01
4.75400e+03 1.72047e-01
4.75500e+03 1.75871e-01
4.75600e+03 1.79696e-01
4.75700e+03 1.83520e-01
4.75800e+03 1.87345e-01
4.75900e+03 1.91170e-01
4.76000e+03 1.94995e-01
4.76100e+03 2.02807e-01
4.76200e+03 2.10618e-01
4.76300e+03 2.18429e-01
4.76400e+03 2.26238e-01
4.76500e+03 2.34046e-01
4.76600e+03 2.41855e-01
4.76700e+03 2.49662e-01
4.76800e+03 2.57468e-01
4.76900e+03 2.65274e-01
4.77000e+03 2.73078e-01
4.77100e+03 2.71424e-01
4.77200e+03 2.69771e-01
4.77300e+03 2.68117e-01
4.77400e+03 2.66463e-01
4.77500e+03 2.64809e-01
4.77600e+03 2.63155e-01
4.77700e+03 2.61501e-01
4.77800e+03 2.59846e-01
4.77900e+03 2.58192e-01
4.78000e+03 2.56537e-01
4.78100e+03 2.52504e-01
4.78200e+03 2.48472e-01
4.78300e+03 2.44440e-01
4.78400e+03 2.40408e-01
4.78500e+03 2.36377e-01
4.78600e+03 2.32346e-01
4.78700e+03 2.28316e-01
4.78800e+03 2.24286e-01
4.78900e+03 2.20257e-01
4.79000e+03 2.16228e-01
4.79100e+03 2.19689e-01
4.79200e+03 2.23149e-01
4.79300e+03 2.26609e-01
4.79400e+03 2.30070e-01
4.79500e+03 2.33529e-01
4.79600e+03 2.36989e-01
4.79700e+03 2.40449e-01
4.79800e+03 2.43907e-01
4.79900e+03 2.47367e-01
4.80000e+03 2.50826e-01
4.80100e+03 2.57328e-01
4.80200e+03 2.63830e-01
4.80300e+03 2.70333e-01
4.80400e+03 2.76836e-01
4.80500e+03 2.83339e-01
4.80600e+03 2.89842e-01
4.80700e+03 2.96346e-01
4.80800e+03 3.02850e-01
4.80900e+03 3.09354e-01
4.81000e+03 3.15859e-01
4.81100e+03 3.15018e-01
4.81200e+03 3.14177e-01
4.81300e+03 3.13337e-01
4.81400e+03 3.12496e-01
4.81500e+03 3.11656e-01
4.81600e+03 3.10815e-01
4.81700e+03 3.09975e-01
4.81800e+03 3.09134e-01
4.81900e+03 3.08294e-01
4.82000e+03 3.07453e-01
4.82100e+03 3.07993e-01
4.82200e+03 3.08533e-01
4.82300e+03 3.09073e-01
4.82400e+03 3.09614e-01
4.82500e+03 3.10154e-01
4.82600e+03 3.10694e-01
4.82700e+03 3.11235e-01
4.82800e+03 3.11775e-01
4.82900e+03 3.12315e-01
4.83000e+03 3.12856e-01
4.83100e+03 3.14878e-01
4.83200e+03 3.16899e-01
4.83300e+03 3.18922e-01
4.83400e+03 3.20943e-01
4.83500e+03 3.22966e-01
4.83600e+03 3.24988e-01
4.83700e+03 3.27011e-01
4.83800e+03 3.29034e-01
4.83900e+03 3.31058e-01
4.84000e+03 3.33082e-01
4.84100e+03 3.34430e-01
4.84200e+03 3.35777e-01
4.84300e+03 3.37124e-01
4.84400e+03 3.38471e-01
4.84500e+03 3.39818e-01
4.84600e+03 3.41165e-01
4.84700e+03 3.42512e-01
4.84800e+03 3.43858e-01
4.84900e+03 3.45205e-01
4.85000e+03 3.46551e-01
4.85100e+03 3.46018e-01
4.85200e+03 3.45486e-01
4.85300e+03 3.44953e-01
4.85400e+03 3.44421e-01
4.85500e+03 3.43888e-01
4.85600e+03 3.43355e-01
4.85700e+03 3.42823e-01
4.85800e+03 3.42291e-01
4.85900e+03 3.41759e-01
4.86000e+03 3.41226e-01
4.86100e+03 3.41705e-01
4.86200e+03 3.42184e-01
4.86300e+03 3.42662e-01
4.86400e+03 3.43141e-01
4.86500e+03 3.43621e-01
4.86600e+03 3.44099e-01
4.86700e+03 3.44579e-01
4.86800e+03 3.45058e-01
4.86900e+03 3.45538e-01
4.87000e+03 3.46017e-01
4.87100e+03 3.46776e-01
4.87200e+03 3.47534e-01
4.87300e+03 3.48293e-01
4.87400e+03 3.49052e-01
4.87500e+03 3.49811e-01
4.87600e+03 3.50570e-01
4.87700e+03 3.51328e-01
4.87800e+03 3.52086e-01
4.87900e+03 3.52845e-01
4.88000e+03 3.53604e-01
4.88100e+03 3.50480e-01
4.88200e+03 3.47355e-01
4.88300e+03 3.44231e-01
4.88400e+03 3.41107e-01
4.88500e+03 3.37982e-01
4.88600e+03 3.34858e-01
4.88700e+03 3.31734e-01
4.88800e+03 3.28609e-01
4.88900e+03 3.25484e-01
4.89000e+03 3.22360e-01
4.89100e+03 3.20273e-01
4.89200e+03 3.18186e-01
4.89300e+03 3.16099e-01
4.89400e+03 3.14011e-01
4.89500e+03 3.11922e-01
4.89600e+03 3.09833e-01
4.89700e+03 3.07744e-01
4.89800e+03 3.05654e-01
4.89900e+03 3.03564e-01
4.90000e+03 3.01473e-01
4.90100e+03 3.01376e-01
4.90200e+03 3.01278e-01
4.90300e+03 3.01180e-01
4.90400e+03 3.01083e-01
4.90500e+03 3.00986e-01
4.90600e+03 3.00889e-01
4.90700e+03 3.00791e-01
4.90800e+03 3.00693e-01
4.90900e+03 3.00596e-01
4.91000e+03 3.00499e-01
4.91100e+03 3.01452e-01
4.91200e+03 3.02406e-01
4.91300e+03 3.03360e-01
4.91400e+03 3.04314e-01
4.91500e+03 3.05268e-01
4.91600e+03 3.06222e-01
4.91700e+03 3.07178e-01
4.91800e+03 3.08132e-01
4.91900e+03 3.09087e-01
4.92000e+03 3.10043e-01
4.92100e+03 3.12041e-01
4.92200e+03 3.14039e-01
4.92300e+03 3.16037e-01
4.92400e+03 3.18035e-01
4.92500e+03 3.20034e-01
4.92600e+03 3.22032e-01
4.92700e+03 3.24031e-01
4.92800e+03 3.26029e-01
4.92900e+03 3.28029e-01
4.93000e+03 3.30028e-01
4.93100e+03 3.32373e-01
4.93200e+03 3.34719e-01
4.93300e+03 3.37066e-01
4.93400e+03 3.39413e-01
4.93500e+03 3.41761e-01
4.93600e+03 3.44108e-01
4.93700e+03 3.46457e-01
4.93800e+03 3.48806e-01
4.93900e+03 3.51155e-01
4.94000e+03 3.53504e-01
4.94100e+03 3.54509e-01
4.94200e+03 3.55514e-01
4.94300e+03 3.56518e-01
4.94400e+03 3.57523e-01
4.94500e+03 3.58528e-01
4.94600e+03 3.59536e-01
4.94700e+03 3.60541e-01
4.94800e+03 3.61546e-01
4.94900e+03 3.62553e-01
4.95000e+03 3.63560e-01
4.95100e+03 3.61903e-01
4.95200e+03 3.60246e-01
4.95300e+03 3.58588e-01
4.95400e+03 3.56931e-01
4.95500e+03 3.55275e-01
4.95600e+03 3.53618e-01
4.95700e+03 3.51962e-01
4.95800e+03 3.50306e-01
4.95900e+03 3.48650e-01
4.96000e+03 3.46994e-01
4.96100e+03 3.44654e-01
4.96200e+03 3.42312e-01
4.96300e+03 3.39970e-01
4.96400e+03 3.37627e-01
4.96500e+03 3.35284e-01
4.96600e+03 3.32940e-01
4.96700e+03 3.30595e-01
4.96800e+03 3.28250e-01
4.96900e+03 3.25905e-01
4.97000e+03 3.23558e-01
4.97100e+03 3.24587e-01
4.97200e+03 3.25616e-01
4.97300e+03 3.26645e-01
4.97400e+03 3.27675e-01
4.97500e+03 3.28704e-01
4.97600e+03 3.29734e-01
4.97700e+03 3.30764e-01
4.97800e+03 3.31794e-01
4.97900e+03 3.32824e-01
4.98000e+03 3.33855e-01
4.98100e+03 3.36411e-01
4.98200e+03 3.38966e-01
4.98300e+03 3.41522e-01
4.98400e+03 3.44077e-01
4.98500e+03 3.46634e-01
4.98600e+03 3.49190e-01
4.98700e+03 3.51746e-01
4.98800e+03 3.54303e-01
4.98900e+03 3.56860e-01
4.99000e+03 3.59417e-01
4.99100e+03 3.60425e-01
4.99200e+03 3.61433e-01
4.99300e+03 3.62443e-01
4.99400e+03 3.63452e-01
4.99500e+03 3.64461e-01
4.99600e+03 3.65471e-01
4.99700e+03 3.66481e-01
4.99800e+03 3.67491e-01
4.99900e+03 3.68501e-01
5.00000e+03 3.69512e-01
5.00100e+03 3.70198e-01
5.00200e+03 3.70882e-01
5.00300e+03 3.71568e-01
5.00400e+03 3.72252e-01
5.00500e+03 3.72937e-01
5.00600e+03 3.73623e-01
5.00700e+03 3.74308e-01
5.00800e+03 3.74994e-01
5.00900e+03 3.75680e-01
5.01000e+03 3.76365e-01
5.01100e+03 3.75402e-01
5.01200e+03 3.74439e-01
5.01300e+03 3.73476e-01
5.01400e+03 3.72512e-01
5.01500e+03 3.71549e-01
5.01600e+03 3.70586e-01
5.01700e+03 3.69621e-01
5.01800e+03 3.68656e-01
5.01900e+03 3.67692e-01
5.02000e+03 3.66726e-01
5.02100e+03 3.64540e-01
5.02200e+03 3.62354e-01
5.02300e+03 3.60168e-01
5.02400e+03 3.57980e-01
5.02500e+03 3.55793e-01
5.02600e+03 3.53604e-01
5.02700e+03 3.51416e-01
5.02800e+03 3.49227e-01
5.02900e+03 3.47038e-01
5.03000e+03 3.44848e-01
5.03100e+03 3.42366e-01
5.03200e+03 3.39883e-01
5.03300e+03 3.37400e-01
5.03400e+03 3.34916e-01
5.03500e+03 3.32432e-01
5.03600e+03 3.29946e-01
5.03700e+03 3.27460e-01
5.03800e+03 3.24975e-01
5.03900e+03 3.22487e-01
5.04000e+03 3.19999e-01
5.04100e+03 3.19156e-01
5.04200e+03 3.18311e-01
5.04300e+03 3.17467e-01
5.04400e+03 3.16622e-01
5.04500e+03 3.15777e-01
5.04600e+03 3.14932e-01
5.04700e+03 3.14087e-01
5.04800e+03 3.13241e-01
5.04900e+03 3.12394e-01
5.05000e+03 3.11548e-01
5.05100e+03 3.11665e-01
5.05200e+03 3.11782e-01
5.05300e+03 3.11900e-01
5.05400e+03 3.12017e-01
5.05500e+03 3.12134e-01
5.05600e+03 3.12251e-01
5.05700e+03 3.12369e-01
5.05800e+03 3.12486e-01
5.05900e+03 3.12603e-01
5.06000e+03 3.12721e-01
5.06100e+03 3.16673e-01
5.06200e+03 3.20625e-01
5.06300e+03 3.24580e-01
5.06400e+03 3.28534e-01
5.06500e+03 3.32490e-01
5.06600e+03 3.36447e-01
5.06700e+03 3.40405e-01
5.06800e+03 3.44364e-01
5.06900e+03 3.48323e-01
5.07000e+03 3.52284e-01
5.07100e+03 3.52701e-01
5.07200e+03 3.53117e-01
5.07300e+03 3.53534e-01
5.07400e+03 3.53950e-01
5.07500e+03 3.54367e-01
5.07600e+03 3.54783e-01
5.07700e+03 3.55200e-01
5.07800e+03 3.55618e-01
5.07900e+03 3.56034e-01
5.08000e+03 3.56451e-01
5.08100e+03 3.58072e-01
5.08200e+03 3.59694e-01
5.08300e+03 3.61316e-01
5.08400e+03 3.62938e-01
5.08500e+03 3.64561e-01
5.08600e+03 3.66183e-01
5.08700e+03 3.67806e-01
5.08800e+03 3.69429e-01
5.08900e+03 3.71053e-01
5.09000e+03 3.72676e-01
5.09100e+03 3.69976e-01
5.09200e+03 3.67276e-01
5.09300e+03 3.64575e-01
5.09400e+03 3.61873e-01
5.09500e+03 3.59169e-01
5.09600e+03 3.56465e-01
5.09700e+03 3.53761e-01
5.09800e+03 3.51056e-01
5.09900e+03 3.48350e-01
5.10000e+03 3.45642e-01
5.10100e+03 3.45880e-01
5.10200e+03 3.46119e-01
5.10300e+03 3.46357e-01
5.10400e+03 3.46595e-01
5.10500e+03 3.46833e-01
5.10600e+03 3.47072e-01
5.10700e+03 3.47311e-01
5.10800e+03 3.47549e-01
5.10900e+03 3.47787e-01
5.11000e+03 3.48025e-01
5.11100e+03 3.47731e-01
5.11200e+03 3.47436e-01
5.11300e+03 3.47141e-01
5.11400e+03 3.46847e-01
5.11500e+03 3.46552e-01
5.11600e+03 3.46257e-01
5.11700e+03 3.45961e-01
5.11800e+03 3.45666e-01
5.11900e+03 3.45370e-01
5.12000e+03 3.45074e-01
5.12100e+03 3.45295e-01
5.12200e+03 3.45515e-01
5.12300e+03 3.45735e-01
5.12400e+03 3.45955e-01
5.12500e+03 3.46175e-01
5.12600e+03 3.46396e-01
5.12700e+03 3.46616e-01
5.12800e+03 3.46836e-01
5.12900e+03 3.47056e-01
5.13000e+03 3.47277e-01
5.13100e+03 3.48821e-01
5.13200e+03 3.50365e-01
5.13300e+03 3.51910e-01
5.13400e+03 3.53455e-01
5.13500e+03 3.55001e-01
5.13600e+03 3.56547e-01
5.13700e+03 3.58093e-01
5.13800e+03 3.59641e-01
5.13900e+03 3.61188e-01
5.14000e+03 3.62736e-01
5.14100e+03 3.63124e-01
5.14200e+03 3.63511e-01
5.14300e+03 3.63900e-01
5.14400e+03 3.64288e-01
5.14500e+03 3.64675e-01
5.14600e+03 3.65064e-01
5.14700e+03 3.65452e-01
5.14800e+03 3.65839e-01
5.14900e+03 3.66227e-01
5.15000e+03 3.66615e-01
5.15100e+03 3.68192e-01
5.15200e+03 3.69768e-01
5.15300e+03 3.71345e-01
5.15400e+03 3.72922e-01
5.15500e+03 3.74500e-01
5.15600e+03 3.76077e-01
5.15700e+03 3.77656e-01
5.15800e+03 3.79235e-01
5.15900e+03 3.80814e-01
5.16000e+03 3.82393e-01
5.16100e+03 3.80377e-01
5.16200e+03 3.78359e-01
5.16300e+03 3.76341e-01
5.16400e+03 3.74322e-01
5.16500e+03 3.72303e-01
5.16600e+03 3.70283e-01
5.16700e+03 3.68262e-01
5.16800e+03 3.66241e-01
5.16900e+03 3.64219e-01
5.17000e+03 3.62196e-01
5.17100e+03 3.62181e-01
5.17200e+03 3.62166e-01
5.17300e+03 3.62151e-01
5.17400e+03 3.62135e-01
5.17500e+03 3.62119e-01
5.17600e+03 3.62104e-01
5.17700e+03 3.62088e-01
5.17800e+03 3.62072e-01
5.17900e+03 3.62056e-01
5.18000e+03 3.62040e-01
5.18100e+03 3.61032e-01
5.18200e+03 3.60024e-01
5.18300e+03 3.59015e-01
5.18400e+03 3.58006e-01
5.18500e+03 3.56996e-01
5.18600e+03 3.55987e-01
5.18700e+03 3.54977e-01
5.18800e+03 3.53966e-01
5.18900e+03 3.52956e-01
5.19000e+03 3.51945e-01
5.19100e+03 3.56213e-01
5.19200e+03 3.60482e-01
5.19300e+03 3.64751e-01
5.19400e+03 3.69022e-01
5.19500e+03 3.73293e-01
5.19600e+03 3.77565e-01
5.19700e+03 3.81836e-01
5.19800e+03 3.86109e-01
5.19900e+03 3.90383e-01
5.20000e+03 3.94657e-01
5.20100e+03 3.92194e-01
5.20200e+03 3.89730e-01
5.20300e+03 3.87264e-01
5.20400e+03 3.84798e-01
5.20500e+03 3.82330e-01
5.20600e+03 3.79861e-01
5.20700e+03 3.77391e-01
5.20800e+03 3.74919e-01
5.20900e+03 3.72447e-01
5.21000e+03 3.69973e-01
5.21100e+03 3.70899e-01
5.21200e+03 3.71825e-01
5.21300e+03 3.72752e-01
5.21400e+03 3.73678e-01
5.21500e+03 3.74606e-01
5.21600e+03 3.75534e-01
5.21700e+03 3.76462e-01
5.21800e+03 3.77390e-01
5.21900e+03 3.78319e-01
5.22000e+03 3.79249e-01
5.22100e+03 3.75282e-01
5.22200e+03 3.71315e-01
5.22300e+03 3.67347e-01
5.22400e+03 3.63379e-01
5.22500e+03 3.59410e-01
5.22600e+03 3.55441e-01
5.22700e+03 3.51471e-01
5.22800e+03 3.47501e-01
5.22900e+03 3.43530e-01
5.23000e+03 3.39559e-01
5.23100e+03 3.38979e-01
5.23200e+03 3.38400e-01
5.23300e+03 3.37820e-01
5.23400e+03 3.37240e-01
5.23500e+03 3.36660e-01
5.23600e+03 3.36080e-01
5.23700e+03 3.35500e-01
5.23800e+03 3.34919e-01
5.23900e+03 3.34338e-01
5.24000e+03 3.33757e-01
5.24100e+03 3.37580e-01
5.24200e+03 3.41407e-01
5.24300e+03 3.45234e-01
5.24400e+03 3.49063e-01
5.24500e+03 3.52894e-01
5.24600e+03 3.56726e-01
5.24700e+03 3.60559e-01
5.24800e+03 3.64395e-01
5.24900e+03 3.68232e-01
5.25000e+03 3.72071e-01
5.25100e+03 3.69660e-01
5.25200e+03 3.67248e-01
5.25300e+03 3.64836e-01
5.25400e+03 3.62423e-01
5.25500e+03 3.60010e-01
5.25600e+03 3.57594e-01
5.25700e+03 3.55179e-01
5.25800e+03 3.52763e-01
5.25900e+03 3.50347e-01
5.26000e+03 3.47928e-01
5.26100e+03 3.51007e-01
5.26200e+03 3.54087e-01
5.26300e+03 3.57167e-01
5.26400e+03 3.60248e-01
5.26500e+03 3.63331e-01
5.26600e+03 3.66414e-01
5.26700e+03 3.69497e-01
5.26800e+03 3.72581e-01
5.26900e+03 3.75667e-01
5.27000e+03 3.78754e-01
5.27100e+03 3.77531e-01
5.27200e+03 3.76307e-01
5.27300e+03 3.75083e-01
5.27400e+03 3.73857e-01
5.27500e+03 3.72631e-01
5.27600e+03 3.71405e-01
5.27700e+03 3.70178e-01
5.27800e+03 3.68952e-01
5.27900e+03 3.67723e-01
5.28000e+03 3.66495e-01
5.28100e+03 3.68934e-01
5.28200e+03 3.71375e-01
5.28300e+03 3.73815e-01
5.28400e+03 3.76256e-01
5.28500e+03 3.78696e-01
5.28600e+03 3.81137e-01
5.28700e+03 3.83578e-01
5.28800e+03 3.86020e-01
5.28900e+03 3.88461e-01
5.29000e+03 3.90902e-01
5.29100e+03 3.89381e-01
5.29200e+03 3.87857e-01
5.29300e+03 3.86333e-01
5.29400e+03 3.84808e-01
5.29500e+03 3.83283e-01
5.29600e+03 3.81757e-01
5.29700e+03 3.80230e-01
5.29800e+03 3.78703e-01
5.29900e+03 3.77175e-01
5.30000e+03 3.75646e-01
5.30100e+03 3.74806e-01
5.30200e+03 3.73966e-01
5.30300e+03 3.73125e-01
5.30400e+03 3.72284e-01
5.30500e+03 3.71444e-01
5.30600e+03 3.70603e-01
5.30700e+03 3.69762e-01
5.30800e+03 3.68920e-01
5.30900e+03 3.68078e-01
5.31000e+03 3.67237e-01
5.31100e+03 3.65225e-01
5.31200e+03 3.63214e-01
5.31300e+03 3.61200e-01
5.31400e+03 3.59186e-01
5.31500e+03 3.57171e-01
5.31600e+03 3.55155e-01
5.31700e+03 3.53138e-01
5.31800e+03 3.51120e-01
5.31900e+03 3.49101e-01
5.32000e+03 3.47082e-01
5.32100e+03 3.50573e-01
5.32200e+03 3.54065e-01
5.32300e+03 3.57558e-01
5.32400e+03 3.61051e-01
5.32500e+03 3.64544e-01
5.32600e+03 3.68039e-01
5.32700e+03 3.71535e-01
5.32800e+03 3.75031e-01
5.32900e+03 3.78526e-01
5.33000e+03 3.82024e-01
5.33100e+03 3.79721e-01
5.33200e+03 3.77418e-01
5.33300e+03 3.75113e-01
5.33400e+03 3.72808e-01
5.33500e+03 3.70503e-01
5.33600e+03 3.68196e-01
5.33700e+03 3.65890e-01
5.33800e+03 3.63582e-01
5.33900e+03 3.61275e-01
5.34000e+03 3.58965e-01
5.34100e+03 3.62834e-01
5.34200e+03 3.66705e-01
5.34300e+03 3.70577e-01
5.34400e+03 3.74450e-01
5.34500e+03 3.78324e-01
5.34600e+03 3.82201e-01
5.34700e+03 3.86077e-01
5.34800e+03 3.89955e-01
5.34900e+03 3.93835e-01
5.35000e+03 3.97716e-01
5.35100e+03 3.96794e-01
5.35200e+03 3.95871e-01
5.35300e+03 3.94948e-01
5.35400e+03 3.94025e-01
5.35500e+03 3.93102e-01
5.35600e+03 3.92179e-01
5.35700e+03 3.91255e-01
5.35800e+03 3.90331e-01
5.35900e+03 3.89406e-01
5.36000e+03 3.88481e-01
5.36100e+03 3.88065e-01
5.36200e+03 3.87649e-01
5.36300e+03 3.87233e-01
5.36400e+03 3.86816e-01
5.36500e+03 3.86400e-01
5.36600e+03 3.85982e-01
5.36700e+03 3.85565e-01
5.36800e+03 3.85148e-01
5.36900e+03 3.84731e-01
5.37000e+03 3.84312e-01
5.37100e+03 3.84497e-01
5.37200e+03 3.84684e-01
5.37300e+03 3.84870e-01
5.37400e+03 3.85056e-01
5.37500e+03 3.85241e-01
5.37600e+03 3.85427e-01
5.37700e+03 3.85613e-01
5.37800e+03 3.85798e-01
5.37900e+03 3.85984e-01
5.38000e+03 3.86169e-01
5.38100e+03 3.85042e-01
5.38200e+03 3.83915e-01
5.38300e+03 3.82787e-01
5.38400e+03 3.81658e-01
5.38500e+03 3.80530e-01
5.38600e+03 3.79401e-01
5.38700e+03 3.78271e-01
5.38800e+03 3.77142e-01
5.38900e+03 3.76012e-01
5.39000e+03 3.74881e-01
5.39100e+03 3.72391e-01
5.39200e+03 3.69900e-01
5.39300e+03 3.67408e-01
5.39400e+03 3.64916e-01
5.39500e+03 3.62423e-01
5.39600e+03 3.59930e-01
5.39700e+03 3.57436e-01
5.39800e+03 3.54942e-01
5.39900e+03 3.52446e-01
5.40000e+03 3.49951e-01
5.40100e+03 3.49508e-01
5.40200e+03 3.49065e-01
5.40300e+03 3.48622e-01
5.40400e+03 3.48179e-01
5.40500e+03 3.47734e-01
5.40600e+03 3.47291e-01
5.40700e+03 3.46847e-01
5.40800e+03 3.46402e-01
5.40900e+03 3.45958e-01
5.41000e+03 3.45513e-01
5.41100e+03 3.47610e-01
5.41200e+03 3.49709e-01
5.41300e+03 3.51809e-01
5.41400e+03 3.53908e-01
5.41500e+03 3.56010e-01
5.41600e+03 3.58111e-01
5.41700e+03 3.60212e-01
5.41800e+03 3.62315e-01
5.41900e+03 3.64417e-01
5.42000e+03 3.66521e-01
5.42100e+03 3.68200e-01
5.42200e+03 3.69881e-01
5.42300e+03 3.71561e-01
5.42400e+03 3.73242e-01
5.42500e+03 3.74922e-01
5.42600e+03 3.76602e-01
5.42700e+03 3.78285e-01
5.42800e+03 3.79966e-01
5.42900e+03 3.81647e-01
5.43000e+03 3.83330e-01
5.43100e+03 3.84642e-01
5.43200e+03 3.85955e-01
5.43300e+03 3.87267e-01
5.43400e+03 3.88581e-01
5.43500e+03 3.89894e-01
5.43600e+03 3.91208e-01
5.43700e+03 3.92523e-01
5.43800e+03 3.93837e-01
5.43900e+03 3.95152e-01
5.44000e+03 3.96467e-01
5.44100e+03 3.97620e-01
5.44200e+03 3.98772e-01
5.44300e+03 3.99926e-01
5.44400e+03 4.01078e-01
5.44500e+03 4.02231e-01
5.44600e+03 4.03385e-01
5.44700e+03 4.04539e-01
5.44800e+03 4.05692e-01
5.44900e+03 4.06846e-01
5.45000e+03 4.08000e-01
5.45100e+03 4.07524e-01
5.45200e+03 4.07046e-01
5.45300e+03 4.06570e-01
5.45400e+03 4.06092e-01
5.45500e+03 4.05614e-01
5.45600e+03 4.05136e-01
5.45700e+03 4.04658e-01
5.45800e+03 4.04180e-01
5.45900e+03 4.03701e-01
5.46000e+03 4.03222e-01
5.46100e+03 4.03395e-01
5.46200e+03 4.03568e-01
5.46300e+03 4.03742e-01
5.46400e+03 4.03915e-01
5.46500e+03 4.04087e-01
5.46600e+03 4.04260e-01
5.46700e+03 4.04433e-01
5.46800e+03 4.04605e-01
5.46900e+03 4.04778e-01
5.47000e+03 4.04950e-01
5.47100e+03 4.05668e-01
5.47200e+03 4.06384e-01
5.47300e+03 4.07102e-01
5.47400e+03 4.07819e-01
5.47500e+03 4.08537e-01
5.47600e+03 4.09254e-01
5.47700e+03 4.09972e-01
5.47800e+03 4.10689e-01
5.47900e+03 4.11408e-01
5.48000e+03 4.12126e-01
5.48100e+03 4.11687e-01
5.48200e+03 4.11248e-01
5.48300e+03 4.10810e-01
5.48400e+03 4.10370e-01
5.48500e+03 4.09930e-01
5.48600e+03 4.09491e-01
5.48700e+03 4.09051e-01
5.48800e+03 4.08612e-01
5.48900e+03 4.08171e-01
5.49000e+03 4.07731e-01
5.49100e+03 4.07426e-01
5.49200e+03 4.07121e-01
5.49300e+03 4.06815e-01
5.49400e+03 4.06510e-01
5.49500e+03 4.06204e-01
5.49600e+03 4.05898e-01
5.49700e+03 4.05592e-01
5.49800e+03 4.05286e-01
5.49900e+03 4.04980e-01
5.50000e+03 4.04674e-01
5.50100e+03 4.02603e-01
5.50200e+03 4.00530e-01
5.50300e+03 3.98457e-01
5.50400e+03 3.96383e-01
5.50500e+03 3.94308e-01
5.50600e+03 3.92232e-01
5.50700e+03 3.90156e-01
5.50800e+03 3.88078e-01
5.50900e+03 3.86000e-01
5.51000e+03 3.83921e-01
5.51100e+03 3.84371e-01
5.51200e+03 3.84821e-01
5.51300e+03 3.85271e-01
5.51400e+03 3.85721e-01
5.51500e+03 3.86172e-01
5.51600e+03 3.86621e-01
5.51700e+03 3.87071e-01
5.51800e+03 3.87522e-01
5.51900e+03 3.87971e-01
5.52000e+03 3.88422e-01
5.52100e+03 3.89114e-01
5.52200e+03 3.89807e-01
5.52300e+03 3.90499e-01
5.52400e+03 3.91192e-01
5.52500e+03 3.91885e-01
5.52600e+03 3.92577e-01
5.52700e+03 3.93270e-01
5.52800e+03 3.93963e-01
5.52900e+03 3.94656e-01
5.53000e+03 3.95349e-01
5.53100e+03 3.96012e-01
5.53200e+03 3.96674e-01
5.53300e+03 3.97338e-01
5.53400e+03 3.98000e-01
5.53500e+03 3.98663e-01
5.53600e+03 3.99326e-01
5.53700e+03 3.99989e-01
5.53800e+03 4.00652e-01
5.53900e+03 4.01315e-01
5.54000e+03 4.01978e-01
5.54100e+03 4.02524e-01
5.54200e+03 4.03070e-01
5.54300e+03 4.03616e-01
5.54400e+03 4.04161e-01
5.54500e+03 4.04707e-01
5.54600e+03 4.05252e-01
5.54700e+03 4.05798e-01
5.54800e+03 4.06343e-01
5.54900e+03 4.06888e-01
5.55000e+03 4.07434e-01
5.55100e+03 4.06247e-01
5.55200e+03 4.05059e-01
5.55300e+03 4.03870e-01
5.55400e+03 4.02681e-01
5.55500e+03 4.01492e-01
5.55600e+03 4.00303e-01
5.55700e+03 3.99113e-01
5.55800e+03 3.97922e-01
5.55900e+03 3.96731e-01
5.56000e+03 3.95539e-01
5.56100e+03 3.96501e-01
5.56200e+03 3.97462e-01
5.56300e+03 3.98424e-01
5.56400e+03 3.99385e-01
5.56500e+03 4.00347e-01
5.56600e+03 4.01308e-01
5.56700e+03 4.02271e-01
5.56800e+03 4.03231e-01
5.56900e+03 4.04193e-01
5.57000e+03 4.05155e-01
5.57100e+03 4.05423e-01
5.57200e+03 4.05691e-01
5.57300e+03 4.05959e-01
5.57400e+03 4.06227e-01
5.57500e+03 4.06494e-01
5.57600e+03 4.06763e-01
5.57700e+03 4.07030e-01
5.57800e+03 4.07297e-01
5.57900e+03 4.07564e-01
5.58000e+03 4.07831e-01
5.58100e+03 4.07340e-01
5.58200e+03 4.06847e-01
5.58300e+03 4.06356e-01
5.58400e+03 4.05864e-01
5.58500e+03 4.05371e-01
5.58600e+03 4.04879e-01
5.58700e+03 4.04386e-01
5.58800e+03 4.03893e-01
5.58900e+03 4.03400e-01
5.59000e+03 4.02908e-01
5.59100e+03 4.02545e-01
5.59200e+03 4.02183e-01
5.59300e+03 4.01822e-01
5.59400e+03 4.01460e-01
5.59500e+03 4.01098e-01
5.59600e+03 4.00735e-01
5.59700e+03 4.00373e-01
5.59800e+03 4.00011e-01
5.59900e+03 3.99647e-01
5.60000e+03 3.99284e-01
5.60100e+03 3.97538e-01
5.60200e+03 3.95792e-01
5.60300e+03 3.94044e-01
5.60400e+03 3.92297e-01
5.60500e+03 3.90549e-01
5.60600e+03 3.88800e-01
5.60700e+03 3.87052e-01
5.60800e+03 3.85302e-01
5.60900e+03 3.83553e-01
5.61000e+03 3.81802e-01
5.61100e+03 3.81848e-01
5.61200e+03 3.81894e-01
5.61300e+03 3.81940e-01
5.61400e+03 3.81985e-01
5.61500e+03 3.82032e-01
5.61600e+03 3.82078e-01
5.61700e+03 3.82122e-01
5.61800e+03 3.82169e-01
5.61900e+03 3.82214e-01
5.62000e+03 3.82260e-01
5.62100e+03 3.83732e-01
5.62200e+03 3.85206e-01
5.62300e+03 3.86678e-01
5.62400e+03 3.88152e-01
5.62500e+03 3.89625e-01
5.62600e+03 3.91099e-01
5.62700e+03 3.92573e-01
5.62800e+03 3.94047e-01
5.62900e+03 3.95521e-01
5.63000e+03 3.96995e-01
5.63100e+03 3.98153e-01
5.63200e+03 3.99313e-01
5.63300e+03 4.00471e-01
5.63400e+03 4.01631e-01
5.63500e+03 4.02791e-01
5.63600e+03 4.03951e-01
5.63700e+03 4.05111e-01
5.63800e+03 4.06271e-01
5.63900e+03 4.07431e-01
5.64000e+03 4.08591e-01
5.64100e+03 4.08735e-01
5.64200e+03 4.08879e-01
5.64300e+03 4.09024e-01
5.64400e+03 4.09167e-01
5.64500e+03 4.09311e-01
5.64600e+03 4.09456e-01
5.64700e+03 4.09599e-01
5.64800e+03 4.09743e-01
5.64900e+03 4.09888e-01
5.65000e+03 4.10032e-01
5.65100e+03 4.09212e-01
5.65200e+03 4.08392e-01
5.65300e+03 4.07571e-01
5.65400e+03 4.06751e-01
5.65500e+03 4.05931e-01
5.65600e+03 4.05110e-01
5.65700e+03 4.04290e-01
5.65800e+03 4.03469e-01
5.65900e+03 4.02648e-01
5.66000e+03 4.01827e-01
5.66100e+03 4.00963e-01
5.66200e+03 4.00099e-01
5.66300e+03 3.99235e-01
5.66400e+03 3.98371e-01
5.66500e+03 3.97507e-01
5.66600e+03 3.96642e-01
5.66700e+03 3.95777e-01
5.66800e+03 3.94912e-01
5.66900e+03 3.94047e-01
5.67000e+03 3.93181e-01
5.67100e+03 3.93274e-01
5.67200e+03 3.93367e-01
5.67300e+03 3.93461e-01
5.67400e+03 3.93554e-01
5.67500e+03 3.93647e-01
5.67600e+03 3.93740e-01
5.67700e+03 3.93834e-01
5.67800e+03 3.93927e-01
5.67900e+03 3.94021e-01
5.68000e+03 3.94114e-01
5.68100e+03 3.94777e-01
5.68200e+03 3.95440e-01
5.68300e+03 3.96103e-01
5.68400e+03 3.96767e-01
5.68500e+03 3.97430e-01
5.68600e+03 3.98094e-01
5.68700e+03 3.98759e-01
5.68800e+03 3.99423e-01
5.68900e+03 4.00088e-01
5.69000e+03 4.00753e-01
5.69100e+03 4.01632e-01
5.69200e+03 4.02511e-01
5.69300e+03 4.03391e-01
5.69400e+03 4.04271e-01
5.69500e+03 4.05152e-01
5.69600e+03 4.06031e-01
5.69700e+03 4.06912e-01
5.69800e+03 4.07793e-01
5.69900e+03 4.08673e-01
5.70000e+03 4.09555e-01
5.70100e+03 4.09886e-01
5.70200e+03 4.10218e-01
5.70300e+03 4.10551e-01
5.70400e+03 4.10883e-01
5.70500e+03 4.11215e-01
5.70600e+03 4.11547e-01
5.70700e+03 4.11881e-01
5.70800e+03 4.12213e-01
5.70900e+03 4.12546e-01
5.71000e+03 4.12879e-01
5.71100e+03 4.12033e-01
5.71200e+03 4.11186e-01
5.71300e+03 4.10339e-01
5.71400e+03 4.09491e-01
5.71500e+03 4.08645e-01
5.71600e+03 4.07798e-01
5.71700e+03 4.06951e-01
5.71800e+03 4.06103e-01
5.71900e+03 4.05256e-01
5.72000e+03 4.04409e-01
5.72100e+03 4.04344e-01
5.72200e+03 4.04281e-01
5.72300e+03 4.04216e-01
5.72400e+03 4.04152e-01
5.72500e+03 4.04088e-01
5.72600e+03 4.04025e-01
5.72700e+03 4.03961e-01
5.72800e+03 4.03898e-01
5.72900e+03 4.03835e-01
5.73000e+03 4.03771e-01
5.73100e+03 4.04725e-01
5.73200e+03 4.05678e-01
5.73300e+03 4.06633e-01
5.73400e+03 4.07588e-01
5.73500e+03 4.08543e-01
5.73600e+03 4.09499e-01
5.73700e+03 4.10454e-01
5.73800e+03 4.11412e-01
5.73900e+03 4.12369e-01
5.74000e+03 4.13326e-01
5.74100e+03 4.10646e-01
5.74200e+03 4.07967e-01
5.74300e+03 4.05287e-01
5.74400e+03 4.02607e-01
5.74500e+03 3.99928e-01
5.74600e+03 3.97249e-01
5.74700e+03 3.94570e-01
5.74800e+03 3.91892e-01
5.74900e+03 3.89212e-01
5.75000e+03 3.86534e-01
5.75100e+03 3.86461e-01
5.75200e+03 3.86388e-01
5.75300e+03 3.86314e-01
5.75400e+03 3.86240e-01
5.75500e+03 3.86168e-01
5.75600e+03 3.86094e-01
5.75700e+03 3.86022e-01
5.75800e+03 3.85948e-01
5.75900e+03 3.85875e-01
5.76000e+03 3.85803e-01
5.76100e+03 3.85525e-01
5.76200e+03 3.85248e-01
5.76300e+03 3.84972e-01
5.76400e+03 3.84694e-01
5.76500e+03 3.84417e-01
5.76600e+03 3.84140e-01
5.76700e+03 3.83864e-01
5.76800e+03 3.83587e-01
5.76900e+03 3.83311e-01
5.77000e+03 3.83034e-01
5.77100e+03 3.83543e-01
5.77200e+03 3.84051e-01
5.77300e+03 3.84560e-01
5.77400e+03 3.85070e-01
5.77500e+03 3.85579e-01
5.77600e+03 3.86089e-01
5.77700e+03 3.86598e-01
5.77800e+03 3.87109e-01
5.77900e+03 3.87620e-01
5.78000e+03 3.88131e-01
5.78100e+03 3.89204e-01
5.78200e+03 3.90277e-01
5.78300e+03 3.91351e-01
5.78400e+03 3.92424e-01
5.78500e+03 3.93498e-01
5.78600e+03 3.94573e-01
5.78700e+03 3.95647e-01
5.78800e+03 3.96721e-01
5.78900e+03 3.97797e-01
5.79000e+03 3.98872e-01
5.79100e+03 4.00202e-01
5.79200e+03 4.01532e-01
5.79300e+03 4.02862e-01
5.79400e+03 4.04194e-01
5.79500e+03 4.05525e-01
5.79600e+03 4.06856e-01
5.79700e+03 4.08189e-01
5.79800e+03 4.09523e-01
5.79900e+03 4.10856e-01
5.80000e+03 4.12190e-01
5.80100e+03 4.12843e-01
5.80200e+03 4.13496e-01
5.80300e+03 4.14149e-01
5.80400e+03 4.14803e-01
5.80500e+03 4.15457e-01
5.80600e+03 4.16109e-01
5.80700e+03 4.16763e-01
5.80800e+03 4.17417e-01
5.80900e+03 4.18072e-01
5.81000e+03 4.18726e-01
5.81100e+03 4.18990e-01
5.81200e+03 4.19253e-01
5.81300e+03 4.19518e-01
5.81400e+03 4.19782e-01
5.81500e+03 4.20047e-01
5.81600e+03 4.20313e-01
5.81700e+03 4.20577e-01
5.81800e+03 4.20843e-01
5.81900e+03 4.21108e-01
5.82000e+03 4.21374e-01
5.82100e+03 4.20292e-01
5.82200e+03 4.19209e-01
5.82300e+03 4.18127e-01
5.82400e+03 4.17045e-01
5.82500e+03 4.15962e-01
5.82600e+03 4.14878e-01
5.82700e+03 4.13795e-01
5.82800e+03 4.12711e-01
5.82900e+03 4.11627e-01
5.83000e+03 4.10543e-01
5.83100e+03 4.10457e-01
5.83200e+03 4.10372e-01
5.83300e+03 4.10286e-01
5.83400e+03 4.10200e-01
5.83500e+03 4.10115e-01
5.83600e+03 4.10030e-01
5.83700e+03 4.09944e-01
5.83800e+03 4.09859e-01
5.83900e+03 4.09775e-01
5.84000e+03 4.09690e-01
5.84100e+03 4.08544e-01
5.84200e+03 4.07399e-01
5.84300e+03 4.06253e-01
5.84400e+03 4.05108e-01
5.84500e+03 4.03962e-01
5.84600e+03 4.02815e-01
5.84700e+03 4.01670e-01
5.84800e+03 4.00524e-01
5.84900e+03 3.99378e-01
5.85000e+03 3.98231e-01
5.85100e+03 3.99890e-01
5.85200e+03 4.01550e-01
5.85300e+03 4.03209e-01
5.85400e+03 4.04870e-01
5.85500e+03 4.06529e-01
5.85600e+03 4.08190e-01
5.85700e+03 4.09852e-01
5.85800e+03 4.11513e-01
5.85900e+03 4.13175e-01
5.86000e+03 4.14837e-01
5.86100e+03 4.14575e-01
5.86200e+03 4.14313e-01
5.86300e+03 4.14051e-01
5.86400e+03 4.13788e-01
5.86500e+03 4.13526e-01
5.86600e+03 4.13264e-01
5.86700e+03 4.13001e-01
5.86800e+03 4.12739e-01
5.86900e+03 4.12477e-01
5.87000e+03 4.12215e-01
5.87100e+03 4.12202e-01
5.87200e+03 4.12188e-01
5.87300e+03 4.12175e-01
5.87400e+03 4.12162e-01
5.87500e+03 4.12149e-01
5.87600e+03 4.12137e-01
5.87700e+03 4.12124e-01
5.87800e+03 4.12111e-01
5.87900e+03 4.12099e-01
5.88000e+03 4.12087e-01
5.88100e+03 4.11003e-01
5.88200e+03 4.09919e-01
5.88300e+03 4.08835e-01
5.88400e+03 4.07750e-01
5.88500e+03 4.06666e-01
5.88600e+03 4.05581e-01
5.88700e+03 4.04495e-01
5.88800e+03 4.03410e-01
5.88900e+03 4.02324e-01
5.89000e+03 4.01238e-01
5.89100e+03 4.04078e-01
5.89200e+03 4.06919e-01
5.89300e+03 4.09762e-01
5.89400e+03 4.12606e-01
5.89500e+03 4.15451e-01
5.89600e+03 4.18297e-01
5.89700e+03 4.21146e-01
5.89800e+03 4.23996e-01
5.89900e+03 4.26846e-01
5.90000e+03 4.29698e-01
5.90100e+03 4.27812e-01
5.90200e+03 4.25924e-01
5.90300e+03 4.24037e-01
5.90400e+03 4.22150e-01
5.90500e+03 4.20262e-01
5.90600e+03 4.18374e-01
5.90700e+03 4.16485e-01
5.90800e+03 4.14596e-01
5.90900e+03 4.12708e-01
5.91000e+03 4.10818e-01
5.91100e+03 4.12691e-01
5.91200e+03 4.14564e-01
5.91300e+03 4.16437e-01
5.91400e+03 4.18310e-01
5.91500e+03 4.20185e-01
5.91600e+03 4.22059e-01
5.91700e+03 4.23935e-01
5.91800e+03 4.25810e-01
5.91900e+03 4.27686e-01
5.92000e+03 4.29563e-01
5.92100e+03 4.28612e-01
5.92200e+03 4.27660e-01
5.92300e+03 4.26708e-01
5.92400e+03 4.25755e-01
5.92500e+03 4.24803e-01
5.92600e+03 4.23850e-01
5.92700e+03 4.22897e-01
5.92800e+03 4.21943e-01
5.92900e+03 4.20989e-01
5.93000e+03 4.20036e-01
5.93100e+03 4.18702e-01
5.93200e+03 4.17369e-01
5.93300e+03 4.16036e-01
5.93400e+03 4.14701e-01
5.93500e+03 4.13368e-01
5.93600e+03 4.12033e-01
5.93700e+03 4.10699e-01
5.93800e+03 4.09364e-01
5.93900e+03 4.08028e-01
5.94000e+03 4.06693e-01
5.94100e+03 4.04515e-01
5.94200e+03 4.02338e-01
5.94300e+03 4.00160e-01
5.94400e+03 3.97982e-01
5.94500e+03 3.95803e-01
5.94600e+03 3.93623e-01
5.94700e+03 3.91444e-01
5.94800e+03 3.89262e-01
5.94900e+03 3.87081e-01
5.95000e+03 3.84900e-01
5.95100e+03 3.87632e-01
5.95200e+03 3.90366e-01
5.95300e+03 3.93100e-01
5.95400e+03 3.95836e-01
5.95500e+03 3.98574e-01
5.95600e+03 4.01311e-01
5.95700e+03 4.04050e-01
5.95800e+03 4.06790e-01
5.95900e+03 4.09532e-01
5.96000e+03 4.12275e-01
5.96100e+03 4.11330e-01
5.96200e+03 4.10385e-01
5.96300e+03 4.09439e-01
5.96400e+03 4.08493e-01
5.96500e+03 4.07546e-01
5.96600e+03 4.06599e-01
5.96700e+03 4.05652e-01
5.96800e+03 4.04704e-01
5.96900e+03 4.03756e-01
5.97000e+03 4.02808e-01
5.97100e+03 4.03355e-01
5.97200e+03 4.03903e-01
5.97300e+03 4.04450e-01
5.97400e+03 4.04998e-01
5.97500e+03 4.05546e-01
5.97600e+03 4.06094e-01
5.97700e+03 4.06642e-01
5.97800e+03 4.07191e-01
5.97900e+03 4.07740e-01
5.98000e+03 4.08289e-01
5.98100e+03 4.08208e-01
5.98200e+03 4.08127e-01
5.98300e+03 4.08046e-01
5.98400e+03 4.07965e-01
5.98500e+03 4.07882e-01
5.98600e+03 4.07800e-01
5.98700e+03 4.07719e-01
5.98800e+03 4.07638e-01
5.98900e+03 4.07555e-01
5.99000e+03 4.07474e-01
5.99100e+03 4.07298e-01
5.99200e+03 4.07123e-01
5.99300e+03 4.06948e-01
5.99400e+03 4.06772e-01
5.99500e+03 4.06597e-01
5.99600e+03 4.06421e-01
5.99700e+03 4.06245e-01
5.99800e+03 4.06070e-01
5.99900e+03 4.05893e-01
6.00000e+03 4.05717e-01
6.00100e+03 4.06252e-01
6.00200e+03 4.06787e-01
6.00300e+03 4.07322e-01
6.00400e+03 4.07857e-01
6.00500e+03 4.08392e-01
6.00600e+03 4.08927e-01
6.00700e+03 4.09463e-01
6.00800e+03 4.09999e-01
6.00900e+03 4.10534e-01
6.01000e+03 4.11070e-01
6.01100e+03 4.11281e-01
6.01200e+03 4.11491e-01
6.01300e+03 4.11702e-01
6.01400e+03 4.11914e-01
6.01500e+03 4.12125e-01
6.01600e+03 4.12336e-01
6.01700e+03 4.12547e-01
6.01800e+03 4.12758e-01
6.01900e+03 4.12968e-01
6.02000e+03 4.13180e-01
6.02100e+03 4.13425e-01
6.02200e+03 4.13671e-01
6.02300e+03 4.13917e-01
6.02400e+03 4.14162e-01
6.02500e+03 4.14407e-01
6.02600e+03 4.14653e-01
6.02700e+03 4.14899e-01
6.02800e+03 4.15145e-01
6.02900e+03 4.15390e-01
6.03000e+03 4.15637e-01
6.03100e+03 4.15821e-01
6.03200e+03 4.16006e-01
6.03300e+03 4.16191e-01
6.03400e+03 4.16376e-01
6.03500e+03 4.16560e-01
6.03600e+03 4.16745e-01
6.03700e+03 4.16930e-01
6.03800e+03 4.17114e-01
6.03900e+03 4.17301e-01
6.04000e+03 4.17485e-01
6.04100e+03 4.18588e-01
6.04200e+03 4.19692e-01
6.04300e+03 4.20795e-01
6.04400e+03 4.21899e-01
6.04500e+03 4.23002e-01
6.04600e+03 4.24107e-01
6.04700e+03 4.25212e-01
6.04800e+03 4.26315e-01
6.04900e+03 4.27421e-01
6.05000e+03 4.28525e-01
6.05100e+03 4.28236e-01
6.05200e+03 4.27948e-01
6.05300e+03 4.27660e-01
6.05400e+03 4.27370e-01
6.05500e+03 4.27083e-01
6.05600e+03 4.26793e-01
6.05700e+03 4.26504e-01
6.05800e+03 4.26215e-01
6.05900e+03 4.25926e-01
6.06000e+03 4.25636e-01
6.06100e+03 4.24984e-01
6.06200e+03 4.24329e-01
6.06300e+03 4.23676e-01
6.06400e+03 4.23022e-01
6.06500e+03 4.22368e-01
6.06600e+03 4.21714e-01
6.06700e+03 4.21058e-01
6.06800e+03 4.20405e-01
6.06900e+03 4.19749e-01
6.07000e+03 4.19094e-01
6.07100e+03 4.18445e-01
6.07200e+03 4.17795e-01
6.07300e+03 4.17146e-01
6.07400e+03 4.16495e-01
6.07500e+03 4.15847e-01
6.07600e+03 4.15196e-01
6.07700e+03 4.14546e-01
6.07800e+03 4.13896e-01
6.07900e+03 4.13246e-01
6.08000e+03 4.12595e-01
6.08100e+03 4.13773e-01
6.08200e+03 4.14951e-01
6.08300e+03 4.16130e-01
6.08400e+03 4.17308e-01
6.08500e+03 4.18488e-01
6.08600e+03 4.19668e-01
6.08700e+03 4.20847e-01
6.08800e+03 4.22030e-01
6.08900e+03 4.23210e-01
6.09000e+03 4.24391e-01
6.09100e+03 4.25125e-01
6.09200e+03 4.25860e-01
6.09300e+03 4.26594e-01
6.09400e+03 4.27330e-01
6.09500e+03 4.28064e-01
6.09600e+03 4.28800e-01
6.09700e+03 4.29535e-01
6.09800e+03 4.30270e-01
6.09900e+03 4.31006e-01
6.10000e+03 4.31742e-01
6.10100e+03 4.30962e-01
6.10200e+03 4.30184e-01
6.10300e+03 4.29403e-01
6.10400e+03 4.28624e-01
6.10500e+03 4.27843e-01
6.10600e+03 4.27062e-01
6.10700e+03 4.26282e-01
6.10800e+03 4.25501e-01
6.10900e+03 4.24719e-01
6.11000e+03 4.23938e-01
6.11100e+03 4.24782e-01
6.11200e+03 4.25624e-01
6.11300e+03 4.26468e-01
6.11400e+03 4.27312e-01
6.11500e+03 4.28156e-01
6.11600e+03 4.29000e-01
6.11700e+03 4.29844e-01
6.11800e+03 4.30691e-01
6.11900e+03 4.31536e-01
6.12000e+03 4.32382e-01
6.12100e+03 4.32391e-01
6.12200e+03 4.32401e-01
6.12300e+03 4.32412e-01
6.12400e+03 4.32422e-01
6.12500e+03 4.32432e-01
6.12600e+03 4.32441e-01
6.12700e+03 4.32451e-01
6.12800e+03 4.32462e-01
6.12900e+03 4.32471e-01
6.13000e+03 4.32481e-01
6.13100e+03 4.32583e-01
6.13200e+03 4.32684e-01
6.13300e+03 4.32785e-01
6.13400e+03 4.32887e-01
6.13500e+03 4.32988e-01
6.13600e+03 4.33089e-01
6.13700e+03 4.33191e-01
6.13800e+03 4.33292e-01
6.13900e+03 4.33394e-01
6.14000e+03 4.33495e-01
6.14100e+03 4.33624e-01
6.14200e+03 4.33753e-01
6.14300e+03 4.33882e-01
6.14400e+03 4.34011e-01
6.14500e+03 4.34140e-01
6.14600e+03 4.34269e-01
6.14700e+03 4.34398e-01
6.14800e+03 4.34527e-01
6.14900e+03 4.34657e-01
6.15000e+03 4.34786e-01
6.15100e+03 4.33797e-01
6.15200e+03 4.32808e-01
6.15300e+03 4.31818e-01
6.15400e+03 4.30829e-01
6.15500e+03 4.29838e-01
6.15600e+03 4.28848e-01
6.15700e+03 4.27857e-01
6.15800e+03 4.26867e-01
6.15900e+03 4.25876e-01
6.16000e+03 4.24885e-01
6.16100e+03 4.22648e-01
6.16200e+03 4.20410e-01
6.16300e+03 4.18172e-01
6.16400e+03 4.15933e-01
6.16500e+03 4.13692e-01
6.16600e+03 4.11451e-01
6.16700e+03 4.09208e-01
6.16800e+03 4.06965e-01
6.16900e+03 4.04721e-01
6.17000e+03 4.02476e-01
6.17100e+03 4.00980e-01
6.17200e+03 3.99483e-01
6.17300e+03 3.97986e-01
6.17400e+03 3.96488e-01
6.17500e+03 3.94989e-01
6.17600e+03 3.93489e-01
6.17700e+03 3.91990e-01
6.17800e+03 3.90490e-01
6.17900e+03 3.88989e-01
6.18000e+03 3.87488e-01
6.18100e+03 3.86277e-01
6.18200e+03 3.85066e-01
6.18300e+03 3.83855e-01
6.18400e+03 3.82642e-01
6.18500e+03 3.81430e-01
6.18600e+03 3.80219e-01
6.18700e+03 3.79005e-01
6.18800e+03 3.77792e-01
6.18900e+03 3.76577e-01
6.19000e+03 3.75363e-01
6.19100e+03 3.75075e-01
6.19200e+03 3.74787e-01
6.19300e+03 3.74499e-01
6.19400e+03 3.74210e-01
6.19500e+03 3.73921e-01
6.19600e+03 3.73632e-01
6.19700e+03 3.73344e-01
6.19800e+03 3.73055e-01
6.19900e+03 3.72765e-01
6.20000e+03 3.72476e-01
6.20100e+03 3.71967e-01
6.20200e+03 3.71458e-01
6.20300e+03 3.70950e-01
6.20400e+03 3.70440e-01
6.20500e+03 3.69932e-01
6.20600e+03 3.69422e-01
6.20700e+03 3.68912e-01
6.20800e+03 3.68403e-01
6.20900e+03 3.67894e-01
6.21000e+03 3.67384e-01
6.21100e+03 3.68273e-01
6.21200e+03 3.69160e-01
6.21300e+03 3.70048e-01
6.21400e+03 3.70935e-01
6.21500e+03 3.71823e-01
6.21600e+03 3.72711e-01
6.21700e+03 3.73599e-01
6.21800e+03 3.74488e-01
6.21900e+03 3.75376e-01
6.22000e+03 3.76264e-01
6.22100e+03 3.79028e-01
6.22200e+03 3.81792e-01
6.22300e+03 3.84558e-01
6.22400e+03 3.87323e-01
6.22500e+03 3.90090e-01
6.22600e+03 3.92858e-01
6.22700e+03 3.95627e-01
6.22800e+03 3.98397e-01
6.22900e+03 4.01167e-01
6.23000e+03 4.03938e-01
6.23100e+03 4.04891e-01
6.23200e+03 4.05845e-01
6.23300e+03 4.06798e-01
6.23400e+03 4.07752e-01
6.23500e+03 4.08706e-01
6.23600e+03 4.09659e-01
6.23700e+03 4.10613e-01
6.23800e+03 4.11567e-01
6.23900e+03 4.12522e-01
6.24000e+03 4.13475e-01
6.24100e+03 4.15183e-01
6.24200e+03 4.16891e-01
6.24300e+03 4.18599e-01
6.24400e+03 4.20307e-01
6.24500e+03 4.22017e-01
6.24600e+03 4.23726e-01
6.24700e+03 4.25436e-01
6.24800e+03 4.27146e-01
6.24900e+03 4.28856e-01
6.25000e+03 4.30568e-01
6.25100e+03 4.30533e-01
6.25200e+03 4.30499e-01
6.25300e+03 4.30466e-01
6.25400e+03 4.30430e-01
6.25500e+03 4.30396e-01
6.25600e+03 4.30363e-01
6.25700e+03 4.30328e-01
6.25800e+03 4.30293e-01
6.25900e+03 4.30258e-01
6.26000e+03 4.30224e-01
6.26100e+03 4.30550e-01
6.26200e+03 4.30874e-01
6.26300e+03 4.31199e-01
6.26400e+03 4.31524e-01
6.26500e+03 4.31848e-01
6.26600e+03 4.32174e-01
6.26700e+03 4.32499e-01
6.26800e+03 4.32824e-01
6.26900e+03 4.33150e-01
6.27000e+03 4.33475e-01
6.27100e+03 4.34134e-01
6.27200e+03 4.34793e-01
6.27300e+03 4.35452e-01
6.27400e+03 4.36112e-01
6.27500e+03 4.36772e-01
6.27600e+03 4.37431e-01
6.27700e+03 4.38092e-01
6.27800e+03 4.38752e-01
6.27900e+03 4.39413e-01
6.28000e+03 4.40074e-01
6.28100e+03 4.38646e-01
6.28200e+03 4.37218e-01
6.28300e+03 4.35789e-01
6.28400e+03 4.34361e-01
6.28500e+03 4.32932e-01
6.28600e+03 4.31503e-01
6.28700e+03 4.30074e-01
6.28800e+03 4.28644e-01
6.28900e+03 4.27216e-01
6.29000e+03 4.25786e-01
6.29100e+03 4.26291e-01
6.29200e+03 4.26796e-01
6.29300e+03 4.27301e-01
6.29400e+03 4.27807e-01
6.29500e+03 4.28312e-01
6.29600e+03 4.28818e-01
6.29700e+03 4.29323e-01
6.29800e+03 4.29829e-01
6.29900e+03 4.30335e-01
6.30000e+03 4.30841e-01
6.30100e+03 4.29787e-01
6.30200e+03 4.28733e-01
6.30300e+03 4.27680e-01
6.30400e+03 4.26625e-01
6.30500e+03 4.25572e-01
6.30600e+03 4.24516e-01
6.30700e+03 4.23462e-01
6.30800e+03 4.22408e-01
6.30900e+03 4.21353e-01
6.31000e+03 4.20298e-01
6.31100e+03 4.20527e-01
6.31200e+03 4.20757e-01
6.31300e+03 4.20987e-01
6.31400e+03 4.21216e-01
6.31500e+03 4.21446e-01
6.31600e+03 4.21677e-01
6.31700e+03 4.21905e-01
6.31800e+03 4.22136e-01
6.31900e+03 4.22366e-01
6.32000e+03 4.22596e-01
6.32100e+03 4.22133e-01
6.32200e+03 4.21670e-01
6.32300e+03 4.21208e-01
6.32400e+03 4.20745e-01
6.32500e+03 4.20282e-01
6.32600e+03 4.19819e-01
6.32700e+03 4.19355e-01
6.32800e+03 4.18892e-01
6.32900e+03 4.18428e-01
6.33000e+03 4.17964e-01
6.33100e+03 4.18868e-01
6.33200e+03 4.19771e-01
6.33300e+03 4.20674e-01
6.33400e+03 4.21579e-01
6.33500e+03 4.22483e-01
6.33600e+03 4.23387e-01
6.33700e+03 4.24292e-01
6.33800e+03 4.25197e-01
6.33900e+03 4.26102e-01
6.34000e+03 4.27008e-01
6.34100e+03 4.26370e-01
6.34200e+03 4.25732e-01
6.34300e+03 4.25094e-01
6.34400e+03 4.24457e-01
6.34500e+03 4.23819e-01
6.34600e+03 4.23181e-01
6.34700e+03 4.22543e-01
6.34800e+03 4.21905e-01
6.34900e+03 4.21267e-01
6.35000e+03 4.20630e-01
6.35100e+03 4.24364e-01
6.35200e+03 4.28099e-01
6.35300e+03 4.31835e-01
6.35400e+03 4.35572e-01
6.35500e+03 4.39311e-01
6.35600e+03 4.43050e-01
6.35700e+03 4.46791e-01
6.35800e+03 4.50531e-01
6.35900e+03 4.54274e-01
6.36000e+03 4.58017e-01
6.36100e+03 4.53855e-01
6.36200e+03 4.49692e-01
6.36300e+03 4.45529e-01
6.36400e+03 4.41365e-01
6.36500e+03 4.37200e-01
6.36600e+03 4.33035e-01
6.36700e+03 4.28869e-01
6.36800e+03 4.24702e-01
6.36900e+03 4.20535e-01
6.37000e+03 4.16367e-01
6.37100e+03 4.17898e-01
6.37200e+03 4.19431e-01
6.37300e+03 4.20963e-01
6.37400e+03 4.22497e-01
6.37500e+03 4.24031e-01
6.37600e+03 4.25566e-01
6.37700e+03 4.27100e-01
6.37800e+03 4.28636e-01
6.37900e+03 4.30173e-01
6.38000e+03 4.31709e-01
6.38100e+03 4.27592e-01
6.38200e+03 4.23473e-01
6.38300e+03 4.19353e-01
6.38400e+03 4.15233e-01
6.38500e+03 4.11110e-01
6.38600e+03 4.06986e-01
6.38700e+03 4.02862e-01
6.38800e+03 3.98737e-01
6.38900e+03 3.94610e-01
6.39000e+03 3.90481e-01
6.39100e+03 3.91751e-01
6.39200e+03 3.93021e-01
6.39300e+03 3.94292e-01
6.39400e+03 3.95561e-01
6.39500e+03 3.96831e-01
6.39600e+03 3.98101e-01
6.39700e+03 3.99372e-01
6.39800e+03 4.00643e-01
6.39900e+03 4.01913e-01
6.40000e+03 4.03186e-01
6.40100e+03 4.01675e-01
6.40200e+03 4.00166e-01
6.40300e+03 3.98656e-01
6.40400e+03 3.97146e-01
6.40500e+03 3.95636e-01
6.40600e+03 3.94125e-01
6.40700e+03 3.92615e-01
6.40800e+03 3.91104e-01
6.40900e+03 3.89591e-01
6.41000e+03 3.88079e-01
6.41100e+03 3.90628e-01
6.41200e+03 3.93179e-01
6.41300e+03 3.95730e-01
6.41400e+03 3.98282e-01
6.41500e+03 4.00835e-01
6.41600e+03 4.03387e-01
6.41700e+03 4.05941e-01
6.41800e+03 4.08496e-01
6.41900e+03 4.11051e-01
6.42000e+03 4.13607e-01
6.42100e+03 4.11834e-01
6.42200e+03 4.10060e-01
6.42300e+03 4.08288e-01
6.42400e+03 4.06514e-01
6.42500e+03 4.04741e-01
6.42600e+03 4.02966e-01
6.42700e+03 4.01193e-01
6.42800e+03 3.99420e-01
6.42900e+03 3.97647e-01
6.43000e+03 3.95873e-01
6.43100e+03 3.99990e-01
6.43200e+03 4.04108e-01
6.43300e+03 4.08226e-01
6.43400e+03 4.12345e-01
6.43500e+03 4.16464e-01
6.43600e+03 4.20583e-01
6.43700e+03 4.24703e-01
6.43800e+03 4.28823e-01
6.43900e+03 4.32943e-01
6.44000e+03 4.37065e-01
6.44100e+03 4.35453e-01
6.44200e+03 4.33840e-01
6.44300e+03 4.32228e-01
6.44400e+03 4.30616e-01
6.44500e+03 4.29002e-01
6.44600e+03 4.27390e-01
6.44700e+03 4.25776e-01
6.44800e+03 4.24162e-01
6.44900e+03 4.22549e-01
6.45000e+03 4.20935e-01
6.45100e+03 4.24823e-01
6.45200e+03 4.28714e-01
6.45300e+03 4.32604e-01
6.45400e+03 4.36493e-01
6.45500e+03 4.40386e-01
6.45600e+03 4.44277e-01
6.45700e+03 4.48170e-01
6.45800e+03 4.52063e-01
6.45900e+03 4.55957e-01
6.46000e+03 4.59851e-01
6.46100e+03 4.56971e-01
6.46200e+03 4.54091e-01
6.46300e+03 4.51211e-01
6.46400e+03 4.48331e-01
6.46500e+03 4.45451e-01
6.46600e+03 4.42572e-01
6.46700e+03 4.39693e-01
6.46800e+03 4.36814e-01
6.46900e+03 4.33936e-01
6.47000e+03 4.31057e-01
6.47100e+03 4.33959e-01
6.47200e+03 4.36863e-01
6.47300e+03 4.39765e-01
6.47400e+03 4.42669e-01
6.47500e+03 4.45574e-01
6.47600e+03 4.48479e-01
6.47700e+03 4.51384e-01
6.47800e+03 4.54290e-01
6.47900e+03 4.57196e-01
6.48000e+03 4.60104e-01
6.48100e+03 4.56668e-01
6.48200e+03 4.53234e-01
6.48300e+03 4.49798e-01
6.48400e+03 4.46362e-01
6.48500e+03 4.42928e-01
6.48600e+03 4.39493e-01
6.48700e+03 4.36059e-01
6.48800e+03 4.32624e-01
6.48900e+03 4.29190e-01
6.49000e+03 4.25755e-01
6.49100e+03 4.27812e-01
6.49200e+03 4.29869e-01
6.49300e+03 4.31924e-01
6.49400e+03 4.33983e-01
6.49500e+03 4.36040e-01
6.49600e+03 4.38097e-01
6.49700e+03 4.40155e-01
6.49800e+03 4.42212e-01
6.49900e+03 4.44271e-01
6.50000e+03 4.46328e-01
6.50100e+03 4.42283e-01
6.50200e+03 4.38236e-01
6.50300e+03 4.34189e-01
6.50400e+03 4.30141e-01
6.50500e+03 4.26092e-01
6.50600e+03 4.22042e-01
6.50700e+03 4.17992e-01
6.50800e+03 4.13941e-01
6.50900e+03 4.09889e-01
6.51000e+03 4.05836e-01
6.51100e+03 4.06966e-01
6.51200e+03 4.08096e-01
6.51300e+03 4.09227e-01
6.51400e+03 4.10357e-01
6.51500e+03 4.11488e-01
6.51600e+03 4.12618e-01
6.51700e+03 4.13749e-01
6.51800e+03 4.14879e-01
6.51900e+03 4.16010e-01
6.52000e+03 4.17141e-01
6.52100e+03 4.14940e-01
6.52200e+03 4.12740e-01
6.52300e+03 4.10540e-01
6.52400e+03 4.08339e-01
6.52500e+03 4.06139e-01
6.52600e+03 4.03940e-01
6.52700e+03 4.01740e-01
6.52800e+03 3.99540e-01
6.52900e+03 3.97341e-01
6.53000e+03 3.95142e-01
6.53100e+03 3.98128e-01
6.53200e+03 4.01115e-01
6.53300e+03 4.04101e-01
6.53400e+03 4.07087e-01
6.53500e+03 4.10073e-01
6.53600e+03 4.13059e-01
6.53700e+03 4.16047e-01
6.53800e+03 4.19033e-01
6.53900e+03 4.22020e-01
6.54000e+03 4.25007e-01
6.54100e+03 4.22430e-01
6.54200e+03 4.19852e-01
6.54300e+03 4.17274e-01
6.54400e+03 4.14694e-01
6.54500e+03 4.12114e-01
6.54600e+03 4.09532e-01
6.54700e+03 4.06950e-01
6.54800e+03 4.04367e-01
6.54900e+03 4.01783e-01
6.55000e+03 3.99196e-01
6.55100e+03 4.02868e-01
6.55200e+03 4.06538e-01
6.55300e+03 4.10209e-01
6.55400e+03 4.13880e-01
6.55500e+03 4.17550e-01
6.55600e+03 4.21219e-01
6.55700e+03 4.24891e-01
6.55800e+03 4.28560e-01
6.55900e+03 4.32230e-01
6.56000e+03 4.35899e-01
6.56100e+03 4.33817e-01
6.56200e+03 4.31733e-01
6.56300e+03 4.29651e-01
6.56400e+03 4.27567e-01
6.56500e+03 4.25483e-01
6.56600e+03 4.23398e-01
6.56700e+03 4.21312e-01
6.56800e+03 4.19227e-01
6.56900e+03 4.17141e-01
6.57000e+03 4.15055e-01
6.57100e+03 4.16536e-01
6.57200e+03 4.18014e-01
6.57300e+03 4.19495e-01
6.57400e+03 4.20975e-01
6.57500e+03 4.22456e-01
6.57600e+03 4.23936e-01
6.57700e+03 4.25416e-01
6.57800e+03 4.26895e-01
6.57900e+03 4.28376e-01
6.58000e+03 4.29855e-01
6.58100e+03 4.28300e-01
6.58200e+03 4.26742e-01
6.58300e+03 4.25185e-01
6.58400e+03 4.23629e-01
6.58500e+03 4.22072e-01
6.58600e+03 4.20514e-01
6.58700e+03 4.18956e-01
6.58800e+03 4.17399e-01
6.58900e+03 4.15841e-01
6.59000e+03 4.14283e-01
6.59100e+03 4.14783e-01
6.59200e+03 4.15282e-01
6.59300e+03 4.15781e-01
6.59400e+03 4.16280e-01
6.59500e+03 4.16780e-01
6.59600e+03 4.17280e-01
6.59700e+03 4.17778e-01
6.59800e+03 4.18279e-01
6.59900e+03 4.18778e-01
6.60000e+03 4.19277e-01
6.60100e+03 4.16805e-01
6.60200e+03 4.14332e-01
6.60300e+03 4.11859e-01
6.60400e+03 4.09385e-01
6.60500e+03 4.06911e-01
6.60600e+03 4.04437e-01
6.60700e+03 4.01962e-01
6.60800e+03 3.99486e-01
6.60900e+03 3.97011e-01
6.61000e+03 3.94536e-01
6.61100e+03 3.96429e-01
6.61200e+03 3.98322e-01
6.61300e+03 4.00216e-01
6.61400e+03 4.02109e-01
6.61500e+03 4.04003e-01
6.61600e+03 4.05897e-01
6.61700e+03 4.07790e-01
6.61800e+03 4.09683e-01
6.61900e+03 4.11577e-01
6.62000e+03 4.13470e-01
6.62100e+03 4.13726e-01
6.62200e+03 4.13981e-01
6.62300e+03 4.14236e-01
6.62400e+03 4.14492e-01
6.62500e+03 4.14748e-01
6.62600e+03 4.15003e-01
6.62700e+03 4.15259e-01
6.62800e+03 4.15514e-01
6.62900e+03 4.15770e-01
6.63000e+03 4.16026e-01
6.63100e+03 4.15832e-01
6.63200e+03 4.15638e-01
6.63300e+03 4.15443e-01
6.63400e+03 4.15248e-01
6.63500e+03 4.15054e-01
6.63600e+03 4.14860e-01
6.63700e+03 4.14665e-01
6.63800e+03 4.14471e-01
6.63900e+03 4.14277e-01
6.64000e+03 4.14082e-01
6.64100e+03 4.17331e-01
6.64200e+03 4.20580e-01
6.64300e+03 4.23828e-01
6.64400e+03 4.27078e-01
6.64500e+03 4.30328e-01
6.64600e+03 4.33577e-01
6.64700e+03 4.36827e-01
6.64800e+03 4.40077e-01
6.64900e+03 4.43327e-01
6.65000e+03 4.46577e-01
6.65100e+03 4.44312e-01
6.65200e+03 4.42045e-01
6.65300e+03 4.39780e-01
6.65400e+03 4.37515e-01
6.65500e+03 4.35250e-01
6.65600e+03 4.32984e-01
6.65700e+03 4.30718e-01
6.65800e+03 4.28454e-01
6.65900e+03 4.26189e-01
6.66000e+03 4.23924e-01
6.66100e+03 4.27623e-01
6.66200e+03 4.31323e-01
6.66300e+03 4.35024e-01
6.66400e+03 4.38726e-01
6.66500e+03 4.42428e-01
6.66600e+03 4.46131e-01
6.66700e+03 4.49835e-01
6.66800e+03 4.53540e-01
6.66900e+03 4.57244e-01
6.67000e+03 4.60951e-01
6.67100e+03 4.58339e-01
6.67200e+03 4.55727e-01
6.67300e+03 4.53116e-01
6.67400e+03 4.50505e-01
6.67500e+03 4.47894e-01
6.67600e+03 4.45285e-01
6.67700e+03 4.42674e-01
6.67800e+03 4.40064e-01
6.67900e+03 4.37455e-01
6.68000e+03 4.34846e-01
6.68100e+03 4.38192e-01
6.68200e+03 4.41539e-01
6.68300e+03 4.44886e-01
6.68400e+03 4.48234e-01
6.68500e+03 4.51583e-01
6.68600e+03 4.54932e-01
6.68700e+03 4.58281e-01
6.68800e+03 4.61631e-01
6.68900e+03 4.64982e-01
6.69000e+03 4.68334e-01
6.69100e+03 4.64264e-01
6.69200e+03 4.60194e-01
6.69300e+03 4.56123e-01
6.69400e+03 4.52052e-01
6.69500e+03 4.47981e-01
6.69600e+03 4.43910e-01
6.69700e+03 4.39840e-01
6.69800e+03 4.35769e-01
6.69900e+03 4.31696e-01
6.70000e+03 4.27624e-01
6.70100e+03 4.29098e-01
6.70200e+03 4.30571e-01
6.70300e+03 4.32044e-01
6.70400e+03 4.33516e-01
6.70500e+03 4.34989e-01
6.70600e+03 4.36463e-01
6.70700e+03 4.37935e-01
6.70800e+03 4.39409e-01
6.70900e+03 4.40881e-01
6.71000e+03 4.42354e-01
6.71100e+03 4.40135e-01
6.71200e+03 4.37914e-01
6.71300e+03 4.35695e-01
6.71400e+03 4.33473e-01
6.71500e+03 4.31253e-01
6.71600e+03 4.29030e-01
6.71700e+03 4.26808e-01
6.71800e+03 4.24585e-01
6.71900e+03 4.22361e-01
6.72000e+03 4.20138e-01
6.72100e+03 4.20440e-01
6.72200e+03 4.20742e-01
6.72300e+03 4.21043e-01
6.72400e+03 4.21344e-01
6.72500e+03 4.21646e-01
6.72600e+03 4.21948e-01
6.72700e+03 4.22250e-01
6.72800e+03 4.22551e-01
6.72900e+03 4.22854e-01
6.73000e+03 4.23156e-01
6.73100e+03 4.21715e-01
6.73200e+03 4.20276e-01
6.73300e+03 4.18836e-01
6.73400e+03 4.17397e-01
6.73500e+03 4.15957e-01
6.73600e+03 4.14517e-01
6.73700e+03 4.13079e-01
6.73800e+03 4.11640e-01
6.73900e+03 4.10201e-01
6.74000e+03 4.08762e-01
6.74100e+03 4.11263e-01
6.74200e+03 4.13763e-01
6.74300e+03 4.16262e-01
6.74400e+03 4.18764e-01
6.74500e+03 4.21264e-01
6.74600e+03 4.23765e-01
6.74700e+03 4.26265e-01
6.74800e+03 4.28766e-01
6.74900e+03 4.31266e-01
6.75000e+03 4.33766e-01
6.75100e+03 4.31387e-01
6.75200e+03 4.29008e-01
6.75300e+03 4.26627e-01
6.75400e+03 4.24247e-01
6.75500e+03 4.21865e-01
6.75600e+03 4.19484e-01
6.75700e+03 4.17101e-01
6.75800e+03 4.14719e-01
6.75900e+03 4.12336e-01
6.76000e+03 4.09952e-01
6.76100e+03 4.09449e-01
6.76200e+03 4.08944e-01
6.76300e+03 4.08440e-01
6.76400e+03 4.07936e-01
6.76500e+03 4.07432e-01
6.76600e+03 4.06928e-01
6.76700e+03 4.06425e-01
6.76800e+03 4.05921e-01
6.76900e+03 4.05417e-01
6.77000e+03 4.04914e-01
6.77100e+03 4.10036e-01
6.77200e+03 4.15161e-01
6.77300e+03 4.20285e-01
6.77400e+03 4.25408e-01
6.77500e+03 4.30534e-01
6.77600e+03 4.35658e-01
6.77700e+03 4.40784e-01
6.77800e+03 4.45909e-01
6.77900e+03 4.51035e-01
6.78000e+03 4.56162e-01
6.78100e+03 4.51575e-01
6.78200e+03 4.46988e-01
6.78300e+03 4.42400e-01
6.78400e+03 4.37812e-01
6.78500e+03 4.33225e-01
6.78600e+03 4.28636e-01
6.78700e+03 4.24049e-01
6.78800e+03 4.19459e-01
6.78900e+03 4.14871e-01
6.79000e+03 4.10281e-01
6.79100e+03 4.13854e-01
6.79200e+03 4.17427e-01
6.79300e+03 4.20999e-01
6.79400e+03 4.24571e-01
6.79500e+03 4.28142e-01
6.79600e+03 4.31714e-01
6.79700e+03 4.35285e-01
6.79800e+03 4.38856e-01
6.79900e+03 4.42427e-01
6.80000e+03 4.45998e-01
6.80100e+03 4.42699e-01
6.80200e+03 4.39401e-01
6.80300e+03 4.36102e-01
6.80400e+03 4.32805e-01
6.80500e+03 4.29507e-01
6.80600e+03 4.26209e-01
6.80700e+03 4.22912e-01
6.80800e+03 4.19615e-01
6.80900e+03 4.16319e-01
6.81000e+03 4.13022e-01
6.81100e+03 4.13566e-01
6.81200e+03 4.14109e-01
6.81300e+03 4.14652e-01
6.81400e+03 4.15195e-01
6.81500e+03 4.15738e-01
6.81600e+03 4.16281e-01
6.81700e+03 4.16824e-01
6.81800e+03 4.17366e-01
6.81900e+03 4.17909e-01
6.82000e+03 4.18453e-01
6.82100e+03 4.16743e-01
6.82200e+03 4.15034e-01
6.82300e+03 4.13325e-01
6.82400e+03 4.11616e-01
6.82500e+03 4.09906e-01
6.82600e+03 4.08197e-01
6.82700e+03 4.06487e-01
6.82800e+03 4.04778e-01
6.82900e+03 4.03069e-01
6.83000e+03 4.01359e-01
6.83100e+03 4.03899e-01
6.83200e+03 4.06439e-01
6.83300e+03 4.08980e-01
6.83400e+03 4.11521e-01
6.83500e+03 4.14061e-01
6.83600e+03 4.16601e-01
6.83700e+03 4.19141e-01
6.83800e+03 4.21682e-01
6.83900e+03 4.24221e-01
6.84000e+03 4.26763e-01
6.84100e+03 4.24379e-01
6.84200e+03 4.21997e-01
6.84300e+03 4.19615e-01
6.84400e+03 4.17233e-01
6.84500e+03 4.14852e-01
6.84600e+03 4.12472e-01
6.84700e+03 4.10091e-01
6.84800e+03 4.07712e-01
6.84900e+03 4.05334e-01
6.85000e+03 4.02954e-01
6.85100e+03 4.05931e-01
6.85200e+03 4.08908e-01
6.85300e+03 4.11885e-01
6.85400e+03 4.14861e-01
6.85500e+03 4.17837e-01
6.85600e+03 4.20813e-01
6.85700e+03 4.23790e-01
6.85800e+03 4.26766e-01
6.85900e+03 4.29742e-01
6.86000e+03 4.32718e-01
6.86100e+03 4.30789e-01
6.86200e+03 4.28859e-01
6.86300e+03 4.26929e-01
6.86400e+03 4.24999e-01
6.86500e+03 4.23069e-01
6.86600e+03 4.21138e-01
6.86700e+03 4.19207e-01
6.86800e+03 4.17276e-01
6.86900e+03 4.15345e-01
6.87000e+03 4.13414e-01
6.87100e+03 4.15506e-01
6.87200e+03 4.17598e-01
6.87300e+03 4.19690e-01
6.87400e+03 4.21783e-01
6.87500e+03 4.23874e-01
6.87600e+03 4.25967e-01
6.87700e+03 4.28058e-01
6.87800e+03 4.30150e-01
6.87900e+03 4.32240e-01
6.88000e+03 4.34331e-01
6.88100e+03 4.31368e-01
6.88200e+03 4.28405e-01
6.88300e+03 4.25441e-01
6.88400e+03 4.22477e-01
6.88500e+03 4.19514e-01
6.88600e+03 4.16551e-01
6.88700e+03 4.13587e-01
6.88800e+03 4.10623e-01
6.88900e+03 4.07659e-01
6.89000e+03 4.04696e-01
6.89100e+03 4.05550e-01
6.89200e+03 4.06404e-01
6.89300e+03 4.07258e-01
6.89400e+03 4.08111e-01
6.89500e+03 4.08964e-01
6.89600e+03 4.09818e-01
6.89700e+03 4.10672e-01
6.89800e+03 4.11524e-01
6.89900e+03 4.12377e-01
6.90000e+03 4.13230e-01
6.90100e+03 4.09421e-01
6.90200e+03 4.05610e-01
6.90300e+03 4.01801e-01
6.90400e+03 3.97991e-01
6.90500e+03 3.94182e-01
6.90600e+03 3.90372e-01
6.90700e+03 3.86564e-01
6.90800e+03 3.82756e-01
6.90900e+03 3.78948e-01
6.91000e+03 3.75140e-01
6.91100e+03 3.76458e-01
6.91200e+03 3.77775e-01
6.91300e+03 3.79093e-01
6.91400e+03 3.80411e-01
6.91500e+03 3.81728e-01
6.91600e+03 3.83047e-01
6.91700e+03 3.84365e-01
6.91800e+03 3.85684e-01
6.91900e+03 3.87002e-01
6.92000e+03 3.88321e-01
6.92100e+03 3.85023e-01
6.92200e+03 3.81724e-01
6.92300e+03 3.78426e-01
6.92400e+03 3.75128e-01
6.92500e+03 3.71829e-01
6.92600e+03 3.68532e-01
6.92700e+03 3.65235e-01
6.92800e+03 3.61937e-01
6.92900e+03 3.58641e-01
6.93000e+03 3.55344e-01
6.93100e+03 3.58355e-01
6.93200e+03 3.61366e-01
6.93300e+03 3.64375e-01
6.93400e+03 3.67384e-01
6.93500e+03 3.70392e-01
6.93600e+03 3.73400e-01
6.93700e+03 3.76406e-01
6.93800e+03 3.79412e-01
6.93900e+03 3.82418e-01
6.94000e+03 3.85423e-01
6.94100e+03 3.83511e-01
6.94200e+03 3.81599e-01
6.94300e+03 3.79687e-01
6.94400e+03 3.77775e-01
6.94500e+03 3.75863e-01
6.94600e+03 3.73950e-01
6.94700e+03 3.72038e-01
6.94800e+03 3.70124e-01
6.94900e+03 3.68211e-01
6.95000e+03 3.66297e-01
6.95100e+03 3.70348e-01
6.95200e+03 3.74396e-01
6.95300e+03 3.78444e-01
6.95400e+03 3.82490e-01
6.95500e+03 3.86535e-01
6.95600e+03 3.90578e-01
6.95700e+03 3.94620e-01
6.95800e+03 3.98662e-01
6.95900e+03 4.02702e-01
6.96000e+03 4.06740e-01
6.96100e+03 4.07176e-01
6.96200e+03 4.07613e-01
6.96300e+03 4.08049e-01
6.96400e+03 4.08485e-01
6.96500e+03 4.08921e-01
6.96600e+03 4.09357e-01
6.96700e+03 4.09792e-01
6.96800e+03 4.10227e-01
6.96900e+03 4.10663e-01
6.97000e+03 4.11097e-01
6.97100e+03 4.13090e-01
6.97200e+03 4.15082e-01
6.97300e+03 4.17074e-01
6.97400e+03 4.19065e-01
6.97500e+03 4.21056e-01
6.97600e+03 4.23048e-01
6.97700e+03 4.25038e-01
6.97800e+03 4.27029e-01
6.97900e+03 4.29019e-01
6.98000e+03 4.31008e-01
6.98100e+03 4.28879e-01
6.98200e+03 4.26748e-01
6.98300e+03 4.24618e-01
6.98400e+03 4.22487e-01
6.98500e+03 4.20355e-01
6.98600e+03 4.18223e-01
6.98700e+03 4.16091e-01
6.98800e+03 4.13959e-01
6.98900e+03 4.11826e-01
6.99000e+03 4.09693e-01
6.99100e+03 4.11436e-01
6.99200e+03 4.13178e-01
6.99300e+03 4.14920e-01
6.99400e+03 4.16662e-01
6.99500e+03 4.18404e-01
6.99600e+03 4.20145e-01
6.99700e+03 4.21886e-01
6.99800e+03 4.23628e-01
6.99900e+03 4.25369e-01
7.00000e+03 4.27110e-01
7.00100e+03 4.25426e-01
7.00200e+03 4.23742e-01
7.00300e+03 4.22058e-01
7.00400e+03 4.20376e-01
7.00500e+03 4.18693e-01
7.00600e+03 4.17010e-01
7.00700e+03 4.15328e-01
7.00800e+03 4.13647e-01
7.00900e+03 4.11965e-01
7.01000e+03 4.10284e-01
7.01100e+03 4.11163e-01
7.01200e+03 4.12043e-01
7.01300e+03 4.12921e-01
7.01400e+03 4.13799e-01
7.01500e+03 4.14676e-01
7.01600e+03 4.15554e-01
7.01700e+03 4.16430e-01
7.01800e+03 4.17307e-01
7.01900e+03 4.18184e-01
7.02000e+03 4.19060e-01
7.02100e+03 4.16531e-01
7.02200e+03 4.14002e-01
7.02300e+03 4.11473e-01
7.02400e+03 4.08945e-01
7.02500e+03 4.06417e-01
7.02600e+03 4.03888e-01
7.02700e+03 4.01359e-01
7.02800e+03 3.98832e-01
7.02900e+03 3.96304e-01
7.03000e+03 3.93777e-01
7.03100e+03 3.96489e-01
7.03200e+03 3.99201e-01
7.03300e+03 4.01912e-01
7.03400e+03 4.04623e-01
7.03500e+03 4.07334e-01
7.03600e+03 4.10045e-01
7.03700e+03 4.12753e-01
7.03800e+03 4.15463e-01
7.03900e+03 4.18172e-01
7.04000e+03 4.20881e-01
7.04100e+03 4.18520e-01
7.04200e+03 4.16161e-01
7.04300e+03 4.13802e-01
7.04400e+03 4.11442e-01
7.04500e+03 4.09084e-01
7.04600e+03 4.06726e-01
7.04700e+03 4.04369e-01
7.04800e+03 4.02011e-01
7.04900e+03 3.99655e-01
7.05000e+03 3.97299e-01
7.05100e+03 4.00216e-01
7.05200e+03 4.03133e-01
7.05300e+03 4.06049e-01
7.05400e+03 4.08965e-01
7.05500e+03 4.11880e-01
7.05600e+03 4.14794e-01
7.05700e+03 4.17708e-01
7.05800e+03 4.20621e-01
7.05900e+03 4.23533e-01
7.06000e+03 4.26445e-01
7.06100e+03 4.23799e-01
7.06200e+03 4.21152e-01
7.06300e+03 4.18507e-01
7.06400e+03 4.15862e-01
7.06500e+03 4.13220e-01
7.06600e+03 4.10577e-01
7.06700e+03 4.07935e-01
7.06800e+03 4.05294e-01
7.06900e+03 4.02654e-01
7.07000e+03 4.00015e-01
7.07100e+03 3.94370e-01
7.07200e+03 3.88727e-01
7.07300e+03 3.83084e-01
7.07400e+03 3.77442e-01
7.07500e+03 3.71800e-01
7.07600e+03 3.66160e-01
7.07700e+03 3.60519e-01
7.07800e+03 3.54880e-01
7.07900e+03 3.49240e-01
7.08000e+03 3.43602e-01
7.08100e+03 3.29820e-01
7.08200e+03 3.16040e-01
7.08300e+03 3.02262e-01
7.08400e+03 2.88484e-01
7.08500e+03 2.74709e-01
7.08600e+03 2.60936e-01
7.08700e+03 2.47165e-01
7.08800e+03 2.33395e-01
7.08900e+03 2.19628e-01
7.09000e+03 2.05862e-01
7.09100e+03 1.97198e-01
7.09200e+03 1.88538e-01
7.09300e+03 1.79881e-01
7.09400e+03 1.71227e-01
7.09500e+03 1.62577e-01
7.09600e+03 1.53930e-01
7.09700e+03 1.45286e-01
7.09800e+03 1.36645e-01
7.09900e+03 1.28007e-01
7.10000e+03 1.19373e-01
7.10100e+03 1.14317e-01
7.10200e+03 1.09262e-01
7.10300e+03 1.04210e-01
7.10400e+03 9.91581e-02
7.10500e+03 9.41079e-02
7.10600e+03 8.90595e-02
7.10700e+03 8.40123e-02
7.10800e+03 7.89668e-02
7.10900e+03 7.39228e-02
7.11000e+03 6.88801e-02
7.11100e+03 6.66861e-02
7.11200e+03 6.44924e-02
7.11300e+03 6.22989e-02
7.11400e+03 6.01058e-02
7.11500e+03 5.79131e-02
7.11600e+03 5.57207e-02
7.11700e+03 5.35287e-02
7.11800e+03 5.13369e-02
7.11900e+03 4.91455e-02
7.12000e+03 4.69544e-02
7.12100e+03 4.56068e-02
7.12200e+03 4.42593e-02
7.12300e+03 4.29119e-02
7.12400e+03 4.15646e-02
7.12500e+03 4.02174e-02
7.12600e+03 3.88703e-02
7.12700e+03 3.75232e-02
7.12800e+03 3.61763e-02
7.12900e+03 3.48295e-02
7.13000e+03 3.34827e-02
7.13100e+03 3.28751e-02
7.13200e+03 3.22676e-02
7.13300e+03 3.16601e-02
7.13400e+03 3.10528e-02
7.13500e+03 3.04457e-02
7.13600e+03 2.98386e-02
7.13700e+03 2.92318e-02
7.13800e+03 2.86251e-02
7.13900e+03 2.80184e-02
7.14000e+03 2.74119e-02
7.14100e+03 2.67762e-02
7.14200e+03 2.61406e-02
7.14300e+03 2.55051e-02
7.14400e+03 2.48699e-02
7.14500e+03 2.42347e-02
7.14600e+03 2.35998e-02
7.14700e+03 2.29650e-02
7.14800e+03 2.23303e-02
7.14900e+03 2.16959e-02
7.15000e+03 2.10615e-02
7.15100e+03 2.04368e-02
7.15200e+03 1.98122e-02
7.15300e+03 1.91878e-02
7.15400e+03 1.85637e-02
7.15500e+03 1.79398e-02
7.15600e+03 1.73160e-02
7.15700e+03 1.66926e-02
7.15800e+03 1.60693e-02
7.15900e+03 1.54462e-02
7.16000e+03 1.48234e-02
7.16100e+03 1.42132e-02
7.16200e+03 1.36031e-02
7.16300e+03 1.29930e-02
7.16400e+03 1.23829e-02
7.16500e+03 1.17729e-02
7.16600e+03 1.11629e-02
7.16700e+03 1.05529e-02
7.16800e+03 9.94295e-03
7.16900e+03 9.33307e-03
7.17000e+03 8.72323e-03
7.17100e+03 8.28873e-03
7.17200e+03 7.85428e-03
7.17300e+03 7.41997e-03
7.17400e+03 6.98576e-03
7.17500e+03 6.55163e-03
7.17600e+03 6.11759e-03
7.17700e+03 5.68367e-03
7.17800e+03 5.24984e-03
7.17900e+03 4.81610e-03
7.18000e+03 4.38246e-03
7.18100e+03 4.18987e-03
7.18200e+03 3.99733e-03
7.18300e+03 3.80482e-03
7.18400e+03 3.61234e-03
7.18500e+03 3.41991e-03
7.18600e+03 3.22752e-03
7.18700e+03 3.03516e-03
7.18800e+03 2.84283e-03
7.18900e+03 2.65055e-03
7.19000e+03 2.45831e-03
7.19100e+03 2.38310e-03
7.19200e+03 2.30792e-03
7.19300e+03 2.23274e-03
7.19400e+03 2.15759e-03
7.19500e+03 2.08245e-03
7.19600e+03 2.00734e-03
7.19700e+03 1.93224e-03
7.19800e+03 1.85716e-03
7.19900e+03 1.78210e-03
7.20000e+03 1.70705e-03
7.20100e+03 1.63199e-03
7.20200e+03 1.55694e-03
7.20300e+03 1.48192e-03
7.20400e+03 1.40691e-03
7.20500e+03 1.33193e-03
7.20600e+03 1.25697e-03
7.20700e+03 1.18204e-03
7.20800e+03 1.10713e-03
7.20900e+03 1.03223e-03
7.21000e+03 9.57360e-04
7.21100e+03 9.38922e-04
7.21200e+03 9.20491e-04
7.21300e+03 9.02069e-04
7.21400e+03 8.83653e-04
7.21500e+03 8.65246e-04
7.21600e+03 8.46847e-04
7.21700e+03 8.28454e-04
7.21800e+03 8.10070e-04
7.21900e+03 7.91695e-04
7.22000e+03 7.73326e-04
7.22100e+03 7.54966e-04
7.22200e+03 7.36613e-04
7.22300e+03 7.18267e-04
7.22400e+03 6.99930e-04
7.22500e+03 6.81600e-04
7.22600e+03 6.63279e-04
7.22700e+03 6.44965e-04
7.22800e+03 6.26659e-04
7.22900e+03 6.08361e-04
7.23000e+03 5.90072e-04
7.23100e+03 5.71834e-04
7.23200e+03 5.53603e-04
7.23300e+03 5.35376e-04
7.23400e+03 5.17154e-04
7.23500e+03 4.98937e-04
7.23600e+03 4.80726e-04
7.23700e+03 4.62519e-04
7.23800e+03 4.44317e-04
7.23900e+03 4.26121e-04
7.24000e+03 4.07930e-04
7.24100e+03 3.89740e-04
7.24200e+03 3.71557e-04
7.24300e+03 3.53378e-04
7.24400e+03 3.35205e-04
7.24500e+03 3.17037e-04
7.24600e+03 2.98875e-04
7.24700e+03 2.80718e-04
7.24800e+03 2.62566e-04
7.24900e+03 2.44418e-04
7.25000e+03 2.26276e-04
7.25100e+03 2.22288e-04
7.25200e+03 2.18301e-04
7.25300e+03 2.14316e-04
7.25400e+03 2.10333e-04
7.25500e+03 2.06351e-04
7.25600e+03 2.02371e-04
7.25700e+03 1.98392e-04
7.25800e+03 1.94416e-04
7.25900e+03 1.90441e-04
7.26000e+03 1.86468e-04
7.26100e+03 1.82509e-04
7.26200e+03 1.78552e-04
7.26300e+03 1.74596e-04
7.26400e+03 1.70641e-04
7.26500e+03 1.66687e-04
7.26600e+03 1.62735e-04
7.26700e+03 1.58783e-04
7.26800e+03 1.54832e-04
7.26900e+03 1.50883e-04
7.27000e+03 1.46934e-04
7.27100e+03 1.42979e-04
7.27200e+03 1.39025e-04
7.27300e+03 1.35073e-04
7.27400e+03 1.31122e-04
7.27500e+03 1.27173e-04
7.27600e+03 1.23225e-04
7.27700e+03 1.19279e-04
7.27800e+03 1.15334e-04
7.27900e+03 1.11391e-04
7.28000e+03 1.07450e-04
7.28100e+03 1.03509e-04
7.28200e+03 9.95689e-05
7.28300e+03 9.56309e-05
