# Filter name : HST/ACS_WFC.F775W
# Description : F775W filter for HST ACS_WFC
# Photometric system : ACS-WFC
# FilterType : photon
# Band name : ------
# Observatory : HST
# Instrument : ACS
# Comments : Response calculated using the stsynphot python package by STScI. In particular, function stsynphot.band("acs,wfc1,f775w"). Please, take a look to stsynphot documentation and HST instrument documentation
# 
6.50600e+03 8.58545e-05
6.50700e+03 9.95966e-05
6.50800e+03 1.13341e-04
6.50900e+03 1.27088e-04
6.51000e+03 1.40838e-04
6.51100e+03 1.54580e-04
6.51200e+03 1.68323e-04
6.51300e+03 1.82066e-04
6.51400e+03 1.95810e-04
6.51500e+03 2.09555e-04
6.51600e+03 2.23300e-04
6.51700e+03 2.37046e-04
6.51800e+03 2.50793e-04
6.51900e+03 2.64541e-04
6.52000e+03 2.78289e-04
6.52100e+03 2.92019e-04
6.52200e+03 3.05747e-04
6.52300e+03 3.19474e-04
6.52400e+03 3.33200e-04
6.52500e+03 3.46925e-04
6.52600e+03 3.60649e-04
6.52700e+03 3.74371e-04
6.52800e+03 3.88093e-04
6.52900e+03 4.01813e-04
6.53000e+03 4.15533e-04
6.53100e+03 4.29273e-04
6.53200e+03 4.43013e-04
6.53300e+03 4.56753e-04
6.53400e+03 4.70494e-04
6.53500e+03 4.84235e-04
6.53600e+03 4.97976e-04
6.53700e+03 5.11718e-04
6.53800e+03 5.25460e-04
6.53900e+03 5.39203e-04
6.54000e+03 5.52944e-04
6.54100e+03 5.66784e-04
6.54200e+03 5.80628e-04
6.54300e+03 5.94477e-04
6.54400e+03 6.08330e-04
6.54500e+03 6.22190e-04
6.54600e+03 6.36053e-04
6.54700e+03 6.49922e-04
6.54800e+03 6.63796e-04
6.54900e+03 6.77675e-04
6.55000e+03 6.91557e-04
6.55100e+03 7.05306e-04
6.55200e+03 7.19051e-04
6.55300e+03 7.32797e-04
6.55400e+03 7.46542e-04
6.55500e+03 7.60287e-04
6.55600e+03 7.74030e-04
6.55700e+03 7.87775e-04
6.55800e+03 8.01516e-04
6.55900e+03 8.15260e-04
6.56000e+03 8.29001e-04
6.56100e+03 8.42847e-04
6.56200e+03 8.56693e-04
6.56300e+03 8.70544e-04
6.56400e+03 8.84397e-04
6.56500e+03 8.98253e-04
6.56600e+03 9.12113e-04
6.56700e+03 9.25973e-04
6.56800e+03 9.39837e-04
6.56900e+03 9.53704e-04
6.57000e+03 9.67575e-04
6.57100e+03 9.81333e-04
6.57200e+03 9.95086e-04
6.57300e+03 1.00884e-03
6.57400e+03 1.02260e-03
6.57500e+03 1.03636e-03
6.57600e+03 1.05011e-03
6.57700e+03 1.06387e-03
6.57800e+03 1.07762e-03
6.57900e+03 1.09137e-03
6.58000e+03 1.10512e-03
6.58100e+03 1.11895e-03
6.58200e+03 1.13278e-03
6.58300e+03 1.14661e-03
6.58400e+03 1.16044e-03
6.58500e+03 1.17427e-03
6.58600e+03 1.18810e-03
6.58700e+03 1.20194e-03
6.58800e+03 1.21577e-03
6.58900e+03 1.22961e-03
6.59000e+03 1.24345e-03
6.59100e+03 1.25726e-03
6.59200e+03 1.27107e-03
6.59300e+03 1.28489e-03
6.59400e+03 1.29870e-03
6.59500e+03 1.31252e-03
6.59600e+03 1.32634e-03
6.59700e+03 1.34015e-03
6.59800e+03 1.35397e-03
6.59900e+03 1.36778e-03
6.60000e+03 1.38160e-03
6.60100e+03 1.39549e-03
6.60200e+03 1.40938e-03
6.60300e+03 1.42327e-03
6.60400e+03 1.43716e-03
6.60500e+03 1.45106e-03
6.60600e+03 1.46496e-03
6.60700e+03 1.47886e-03
6.60800e+03 1.49276e-03
6.60900e+03 1.50667e-03
6.61000e+03 1.52057e-03
6.61100e+03 1.53435e-03
6.61200e+03 1.54814e-03
6.61300e+03 1.56192e-03
6.61400e+03 1.57571e-03
6.61500e+03 1.58949e-03
6.61600e+03 1.60328e-03
6.61700e+03 1.61706e-03
6.61800e+03 1.63084e-03
6.61900e+03 1.64463e-03
6.62000e+03 1.65841e-03
6.62100e+03 1.67222e-03
6.62200e+03 1.68604e-03
6.62300e+03 1.69985e-03
6.62400e+03 1.71367e-03
6.62500e+03 1.72749e-03
6.62600e+03 1.74130e-03
6.62700e+03 1.75512e-03
6.62800e+03 1.76894e-03
6.62900e+03 1.78276e-03
6.63000e+03 1.79657e-03
6.63100e+03 1.81044e-03
6.63200e+03 1.82430e-03
6.63300e+03 1.83817e-03
6.63400e+03 1.85203e-03
6.63500e+03 1.86590e-03
6.63600e+03 1.87977e-03
6.63700e+03 1.89364e-03
6.63800e+03 1.90751e-03
6.63900e+03 1.92138e-03
6.64000e+03 1.93526e-03
6.64100e+03 1.94910e-03
6.64200e+03 1.96294e-03
6.64300e+03 1.97679e-03
6.64400e+03 1.99063e-03
6.64500e+03 2.00448e-03
6.64600e+03 2.01833e-03
6.64700e+03 2.03218e-03
6.64800e+03 2.04603e-03
6.64900e+03 2.05988e-03
6.65000e+03 2.07373e-03
6.65100e+03 2.08747e-03
6.65200e+03 2.10122e-03
6.65300e+03 2.11496e-03
6.65400e+03 2.12870e-03
6.65500e+03 2.14244e-03
6.65600e+03 2.15618e-03
6.65700e+03 2.16992e-03
6.65800e+03 2.18366e-03
6.65900e+03 2.19740e-03
6.66000e+03 2.21114e-03
6.66100e+03 2.22517e-03
6.66200e+03 2.23921e-03
6.66300e+03 2.25324e-03
6.66400e+03 2.26729e-03
6.66500e+03 2.28133e-03
6.66600e+03 2.29538e-03
6.66700e+03 2.30943e-03
6.66800e+03 2.32348e-03
6.66900e+03 2.33753e-03
6.67000e+03 2.35160e-03
6.67100e+03 2.36527e-03
6.67200e+03 2.37895e-03
6.67300e+03 2.39262e-03
6.67400e+03 2.40629e-03
6.67500e+03 2.41997e-03
6.67600e+03 2.43364e-03
6.67700e+03 2.44730e-03
6.67800e+03 2.46097e-03
6.67900e+03 2.47463e-03
6.68000e+03 2.48830e-03
6.68100e+03 2.50233e-03
6.68200e+03 2.51636e-03
6.68300e+03 2.53040e-03
6.68400e+03 2.54444e-03
6.68500e+03 2.55848e-03
6.68600e+03 2.57252e-03
6.68700e+03 2.58656e-03
6.68800e+03 2.60061e-03
6.68900e+03 2.61466e-03
6.69000e+03 2.62871e-03
6.69100e+03 2.64259e-03
6.69200e+03 2.65648e-03
6.69300e+03 2.67036e-03
6.69400e+03 2.68424e-03
6.69500e+03 2.69813e-03
6.69600e+03 2.71202e-03
6.69700e+03 2.72591e-03
6.69800e+03 2.73980e-03
6.69900e+03 2.75368e-03
6.70000e+03 2.76757e-03
6.70100e+03 2.78130e-03
6.70200e+03 2.79502e-03
6.70300e+03 2.80875e-03
6.70400e+03 2.82247e-03
6.70500e+03 2.83619e-03
6.70600e+03 2.84992e-03
6.70700e+03 2.86364e-03
6.70800e+03 2.87737e-03
6.70900e+03 2.89108e-03
6.71000e+03 2.90480e-03
6.71100e+03 2.91896e-03
6.71200e+03 2.93311e-03
6.71300e+03 2.94728e-03
6.71400e+03 2.96144e-03
6.71500e+03 2.97561e-03
6.71600e+03 2.98978e-03
6.71700e+03 3.00395e-03
6.71800e+03 3.01813e-03
6.71900e+03 3.03231e-03
6.72000e+03 3.04650e-03
6.72100e+03 3.06042e-03
6.72200e+03 3.07434e-03
6.72300e+03 3.08826e-03
6.72400e+03 3.10217e-03
6.72500e+03 3.11609e-03
6.72600e+03 3.13002e-03
6.72700e+03 3.14394e-03
6.72800e+03 3.15786e-03
6.72900e+03 3.17179e-03
6.73000e+03 3.18572e-03
6.73100e+03 3.19938e-03
6.73200e+03 3.21305e-03
6.73300e+03 3.22672e-03
6.73400e+03 3.24038e-03
6.73500e+03 3.25404e-03
6.73600e+03 3.26770e-03
6.73700e+03 3.28136e-03
6.73800e+03 3.29502e-03
6.73900e+03 3.30867e-03
6.74000e+03 3.32233e-03
6.74100e+03 3.33615e-03
6.74200e+03 3.34997e-03
6.74300e+03 3.36378e-03
6.74400e+03 3.37762e-03
6.74500e+03 3.39144e-03
6.74600e+03 3.40526e-03
6.74700e+03 3.41908e-03
6.74800e+03 3.43291e-03
6.74900e+03 3.44672e-03
6.75000e+03 3.46055e-03
6.75100e+03 3.47471e-03
6.75200e+03 3.48886e-03
6.75300e+03 3.50302e-03
6.75400e+03 3.51719e-03
6.75500e+03 3.53135e-03
6.75600e+03 3.54552e-03
6.75700e+03 3.55969e-03
6.75800e+03 3.57386e-03
6.75900e+03 3.58804e-03
6.76000e+03 3.60222e-03
6.76100e+03 3.61564e-03
6.76200e+03 3.62904e-03
6.76300e+03 3.64245e-03
6.76400e+03 3.65586e-03
6.76500e+03 3.66926e-03
6.76600e+03 3.68266e-03
6.76700e+03 3.69605e-03
6.76800e+03 3.70944e-03
6.76900e+03 3.72283e-03
6.77000e+03 3.73622e-03
6.77100e+03 3.75018e-03
6.77200e+03 3.76416e-03
6.77300e+03 3.77813e-03
6.77400e+03 3.79209e-03
6.77500e+03 3.80608e-03
6.77600e+03 3.82004e-03
6.77700e+03 3.83403e-03
6.77800e+03 3.84799e-03
6.77900e+03 3.86197e-03
6.78000e+03 3.87595e-03
6.78100e+03 3.88988e-03
6.78200e+03 3.90381e-03
6.78300e+03 3.91774e-03
6.78400e+03 3.93167e-03
6.78500e+03 3.94561e-03
6.78600e+03 3.95953e-03
6.78700e+03 3.97347e-03
6.78800e+03 3.98740e-03
6.78900e+03 4.00133e-03
6.79000e+03 4.01526e-03
6.79100e+03 4.02899e-03
6.79200e+03 4.04271e-03
6.79300e+03 4.05642e-03
6.79400e+03 4.07014e-03
6.79500e+03 4.08386e-03
6.79600e+03 4.09757e-03
6.79700e+03 4.11128e-03
6.79800e+03 4.12500e-03
6.79900e+03 4.13872e-03
6.80000e+03 4.15243e-03
6.80100e+03 4.28455e-03
6.80200e+03 4.41667e-03
6.80300e+03 4.54877e-03
6.80400e+03 4.68087e-03
6.80500e+03 4.81295e-03
6.80600e+03 4.94503e-03
6.80700e+03 5.07710e-03
6.80800e+03 5.20916e-03
6.80900e+03 5.34121e-03
6.81000e+03 5.47325e-03
6.81100e+03 5.64724e-03
6.81200e+03 5.82120e-03
6.81300e+03 5.99514e-03
6.81400e+03 6.16906e-03
6.81500e+03 6.34296e-03
6.81600e+03 6.51683e-03
6.81700e+03 6.69068e-03
6.81800e+03 6.86449e-03
6.81900e+03 7.03830e-03
6.82000e+03 7.21209e-03
6.82100e+03 7.46390e-03
6.82200e+03 7.71574e-03
6.82300e+03 7.96759e-03
6.82400e+03 8.21945e-03
6.82500e+03 8.47130e-03
6.82600e+03 8.72318e-03
6.82700e+03 8.97504e-03
6.82800e+03 9.22694e-03
6.82900e+03 9.47884e-03
6.83000e+03 9.73074e-03
6.83100e+03 1.00260e-02
6.83200e+03 1.03212e-02
6.83300e+03 1.06165e-02
6.83400e+03 1.09118e-02
6.83500e+03 1.12070e-02
6.83600e+03 1.15022e-02
6.83700e+03 1.17975e-02
6.83800e+03 1.20927e-02
6.83900e+03 1.23879e-02
6.84000e+03 1.26832e-02
6.84100e+03 1.30644e-02
6.84200e+03 1.34455e-02
6.84300e+03 1.38265e-02
6.84400e+03 1.42075e-02
6.84500e+03 1.45884e-02
6.84600e+03 1.49692e-02
6.84700e+03 1.53499e-02
6.84800e+03 1.57306e-02
6.84900e+03 1.61112e-02
6.85000e+03 1.64917e-02
6.85100e+03 1.69702e-02
6.85200e+03 1.74487e-02
6.85300e+03 1.79271e-02
6.85400e+03 1.84056e-02
6.85500e+03 1.88840e-02
6.85600e+03 1.93623e-02
6.85700e+03 1.98408e-02
6.85800e+03 2.03191e-02
6.85900e+03 2.07975e-02
6.86000e+03 2.12758e-02
6.86100e+03 2.18522e-02
6.86200e+03 2.24287e-02
6.86300e+03 2.30052e-02
6.86400e+03 2.35818e-02
6.86500e+03 2.41584e-02
6.86600e+03 2.47350e-02
6.86700e+03 2.53117e-02
6.86800e+03 2.58885e-02
6.86900e+03 2.64653e-02
6.87000e+03 2.70422e-02
6.87100e+03 2.78347e-02
6.87200e+03 2.86271e-02
6.87300e+03 2.94195e-02
6.87400e+03 3.02120e-02
6.87500e+03 3.10043e-02
6.87600e+03 3.17966e-02
6.87700e+03 3.25888e-02
6.87800e+03 3.33810e-02
6.87900e+03 3.41731e-02
6.88000e+03 3.49652e-02
6.88100e+03 3.59323e-02
6.88200e+03 3.68994e-02
6.88300e+03 3.78665e-02
6.88400e+03 3.88335e-02
6.88500e+03 3.98006e-02
6.88600e+03 4.07677e-02
6.88700e+03 4.17347e-02
6.88800e+03 4.27017e-02
6.88900e+03 4.36687e-02
6.89000e+03 4.46358e-02
6.89100e+03 4.55373e-02
6.89200e+03 4.64387e-02
6.89300e+03 4.73401e-02
6.89400e+03 4.82412e-02
6.89500e+03 4.91423e-02
6.89600e+03 5.00433e-02
6.89700e+03 5.09442e-02
6.89800e+03 5.18449e-02
6.89900e+03 5.27456e-02
6.90000e+03 5.36461e-02
6.90100e+03 5.49491e-02
6.90200e+03 5.62518e-02
6.90300e+03 5.75545e-02
6.90400e+03 5.88570e-02
6.90500e+03 6.01595e-02
6.90600e+03 6.14618e-02
6.90700e+03 6.27642e-02
6.90800e+03 6.40664e-02
6.90900e+03 6.53685e-02
6.91000e+03 6.66705e-02
6.91100e+03 6.77410e-02
6.91200e+03 6.88114e-02
6.91300e+03 6.98823e-02
6.91400e+03 7.09533e-02
6.91500e+03 7.20244e-02
6.91600e+03 7.30959e-02
6.91700e+03 7.41676e-02
6.91800e+03 7.52396e-02
6.91900e+03 7.63115e-02
6.92000e+03 7.73838e-02
6.92100e+03 7.88306e-02
6.92200e+03 8.02772e-02
6.92300e+03 8.17236e-02
6.92400e+03 8.31698e-02
6.92500e+03 8.46158e-02
6.92600e+03 8.60617e-02
6.92700e+03 8.75074e-02
6.92800e+03 8.89527e-02
6.92900e+03 9.03982e-02
6.93000e+03 9.18432e-02
6.93100e+03 9.34296e-02
6.93200e+03 9.50158e-02
6.93300e+03 9.66015e-02
6.93400e+03 9.81869e-02
6.93500e+03 9.97720e-02
6.93600e+03 1.01357e-01
6.93700e+03 1.02941e-01
6.93800e+03 1.04525e-01
6.93900e+03 1.06109e-01
6.94000e+03 1.07693e-01
6.94100e+03 1.09289e-01
6.94200e+03 1.10885e-01
6.94300e+03 1.12481e-01
6.94400e+03 1.14078e-01
6.94500e+03 1.15674e-01
6.94600e+03 1.17271e-01
6.94700e+03 1.18867e-01
6.94800e+03 1.20464e-01
6.94900e+03 1.22060e-01
6.95000e+03 1.23657e-01
6.95100e+03 1.25523e-01
6.95200e+03 1.27387e-01
6.95300e+03 1.29252e-01
6.95400e+03 1.31116e-01
6.95500e+03 1.32979e-01
6.95600e+03 1.34841e-01
6.95700e+03 1.36704e-01
6.95800e+03 1.38565e-01
6.95900e+03 1.40426e-01
6.96000e+03 1.42286e-01
6.96100e+03 1.44391e-01
6.96200e+03 1.46494e-01
6.96300e+03 1.48598e-01
6.96400e+03 1.50701e-01
6.96500e+03 1.52803e-01
6.96600e+03 1.54904e-01
6.96700e+03 1.57005e-01
6.96800e+03 1.59106e-01
6.96900e+03 1.61206e-01
6.97000e+03 1.63305e-01
6.97100e+03 1.64791e-01
6.97200e+03 1.66277e-01
6.97300e+03 1.67763e-01
6.97400e+03 1.69248e-01
6.97500e+03 1.70734e-01
6.97600e+03 1.72219e-01
6.97700e+03 1.73704e-01
6.97800e+03 1.75189e-01
6.97900e+03 1.76673e-01
6.98000e+03 1.78158e-01
6.98100e+03 1.79950e-01
6.98200e+03 1.81742e-01
6.98300e+03 1.83535e-01
6.98400e+03 1.85327e-01
6.98500e+03 1.87120e-01
6.98600e+03 1.88913e-01
6.98700e+03 1.90705e-01
6.98800e+03 1.92499e-01
6.98900e+03 1.94292e-01
6.99000e+03 1.96085e-01
6.99100e+03 1.98104e-01
6.99200e+03 2.00123e-01
6.99300e+03 2.02140e-01
6.99400e+03 2.04159e-01
6.99500e+03 2.06177e-01
6.99600e+03 2.08194e-01
6.99700e+03 2.10212e-01
6.99800e+03 2.12230e-01
6.99900e+03 2.14247e-01
7.00000e+03 2.16264e-01
7.00100e+03 2.18353e-01
7.00200e+03 2.20440e-01
7.00300e+03 2.22528e-01
7.00400e+03 2.24615e-01
7.00500e+03 2.26700e-01
7.00600e+03 2.28786e-01
7.00700e+03 2.30870e-01
7.00800e+03 2.32954e-01
7.00900e+03 2.35038e-01
7.01000e+03 2.37120e-01
7.01100e+03 2.38733e-01
7.01200e+03 2.40346e-01
7.01300e+03 2.41958e-01
7.01400e+03 2.43569e-01
7.01500e+03 2.45180e-01
7.01600e+03 2.46791e-01
7.01700e+03 2.48401e-01
7.01800e+03 2.50011e-01
7.01900e+03 2.51621e-01
7.02000e+03 2.53230e-01
7.02100e+03 2.54707e-01
7.02200e+03 2.56183e-01
7.02300e+03 2.57659e-01
7.02400e+03 2.59135e-01
7.02500e+03 2.60611e-01
7.02600e+03 2.62087e-01
7.02700e+03 2.63561e-01
7.02800e+03 2.65037e-01
7.02900e+03 2.66512e-01
7.03000e+03 2.67986e-01
7.03100e+03 2.69748e-01
7.03200e+03 2.71510e-01
7.03300e+03 2.73272e-01
7.03400e+03 2.75033e-01
7.03500e+03 2.76794e-01
7.03600e+03 2.78555e-01
7.03700e+03 2.80315e-01
7.03800e+03 2.82075e-01
7.03900e+03 2.83835e-01
7.04000e+03 2.85594e-01
7.04100e+03 2.86711e-01
7.04200e+03 2.87827e-01
7.04300e+03 2.88943e-01
7.04400e+03 2.90058e-01
7.04500e+03 2.91173e-01
7.04600e+03 2.92288e-01
7.04700e+03 2.93402e-01
7.04800e+03 2.94516e-01
7.04900e+03 2.95630e-01
7.05000e+03 2.96743e-01
7.05100e+03 2.98009e-01
7.05200e+03 2.99274e-01
7.05300e+03 3.00539e-01
7.05400e+03 3.01804e-01
7.05500e+03 3.03068e-01
7.05600e+03 3.04332e-01
7.05700e+03 3.05597e-01
7.05800e+03 3.06860e-01
7.05900e+03 3.08123e-01
7.06000e+03 3.09386e-01
7.06100e+03 3.10815e-01
7.06200e+03 3.12243e-01
7.06300e+03 3.13671e-01
7.06400e+03 3.15098e-01
7.06500e+03 3.16525e-01
7.06600e+03 3.17950e-01
7.06700e+03 3.19376e-01
7.06800e+03 3.20801e-01
7.06900e+03 3.22225e-01
7.07000e+03 3.23648e-01
7.07100e+03 3.24632e-01
7.07200e+03 3.25615e-01
7.07300e+03 3.26599e-01
7.07400e+03 3.27581e-01
7.07500e+03 3.28564e-01
7.07600e+03 3.29547e-01
7.07700e+03 3.30529e-01
7.07800e+03 3.31512e-01
7.07900e+03 3.32493e-01
7.08000e+03 3.33476e-01
7.08100e+03 3.34695e-01
7.08200e+03 3.35915e-01
7.08300e+03 3.37135e-01
7.08400e+03 3.38354e-01
7.08500e+03 3.39573e-01
7.08600e+03 3.40792e-01
7.08700e+03 3.42011e-01
7.08800e+03 3.43228e-01
7.08900e+03 3.44447e-01
7.09000e+03 3.45665e-01
7.09100e+03 3.46268e-01
7.09200e+03 3.46870e-01
7.09300e+03 3.47473e-01
7.09400e+03 3.48075e-01
7.09500e+03 3.48677e-01
7.09600e+03 3.49278e-01
7.09700e+03 3.49879e-01
7.09800e+03 3.50480e-01
7.09900e+03 3.51080e-01
7.10000e+03 3.51680e-01
7.10100e+03 3.52724e-01
7.10200e+03 3.53767e-01
7.10300e+03 3.54810e-01
7.10400e+03 3.55852e-01
7.10500e+03 3.56894e-01
7.10600e+03 3.57936e-01
7.10700e+03 3.58976e-01
7.10800e+03 3.60017e-01
7.10900e+03 3.61058e-01
7.11000e+03 3.62097e-01
7.11100e+03 3.63353e-01
7.11200e+03 3.64610e-01
7.11300e+03 3.65865e-01
7.11400e+03 3.67121e-01
7.11500e+03 3.68376e-01
7.11600e+03 3.69631e-01
7.11700e+03 3.70887e-01
7.11800e+03 3.72141e-01
7.11900e+03 3.73395e-01
7.12000e+03 3.74649e-01
7.12100e+03 3.74445e-01
7.12200e+03 3.74240e-01
7.12300e+03 3.74035e-01
7.12400e+03 3.73832e-01
7.12500e+03 3.73627e-01
7.12600e+03 3.73422e-01
7.12700e+03 3.73217e-01
7.12800e+03 3.73013e-01
7.12900e+03 3.72808e-01
7.13000e+03 3.72603e-01
7.13100e+03 3.73652e-01
7.13200e+03 3.74702e-01
7.13300e+03 3.75750e-01
7.13400e+03 3.76799e-01
7.13500e+03 3.77847e-01
7.13600e+03 3.78894e-01
7.13700e+03 3.79942e-01
7.13800e+03 3.80989e-01
7.13900e+03 3.82036e-01
7.14000e+03 3.83082e-01
7.14100e+03 3.83650e-01
7.14200e+03 3.84218e-01
7.14300e+03 3.84785e-01
7.14400e+03 3.85354e-01
7.14500e+03 3.85920e-01
7.14600e+03 3.86487e-01
7.14700e+03 3.87053e-01
7.14800e+03 3.87620e-01
7.14900e+03 3.88187e-01
7.15000e+03 3.88752e-01
7.15100e+03 3.89632e-01
7.15200e+03 3.90511e-01
7.15300e+03 3.91389e-01
7.15400e+03 3.92267e-01
7.15500e+03 3.93145e-01
7.15600e+03 3.94021e-01
7.15700e+03 3.94899e-01
7.15800e+03 3.95775e-01
7.15900e+03 3.96650e-01
7.16000e+03 3.97527e-01
7.16100e+03 3.97372e-01
7.16200e+03 3.97218e-01
7.16300e+03 3.97063e-01
7.16400e+03 3.96909e-01
7.16500e+03 3.96754e-01
7.16600e+03 3.96600e-01
7.16700e+03 3.96445e-01
7.16800e+03 3.96289e-01
7.16900e+03 3.96135e-01
7.17000e+03 3.95980e-01
7.17100e+03 3.96410e-01
7.17200e+03 3.96837e-01
7.17300e+03 3.97265e-01
7.17400e+03 3.97694e-01
7.17500e+03 3.98121e-01
7.17600e+03 3.98549e-01
7.17700e+03 3.98977e-01
7.17800e+03 3.99404e-01
7.17900e+03 3.99831e-01
7.18000e+03 4.00258e-01
7.18100e+03 4.00597e-01
7.18200e+03 4.00935e-01
7.18300e+03 4.01273e-01
7.18400e+03 4.01611e-01
7.18500e+03 4.01949e-01
7.18600e+03 4.02288e-01
7.18700e+03 4.02626e-01
7.18800e+03 4.02964e-01
7.18900e+03 4.03302e-01
7.19000e+03 4.03640e-01
7.19100e+03 4.04158e-01
7.19200e+03 4.04675e-01
7.19300e+03 4.05192e-01
7.19400e+03 4.05710e-01
7.19500e+03 4.06227e-01
7.19600e+03 4.06745e-01
7.19700e+03 4.07261e-01
7.19800e+03 4.07779e-01
7.19900e+03 4.08295e-01
7.20000e+03 4.08812e-01
7.20100e+03 4.09460e-01
7.20200e+03 4.10107e-01
7.20300e+03 4.10755e-01
7.20400e+03 4.11401e-01
7.20500e+03 4.12048e-01
7.20600e+03 4.12695e-01
7.20700e+03 4.13341e-01
7.20800e+03 4.13988e-01
7.20900e+03 4.14634e-01
7.21000e+03 4.15279e-01
7.21100e+03 4.15379e-01
7.21200e+03 4.15478e-01
7.21300e+03 4.15577e-01
7.21400e+03 4.15675e-01
7.21500e+03 4.15774e-01
7.21600e+03 4.15872e-01
7.21700e+03 4.15970e-01
7.21800e+03 4.16068e-01
7.21900e+03 4.16167e-01
7.22000e+03 4.16265e-01
7.22100e+03 4.16645e-01
7.22200e+03 4.17024e-01
7.22300e+03 4.17403e-01
7.22400e+03 4.17782e-01
7.22500e+03 4.18160e-01
7.22600e+03 4.18539e-01
7.22700e+03 4.18917e-01
7.22800e+03 4.19295e-01
7.22900e+03 4.19673e-01
7.23000e+03 4.20051e-01
7.23100e+03 4.19898e-01
7.23200e+03 4.19747e-01
7.23300e+03 4.19596e-01
7.23400e+03 4.19443e-01
7.23500e+03 4.19291e-01
7.23600e+03 4.19141e-01
7.23700e+03 4.18989e-01
7.23800e+03 4.18837e-01
7.23900e+03 4.18686e-01
7.24000e+03 4.18535e-01
7.24100e+03 4.18942e-01
7.24200e+03 4.19350e-01
7.24300e+03 4.19758e-01
7.24400e+03 4.20165e-01
7.24500e+03 4.20572e-01
7.24600e+03 4.20980e-01
7.24700e+03 4.21388e-01
7.24800e+03 4.21795e-01
7.24900e+03 4.22202e-01
7.25000e+03 4.22609e-01
7.25100e+03 4.22145e-01
7.25200e+03 4.21681e-01
7.25300e+03 4.21218e-01
7.25400e+03 4.20756e-01
7.25500e+03 4.20292e-01
7.25600e+03 4.19830e-01
7.25700e+03 4.19367e-01
7.25800e+03 4.18905e-01
7.25900e+03 4.18443e-01
7.26000e+03 4.17981e-01
7.26100e+03 4.18436e-01
7.26200e+03 4.18891e-01
7.26300e+03 4.19346e-01
7.26400e+03 4.19801e-01
7.26500e+03 4.20255e-01
7.26600e+03 4.20711e-01
7.26700e+03 4.21164e-01
7.26800e+03 4.21619e-01
7.26900e+03 4.22074e-01
7.27000e+03 4.22527e-01
7.27100e+03 4.22491e-01
7.27200e+03 4.22455e-01
7.27300e+03 4.22420e-01
7.27400e+03 4.22384e-01
7.27500e+03 4.22348e-01
7.27600e+03 4.22312e-01
7.27700e+03 4.22276e-01
7.27800e+03 4.22240e-01
7.27900e+03 4.22205e-01
7.28000e+03 4.22169e-01
7.28100e+03 4.21478e-01
7.28200e+03 4.20785e-01
7.28300e+03 4.20095e-01
7.28400e+03 4.19404e-01
7.28500e+03 4.18713e-01
7.28600e+03 4.18024e-01
7.28700e+03 4.17333e-01
7.28800e+03 4.16644e-01
7.28900e+03 4.15954e-01
7.29000e+03 4.15265e-01
7.29100e+03 4.15508e-01
7.29200e+03 4.15751e-01
7.29300e+03 4.15994e-01
7.29400e+03 4.16237e-01
7.29500e+03 4.16479e-01
7.29600e+03 4.16721e-01
7.29700e+03 4.16963e-01
7.29800e+03 4.17205e-01
7.29900e+03 4.17447e-01
7.30000e+03 4.17690e-01
7.30100e+03 4.18315e-01
7.30200e+03 4.18939e-01
7.30300e+03 4.19563e-01
7.30400e+03 4.20188e-01
7.30500e+03 4.20812e-01
7.30600e+03 4.21435e-01
7.30700e+03 4.22059e-01
7.30800e+03 4.22682e-01
7.30900e+03 4.23305e-01
7.31000e+03 4.23928e-01
7.31100e+03 4.24277e-01
7.31200e+03 4.24626e-01
7.31300e+03 4.24974e-01
7.31400e+03 4.25322e-01
7.31500e+03 4.25671e-01
7.31600e+03 4.26019e-01
7.31700e+03 4.26367e-01
7.31800e+03 4.26716e-01
7.31900e+03 4.27063e-01
7.32000e+03 4.27410e-01
7.32100e+03 4.27133e-01
7.32200e+03 4.26854e-01
7.32300e+03 4.26576e-01
7.32400e+03 4.26298e-01
7.32500e+03 4.26020e-01
7.32600e+03 4.25742e-01
7.32700e+03 4.25464e-01
7.32800e+03 4.25185e-01
7.32900e+03 4.24908e-01
7.33000e+03 4.24630e-01
7.33100e+03 4.24046e-01
7.33200e+03 4.23463e-01
7.33300e+03 4.22879e-01
7.33400e+03 4.22295e-01
7.33500e+03 4.21713e-01
7.33600e+03 4.21130e-01
7.33700e+03 4.20548e-01
7.33800e+03 4.19965e-01
7.33900e+03 4.19383e-01
7.34000e+03 4.18801e-01
7.34100e+03 4.19451e-01
7.34200e+03 4.20103e-01
7.34300e+03 4.20752e-01
7.34400e+03 4.21403e-01
7.34500e+03 4.22052e-01
7.34600e+03 4.22702e-01
7.34700e+03 4.23351e-01
7.34800e+03 4.24000e-01
7.34900e+03 4.24648e-01
7.35000e+03 4.25297e-01
7.35100e+03 4.25280e-01
7.35200e+03 4.25263e-01
7.35300e+03 4.25246e-01
7.35400e+03 4.25230e-01
7.35500e+03 4.25212e-01
7.35600e+03 4.25196e-01
7.35700e+03 4.25179e-01
7.35800e+03 4.25162e-01
7.35900e+03 4.25145e-01
7.36000e+03 4.25127e-01
7.36100e+03 4.24792e-01
7.36200e+03 4.24455e-01
7.36300e+03 4.24120e-01
7.36400e+03 4.23785e-01
7.36500e+03 4.23448e-01
7.36600e+03 4.23114e-01
7.36700e+03 4.22778e-01
7.36800e+03 4.22443e-01
7.36900e+03 4.22107e-01
7.37000e+03 4.21772e-01
7.37100e+03 4.22411e-01
7.37200e+03 4.23051e-01
7.37300e+03 4.23691e-01
7.37400e+03 4.24329e-01
7.37500e+03 4.24968e-01
7.37600e+03 4.25607e-01
7.37700e+03 4.26245e-01
7.37800e+03 4.26884e-01
7.37900e+03 4.27522e-01
7.38000e+03 4.28160e-01
7.38100e+03 4.27633e-01
7.38200e+03 4.27105e-01
7.38300e+03 4.26577e-01
7.38400e+03 4.26050e-01
7.38500e+03 4.25524e-01
7.38600e+03 4.24997e-01
7.38700e+03 4.24471e-01
7.38800e+03 4.23944e-01
7.38900e+03 4.23418e-01
7.39000e+03 4.22893e-01
7.39100e+03 4.22975e-01
7.39200e+03 4.23056e-01
7.39300e+03 4.23138e-01
7.39400e+03 4.23219e-01
7.39500e+03 4.23301e-01
7.39600e+03 4.23383e-01
7.39700e+03 4.23464e-01
7.39800e+03 4.23546e-01
7.39900e+03 4.23626e-01
7.40000e+03 4.23708e-01
7.40100e+03 4.23817e-01
7.40200e+03 4.23925e-01
7.40300e+03 4.24034e-01
7.40400e+03 4.24142e-01
7.40500e+03 4.24250e-01
7.40600e+03 4.24358e-01
7.40700e+03 4.24466e-01
7.40800e+03 4.24573e-01
7.40900e+03 4.24681e-01
7.41000e+03 4.24788e-01
7.41100e+03 4.24249e-01
7.41200e+03 4.23710e-01
7.41300e+03 4.23171e-01
7.41400e+03 4.22632e-01
7.41500e+03 4.22093e-01
7.41600e+03 4.21555e-01
7.41700e+03 4.21016e-01
7.41800e+03 4.20477e-01
7.41900e+03 4.19939e-01
7.42000e+03 4.19401e-01
7.42100e+03 4.19100e-01
7.42200e+03 4.18799e-01
7.42300e+03 4.18499e-01
7.42400e+03 4.18198e-01
7.42500e+03 4.17897e-01
7.42600e+03 4.17598e-01
7.42700e+03 4.17297e-01
7.42800e+03 4.16997e-01
7.42900e+03 4.16698e-01
7.43000e+03 4.16398e-01
7.43100e+03 4.16438e-01
7.43200e+03 4.16477e-01
7.43300e+03 4.16517e-01
7.43400e+03 4.16555e-01
7.43500e+03 4.16595e-01
7.43600e+03 4.16634e-01
7.43700e+03 4.16673e-01
7.43800e+03 4.16712e-01
7.43900e+03 4.16751e-01
7.44000e+03 4.16791e-01
7.44100e+03 4.16286e-01
7.44200e+03 4.15782e-01
7.44300e+03 4.15277e-01
7.44400e+03 4.14773e-01
7.44500e+03 4.14270e-01
7.44600e+03 4.13767e-01
7.44700e+03 4.13263e-01
7.44800e+03 4.12760e-01
7.44900e+03 4.12257e-01
7.45000e+03 4.11755e-01
7.45100e+03 4.11841e-01
7.45200e+03 4.11925e-01
7.45300e+03 4.12010e-01
7.45400e+03 4.12095e-01
7.45500e+03 4.12181e-01
7.45600e+03 4.12266e-01
7.45700e+03 4.12352e-01
7.45800e+03 4.12436e-01
7.45900e+03 4.12521e-01
7.46000e+03 4.12605e-01
7.46100e+03 4.12430e-01
7.46200e+03 4.12255e-01
7.46300e+03 4.12080e-01
7.46400e+03 4.11905e-01
7.46500e+03 4.11729e-01
7.46600e+03 4.11555e-01
7.46700e+03 4.11379e-01
7.46800e+03 4.11205e-01
7.46900e+03 4.11029e-01
7.47000e+03 4.10855e-01
7.47100e+03 4.10853e-01
7.47200e+03 4.10850e-01
7.47300e+03 4.10849e-01
7.47400e+03 4.10846e-01
7.47500e+03 4.10844e-01
7.47600e+03 4.10841e-01
7.47700e+03 4.10839e-01
7.47800e+03 4.10836e-01
7.47900e+03 4.10835e-01
7.48000e+03 4.10832e-01
7.48100e+03 4.10848e-01
7.48200e+03 4.10867e-01
7.48300e+03 4.10883e-01
7.48400e+03 4.10900e-01
7.48500e+03 4.10918e-01
7.48600e+03 4.10935e-01
7.48700e+03 4.10952e-01
7.48800e+03 4.10969e-01
7.48900e+03 4.10985e-01
7.49000e+03 4.11003e-01
7.49100e+03 4.11129e-01
7.49200e+03 4.11255e-01
7.49300e+03 4.11381e-01
7.49400e+03 4.11507e-01
7.49500e+03 4.11633e-01
7.49600e+03 4.11758e-01
7.49700e+03 4.11884e-01
7.49800e+03 4.12010e-01
7.49900e+03 4.12136e-01
7.50000e+03 4.12261e-01
7.50100e+03 4.12141e-01
7.50200e+03 4.12020e-01
7.50300e+03 4.11901e-01
7.50400e+03 4.11781e-01
7.50500e+03 4.11661e-01
7.50600e+03 4.11542e-01
7.50700e+03 4.11422e-01
7.50800e+03 4.11302e-01
7.50900e+03 4.11182e-01
7.51000e+03 4.11062e-01
7.51100e+03 4.11258e-01
7.51200e+03 4.11455e-01
7.51300e+03 4.11651e-01
7.51400e+03 4.11847e-01
7.51500e+03 4.12042e-01
7.51600e+03 4.12238e-01
7.51700e+03 4.12434e-01
7.51800e+03 4.12629e-01
7.51900e+03 4.12824e-01
7.52000e+03 4.13019e-01
7.52100e+03 4.13488e-01
7.52200e+03 4.13957e-01
7.52300e+03 4.14423e-01
7.52400e+03 4.14892e-01
7.52500e+03 4.15361e-01
7.52600e+03 4.15829e-01
7.52700e+03 4.16296e-01
7.52800e+03 4.16764e-01
7.52900e+03 4.17232e-01
7.53000e+03 4.17699e-01
7.53100e+03 4.17513e-01
7.53200e+03 4.17327e-01
7.53300e+03 4.17141e-01
7.53400e+03 4.16955e-01
7.53500e+03 4.16768e-01
7.53600e+03 4.16583e-01
7.53700e+03 4.16395e-01
7.53800e+03 4.16210e-01
7.53900e+03 4.16025e-01
7.54000e+03 4.15839e-01
7.54100e+03 4.15940e-01
7.54200e+03 4.16041e-01
7.54300e+03 4.16142e-01
7.54400e+03 4.16243e-01
7.54500e+03 4.16343e-01
7.54600e+03 4.16446e-01
7.54700e+03 4.16546e-01
7.54800e+03 4.16647e-01
7.54900e+03 4.16749e-01
7.55000e+03 4.16849e-01
7.55100e+03 4.16545e-01
7.55200e+03 4.16241e-01
7.55300e+03 4.15937e-01
7.55400e+03 4.15634e-01
7.55500e+03 4.15331e-01
7.55600e+03 4.15027e-01
7.55700e+03 4.14723e-01
7.55800e+03 4.14420e-01
7.55900e+03 4.14117e-01
7.56000e+03 4.13814e-01
7.56100e+03 4.13785e-01
7.56200e+03 4.13757e-01
7.56300e+03 4.13729e-01
7.56400e+03 4.13700e-01
7.56500e+03 4.13673e-01
7.56600e+03 4.13645e-01
7.56700e+03 4.13615e-01
7.56800e+03 4.13587e-01
7.56900e+03 4.13559e-01
7.57000e+03 4.13530e-01
7.57100e+03 4.13502e-01
7.57200e+03 4.13475e-01
7.57300e+03 4.13447e-01
7.57400e+03 4.13419e-01
7.57500e+03 4.13393e-01
7.57600e+03 4.13364e-01
7.57700e+03 4.13336e-01
7.57800e+03 4.13310e-01
7.57900e+03 4.13281e-01
7.58000e+03 4.13253e-01
7.58100e+03 4.12954e-01
7.58200e+03 4.12654e-01
7.58300e+03 4.12354e-01
7.58400e+03 4.12056e-01
7.58500e+03 4.11756e-01
7.58600e+03 4.11456e-01
7.58700e+03 4.11159e-01
7.58800e+03 4.10859e-01
7.58900e+03 4.10559e-01
7.59000e+03 4.10261e-01
7.59100e+03 4.09974e-01
7.59200e+03 4.09688e-01
7.59300e+03 4.09401e-01
7.59400e+03 4.09114e-01
7.59500e+03 4.08829e-01
7.59600e+03 4.08542e-01
7.59700e+03 4.08255e-01
7.59800e+03 4.07970e-01
7.59900e+03 4.07684e-01
7.60000e+03 4.07397e-01
7.60100e+03 4.07340e-01
7.60200e+03 4.07282e-01
7.60300e+03 4.07224e-01
7.60400e+03 4.07167e-01
7.60500e+03 4.07108e-01
7.60600e+03 4.07051e-01
7.60700e+03 4.06993e-01
7.60800e+03 4.06935e-01
7.60900e+03 4.06877e-01
7.61000e+03 4.06819e-01
7.61100e+03 4.06953e-01
7.61200e+03 4.07086e-01
7.61300e+03 4.07221e-01
7.61400e+03 4.07354e-01
7.61500e+03 4.07488e-01
7.61600e+03 4.07621e-01
7.61700e+03 4.07754e-01
7.61800e+03 4.07887e-01
7.61900e+03 4.08020e-01
7.62000e+03 4.08152e-01
7.62100e+03 4.08144e-01
7.62200e+03 4.08135e-01
7.62300e+03 4.08127e-01
7.62400e+03 4.08119e-01
7.62500e+03 4.08110e-01
7.62600e+03 4.08102e-01
7.62700e+03 4.08093e-01
7.62800e+03 4.08084e-01
7.62900e+03 4.08076e-01
7.63000e+03 4.08066e-01
7.63100e+03 4.07767e-01
7.63200e+03 4.07467e-01
7.63300e+03 4.07168e-01
7.63400e+03 4.06869e-01
7.63500e+03 4.06569e-01
7.63600e+03 4.06270e-01
7.63700e+03 4.05970e-01
7.63800e+03 4.05671e-01
7.63900e+03 4.05371e-01
7.64000e+03 4.05073e-01
7.64100e+03 4.04754e-01
7.64200e+03 4.04435e-01
7.64300e+03 4.04116e-01
7.64400e+03 4.03796e-01
7.64500e+03 4.03478e-01
7.64600e+03 4.03159e-01
7.64700e+03 4.02841e-01
7.64800e+03 4.02523e-01
7.64900e+03 4.02204e-01
7.65000e+03 4.01887e-01
7.65100e+03 4.01955e-01
7.65200e+03 4.02025e-01
7.65300e+03 4.02094e-01
7.65400e+03 4.02162e-01
7.65500e+03 4.02231e-01
7.65600e+03 4.02299e-01
7.65700e+03 4.02368e-01
7.65800e+03 4.02437e-01
7.65900e+03 4.02505e-01
7.66000e+03 4.02574e-01
7.66100e+03 4.02845e-01
7.66200e+03 4.03115e-01
7.66300e+03 4.03384e-01
7.66400e+03 4.03654e-01
7.66500e+03 4.03924e-01
7.66600e+03 4.04194e-01
7.66700e+03 4.04463e-01
7.66800e+03 4.04732e-01
7.66900e+03 4.05001e-01
7.67000e+03 4.05270e-01
7.67100e+03 4.04710e-01
7.67200e+03 4.04150e-01
7.67300e+03 4.03590e-01
7.67400e+03 4.03030e-01
7.67500e+03 4.02471e-01
7.67600e+03 4.01912e-01
7.67700e+03 4.01354e-01
7.67800e+03 4.00796e-01
7.67900e+03 4.00237e-01
7.68000e+03 3.99680e-01
7.68100e+03 3.99207e-01
7.68200e+03 3.98737e-01
7.68300e+03 3.98266e-01
7.68400e+03 3.97796e-01
7.68500e+03 3.97324e-01
7.68600e+03 3.96855e-01
7.68700e+03 3.96384e-01
7.68800e+03 3.95915e-01
7.68900e+03 3.95445e-01
7.69000e+03 3.94976e-01
7.69100e+03 3.94608e-01
7.69200e+03 3.94239e-01
7.69300e+03 3.93872e-01
7.69400e+03 3.93504e-01
7.69500e+03 3.93136e-01
7.69600e+03 3.92768e-01
7.69700e+03 3.92401e-01
7.69800e+03 3.92033e-01
7.69900e+03 3.91666e-01
7.70000e+03 3.91300e-01
7.70100e+03 3.90896e-01
7.70200e+03 3.90493e-01
7.70300e+03 3.90088e-01
7.70400e+03 3.89686e-01
7.70500e+03 3.89282e-01
7.70600e+03 3.88879e-01
7.70700e+03 3.88476e-01
7.70800e+03 3.88073e-01
7.70900e+03 3.87671e-01
7.71000e+03 3.87268e-01
7.71100e+03 3.86837e-01
7.71200e+03 3.86406e-01
7.71300e+03 3.85976e-01
7.71400e+03 3.85544e-01
7.71500e+03 3.85115e-01
7.71600e+03 3.84684e-01
7.71700e+03 3.84255e-01
7.71800e+03 3.83824e-01
7.71900e+03 3.83395e-01
7.72000e+03 3.82966e-01
7.72100e+03 3.82712e-01
7.72200e+03 3.82458e-01
7.72300e+03 3.82204e-01
7.72400e+03 3.81951e-01
7.72500e+03 3.81696e-01
7.72600e+03 3.81443e-01
7.72700e+03 3.81190e-01
7.72800e+03 3.80937e-01
7.72900e+03 3.80683e-01
7.73000e+03 3.80430e-01
7.73100e+03 3.79930e-01
7.73200e+03 3.79431e-01
7.73300e+03 3.78931e-01
7.73400e+03 3.78432e-01
7.73500e+03 3.77934e-01
7.73600e+03 3.77435e-01
7.73700e+03 3.76937e-01
7.73800e+03 3.76439e-01
7.73900e+03 3.75941e-01
7.74000e+03 3.75444e-01
7.74100e+03 3.75379e-01
7.74200e+03 3.75314e-01
7.74300e+03 3.75251e-01
7.74400e+03 3.75186e-01
7.74500e+03 3.75121e-01
7.74600e+03 3.75057e-01
7.74700e+03 3.74992e-01
7.74800e+03 3.74928e-01
7.74900e+03 3.74864e-01
7.75000e+03 3.74799e-01
7.75100e+03 3.74857e-01
7.75200e+03 3.74917e-01
7.75300e+03 3.74975e-01
7.75400e+03 3.75034e-01
7.75500e+03 3.75092e-01
7.75600e+03 3.75152e-01
7.75700e+03 3.75210e-01
7.75800e+03 3.75267e-01
7.75900e+03 3.75326e-01
7.76000e+03 3.75384e-01
7.76100e+03 3.75116e-01
7.76200e+03 3.74849e-01
7.76300e+03 3.74581e-01
7.76400e+03 3.74314e-01
7.76500e+03 3.74046e-01
7.76600e+03 3.73779e-01
7.76700e+03 3.73512e-01
7.76800e+03 3.73246e-01
7.76900e+03 3.72979e-01
7.77000e+03 3.72712e-01
7.77100e+03 3.72854e-01
7.77200e+03 3.72995e-01
7.77300e+03 3.73136e-01
7.77400e+03 3.73277e-01
7.77500e+03 3.73418e-01
7.77600e+03 3.73559e-01
7.77700e+03 3.73699e-01
7.77800e+03 3.73840e-01
7.77900e+03 3.73981e-01
7.78000e+03 3.74121e-01
7.78100e+03 3.74416e-01
7.78200e+03 3.74712e-01
7.78300e+03 3.75007e-01
7.78400e+03 3.75301e-01
7.78500e+03 3.75595e-01
7.78600e+03 3.75889e-01
7.78700e+03 3.76184e-01
7.78800e+03 3.76478e-01
7.78900e+03 3.76772e-01
7.79000e+03 3.77065e-01
7.79100e+03 3.77126e-01
7.79200e+03 3.77187e-01
7.79300e+03 3.77248e-01
7.79400e+03 3.77309e-01
7.79500e+03 3.77370e-01
7.79600e+03 3.77430e-01
7.79700e+03 3.77491e-01
7.79800e+03 3.77552e-01
7.79900e+03 3.77613e-01
7.80000e+03 3.77672e-01
7.80100e+03 3.77897e-01
7.80200e+03 3.78122e-01
7.80300e+03 3.78347e-01
7.80400e+03 3.78571e-01
7.80500e+03 3.78796e-01
7.80600e+03 3.79019e-01
7.80700e+03 3.79243e-01
7.80800e+03 3.79467e-01
7.80900e+03 3.79691e-01
7.81000e+03 3.79913e-01
7.81100e+03 3.79863e-01
7.81200e+03 3.79812e-01
7.81300e+03 3.79761e-01
7.81400e+03 3.79711e-01
7.81500e+03 3.79660e-01
7.81600e+03 3.79610e-01
7.81700e+03 3.79558e-01
7.81800e+03 3.79508e-01
7.81900e+03 3.79457e-01
7.82000e+03 3.79405e-01
7.82100e+03 3.79592e-01
7.82200e+03 3.79779e-01
7.82300e+03 3.79965e-01
7.82400e+03 3.80151e-01
7.82500e+03 3.80339e-01
7.82600e+03 3.80523e-01
7.82700e+03 3.80709e-01
7.82800e+03 3.80894e-01
7.82900e+03 3.81080e-01
7.83000e+03 3.81264e-01
7.83100e+03 3.81085e-01
7.83200e+03 3.80905e-01
7.83300e+03 3.80724e-01
7.83400e+03 3.80544e-01
7.83500e+03 3.80363e-01
7.83600e+03 3.80183e-01
7.83700e+03 3.80003e-01
7.83800e+03 3.79823e-01
7.83900e+03 3.79643e-01
7.84000e+03 3.79463e-01
7.84100e+03 3.79747e-01
7.84200e+03 3.80030e-01
7.84300e+03 3.80314e-01
7.84400e+03 3.80597e-01
7.84500e+03 3.80880e-01
7.84600e+03 3.81163e-01
7.84700e+03 3.81445e-01
7.84800e+03 3.81728e-01
7.84900e+03 3.82010e-01
7.85000e+03 3.82291e-01
7.85100e+03 3.81317e-01
7.85200e+03 3.80344e-01
7.85300e+03 3.79372e-01
7.85400e+03 3.78400e-01
7.85500e+03 3.77429e-01
7.85600e+03 3.76459e-01
7.85700e+03 3.75490e-01
7.85800e+03 3.74522e-01
7.85900e+03 3.73554e-01
7.86000e+03 3.72587e-01
7.86100e+03 3.72762e-01
7.86200e+03 3.72935e-01
7.86300e+03 3.73110e-01
7.86400e+03 3.73282e-01
7.86500e+03 3.73456e-01
7.86600e+03 3.73629e-01
7.86700e+03 3.73802e-01
7.86800e+03 3.73975e-01
7.86900e+03 3.74147e-01
7.87000e+03 3.74319e-01
7.87100e+03 3.73890e-01
7.87200e+03 3.73460e-01
7.87300e+03 3.73030e-01
7.87400e+03 3.72602e-01
7.87500e+03 3.72173e-01
7.87600e+03 3.71745e-01
7.87700e+03 3.71317e-01
7.87800e+03 3.70889e-01
7.87900e+03 3.70461e-01
7.88000e+03 3.70033e-01
7.88100e+03 3.69822e-01
7.88200e+03 3.69610e-01
7.88300e+03 3.69398e-01
7.88400e+03 3.69187e-01
7.88500e+03 3.68975e-01
7.88600e+03 3.68764e-01
7.88700e+03 3.68552e-01
7.88800e+03 3.68341e-01
7.88900e+03 3.68129e-01
7.89000e+03 3.67919e-01
7.89100e+03 3.67658e-01
7.89200e+03 3.67397e-01
7.89300e+03 3.67136e-01
7.89400e+03 3.66876e-01
7.89500e+03 3.66616e-01
7.89600e+03 3.66355e-01
7.89700e+03 3.66095e-01
7.89800e+03 3.65836e-01
7.89900e+03 3.65575e-01
7.90000e+03 3.65316e-01
7.90100e+03 3.65085e-01
7.90200e+03 3.64856e-01
7.90300e+03 3.64626e-01
7.90400e+03 3.64396e-01
7.90500e+03 3.64167e-01
7.90600e+03 3.63938e-01
7.90700e+03 3.63709e-01
7.90800e+03 3.63480e-01
7.90900e+03 3.63251e-01
7.91000e+03 3.63021e-01
7.91100e+03 3.62738e-01
7.91200e+03 3.62455e-01
7.91300e+03 3.62171e-01
7.91400e+03 3.61889e-01
7.91500e+03 3.61606e-01
7.91600e+03 3.61323e-01
7.91700e+03 3.61041e-01
7.91800e+03 3.60759e-01
7.91900e+03 3.60475e-01
7.92000e+03 3.60193e-01
7.92100e+03 3.60139e-01
7.92200e+03 3.60085e-01
7.92300e+03 3.60030e-01
7.92400e+03 3.59976e-01
7.92500e+03 3.59921e-01
7.92600e+03 3.59866e-01
7.92700e+03 3.59811e-01
7.92800e+03 3.59757e-01
7.92900e+03 3.59701e-01
7.93000e+03 3.59647e-01
7.93100e+03 3.59335e-01
7.93200e+03 3.59023e-01
7.93300e+03 3.58711e-01
7.93400e+03 3.58400e-01
7.93500e+03 3.58089e-01
7.93600e+03 3.57778e-01
7.93700e+03 3.57466e-01
7.93800e+03 3.57155e-01
7.93900e+03 3.56845e-01
7.94000e+03 3.56533e-01
7.94100e+03 3.56391e-01
7.94200e+03 3.56249e-01
7.94300e+03 3.56105e-01
7.94400e+03 3.55963e-01
7.94500e+03 3.55820e-01
7.94600e+03 3.55678e-01
7.94700e+03 3.55536e-01
7.94800e+03 3.55393e-01
7.94900e+03 3.55249e-01
7.95000e+03 3.55107e-01
7.95100e+03 3.54582e-01
7.95200e+03 3.54056e-01
7.95300e+03 3.53531e-01
7.95400e+03 3.53006e-01
7.95500e+03 3.52481e-01
7.95600e+03 3.51959e-01
7.95700e+03 3.51435e-01
7.95800e+03 3.50912e-01
7.95900e+03 3.50388e-01
7.96000e+03 3.49867e-01
7.96100e+03 3.49867e-01
7.96200e+03 3.49868e-01
7.96300e+03 3.49868e-01
7.96400e+03 3.49868e-01
7.96500e+03 3.49869e-01
7.96600e+03 3.49870e-01
7.96700e+03 3.49870e-01
7.96800e+03 3.49870e-01
7.96900e+03 3.49869e-01
7.97000e+03 3.49869e-01
7.97100e+03 3.49534e-01
7.97200e+03 3.49196e-01
7.97300e+03 3.48860e-01
7.97400e+03 3.48524e-01
7.97500e+03 3.48188e-01
7.97600e+03 3.47852e-01
7.97700e+03 3.47516e-01
7.97800e+03 3.47181e-01
7.97900e+03 3.46845e-01
7.98000e+03 3.46510e-01
7.98100e+03 3.46332e-01
7.98200e+03 3.46154e-01
7.98300e+03 3.45977e-01
7.98400e+03 3.45799e-01
7.98500e+03 3.45621e-01
7.98600e+03 3.45443e-01
7.98700e+03 3.45264e-01
7.98800e+03 3.45086e-01
7.98900e+03 3.44908e-01
7.99000e+03 3.44728e-01
7.99100e+03 3.44427e-01
7.99200e+03 3.44126e-01
7.99300e+03 3.43824e-01
7.99400e+03 3.43523e-01
7.99500e+03 3.43222e-01
7.99600e+03 3.42922e-01
7.99700e+03 3.42620e-01
7.99800e+03 3.42319e-01
7.99900e+03 3.42018e-01
8.00000e+03 3.41717e-01
8.00100e+03 3.41491e-01
8.00200e+03 3.41265e-01
8.00300e+03 3.41040e-01
8.00400e+03 3.40813e-01
8.00500e+03 3.40587e-01
8.00600e+03 3.40362e-01
8.00700e+03 3.40137e-01
8.00800e+03 3.39910e-01
8.00900e+03 3.39685e-01
8.01000e+03 3.39460e-01
8.01100e+03 3.38873e-01
8.01200e+03 3.38285e-01
8.01300e+03 3.37698e-01
8.01400e+03 3.37112e-01
8.01500e+03 3.36526e-01
8.01600e+03 3.35941e-01
8.01700e+03 3.35356e-01
8.01800e+03 3.34771e-01
8.01900e+03 3.34186e-01
8.02000e+03 3.33601e-01
8.02100e+03 3.33700e-01
8.02200e+03 3.33799e-01
8.02300e+03 3.33897e-01
8.02400e+03 3.33996e-01
8.02500e+03 3.34094e-01
8.02600e+03 3.34192e-01
8.02700e+03 3.34290e-01
8.02800e+03 3.34389e-01
8.02900e+03 3.34486e-01
8.03000e+03 3.34584e-01
8.03100e+03 3.34377e-01
8.03200e+03 3.34169e-01
8.03300e+03 3.33962e-01
8.03400e+03 3.33756e-01
8.03500e+03 3.33548e-01
8.03600e+03 3.33341e-01
8.03700e+03 3.33135e-01
8.03800e+03 3.32927e-01
8.03900e+03 3.32721e-01
8.04000e+03 3.32514e-01
8.04100e+03 3.32643e-01
8.04200e+03 3.32774e-01
8.04300e+03 3.32904e-01
8.04400e+03 3.33033e-01
8.04500e+03 3.33162e-01
8.04600e+03 3.33292e-01
8.04700e+03 3.33420e-01
8.04800e+03 3.33548e-01
8.04900e+03 3.33676e-01
8.05000e+03 3.33804e-01
8.05100e+03 3.33724e-01
8.05200e+03 3.33643e-01
8.05300e+03 3.33562e-01
8.05400e+03 3.33481e-01
8.05500e+03 3.33401e-01
8.05600e+03 3.33320e-01
8.05700e+03 3.33238e-01
8.05800e+03 3.33158e-01
8.05900e+03 3.33077e-01
8.06000e+03 3.32995e-01
8.06100e+03 3.33037e-01
8.06200e+03 3.33078e-01
8.06300e+03 3.33118e-01
8.06400e+03 3.33160e-01
8.06500e+03 3.33200e-01
8.06600e+03 3.33240e-01
8.06700e+03 3.33280e-01
8.06800e+03 3.33319e-01
8.06900e+03 3.33359e-01
8.07000e+03 3.33398e-01
8.07100e+03 3.33427e-01
8.07200e+03 3.33457e-01
8.07300e+03 3.33485e-01
8.07400e+03 3.33515e-01
8.07500e+03 3.33544e-01
8.07600e+03 3.33573e-01
8.07700e+03 3.33602e-01
8.07800e+03 3.33630e-01
8.07900e+03 3.33660e-01
8.08000e+03 3.33688e-01
8.08100e+03 3.33844e-01
8.08200e+03 3.34000e-01
8.08300e+03 3.34156e-01
8.08400e+03 3.34312e-01
8.08500e+03 3.34468e-01
8.08600e+03 3.34623e-01
8.08700e+03 3.34778e-01
8.08800e+03 3.34933e-01
8.08900e+03 3.35088e-01
8.09000e+03 3.35243e-01
8.09100e+03 3.35160e-01
8.09200e+03 3.35078e-01
8.09300e+03 3.34996e-01
8.09400e+03 3.34914e-01
8.09500e+03 3.34832e-01
8.09600e+03 3.34748e-01
8.09700e+03 3.34667e-01
8.09800e+03 3.34584e-01
8.09900e+03 3.34501e-01
8.10000e+03 3.34418e-01
8.10100e+03 3.34594e-01
8.10200e+03 3.34769e-01
8.10300e+03 3.34946e-01
8.10400e+03 3.35121e-01
8.10500e+03 3.35297e-01
8.10600e+03 3.35472e-01
8.10700e+03 3.35646e-01
8.10800e+03 3.35821e-01
8.10900e+03 3.35997e-01
8.11000e+03 3.36171e-01
8.11100e+03 3.35943e-01
8.11200e+03 3.35713e-01
8.11300e+03 3.35484e-01
8.11400e+03 3.35255e-01
8.11500e+03 3.35026e-01
8.11600e+03 3.34798e-01
8.11700e+03 3.34569e-01
8.11800e+03 3.34340e-01
8.11900e+03 3.34112e-01
8.12000e+03 3.33883e-01
8.12100e+03 3.33919e-01
8.12200e+03 3.33956e-01
8.12300e+03 3.33992e-01
8.12400e+03 3.34027e-01
8.12500e+03 3.34063e-01
8.12600e+03 3.34099e-01
8.12700e+03 3.34133e-01
8.12800e+03 3.34169e-01
8.12900e+03 3.34204e-01
8.13000e+03 3.34239e-01
8.13100e+03 3.34031e-01
8.13200e+03 3.33824e-01
8.13300e+03 3.33616e-01
8.13400e+03 3.33408e-01
8.13500e+03 3.33201e-01
8.13600e+03 3.32992e-01
8.13700e+03 3.32786e-01
8.13800e+03 3.32577e-01
8.13900e+03 3.32371e-01
8.14000e+03 3.32163e-01
8.14100e+03 3.32009e-01
8.14200e+03 3.31855e-01
8.14300e+03 3.31700e-01
8.14400e+03 3.31546e-01
8.14500e+03 3.31391e-01
8.14600e+03 3.31237e-01
8.14700e+03 3.31083e-01
8.14800e+03 3.30928e-01
8.14900e+03 3.30775e-01
8.15000e+03 3.30619e-01
8.15100e+03 3.30433e-01
8.15200e+03 3.30246e-01
8.15300e+03 3.30060e-01
8.15400e+03 3.29873e-01
8.15500e+03 3.29687e-01
8.15600e+03 3.29500e-01
8.15700e+03 3.29313e-01
8.15800e+03 3.29126e-01
8.15900e+03 3.28940e-01
8.16000e+03 3.28754e-01
8.16100e+03 3.28900e-01
8.16200e+03 3.29046e-01
8.16300e+03 3.29191e-01
8.16400e+03 3.29336e-01
8.16500e+03 3.29481e-01
8.16600e+03 3.29624e-01
8.16700e+03 3.29768e-01
8.16800e+03 3.29911e-01
8.16900e+03 3.30054e-01
8.17000e+03 3.30195e-01
8.17100e+03 3.29886e-01
8.17200e+03 3.29576e-01
8.17300e+03 3.29267e-01
8.17400e+03 3.28958e-01
8.17500e+03 3.28648e-01
8.17600e+03 3.28339e-01
8.17700e+03 3.28029e-01
8.17800e+03 3.27721e-01
8.17900e+03 3.27411e-01
8.18000e+03 3.27102e-01
8.18100e+03 3.27216e-01
8.18200e+03 3.27328e-01
8.18300e+03 3.27443e-01
8.18400e+03 3.27555e-01
8.18500e+03 3.27669e-01
8.18600e+03 3.27781e-01
8.18700e+03 3.27894e-01
8.18800e+03 3.28007e-01
8.18900e+03 3.28119e-01
8.19000e+03 3.28232e-01
8.19100e+03 3.27985e-01
8.19200e+03 3.27737e-01
8.19300e+03 3.27490e-01
8.19400e+03 3.27244e-01
8.19500e+03 3.26996e-01
8.19600e+03 3.26750e-01
8.19700e+03 3.26503e-01
8.19800e+03 3.26257e-01
8.19900e+03 3.26010e-01
8.20000e+03 3.25764e-01
8.20100e+03 3.25956e-01
8.20200e+03 3.26147e-01
8.20300e+03 3.26338e-01
8.20400e+03 3.26529e-01
8.20500e+03 3.26720e-01
8.20600e+03 3.26910e-01
8.20700e+03 3.27100e-01
8.20800e+03 3.27290e-01
8.20900e+03 3.27480e-01
8.21000e+03 3.27669e-01
8.21100e+03 3.27345e-01
8.21200e+03 3.27020e-01
8.21300e+03 3.26695e-01
8.21400e+03 3.26371e-01
8.21500e+03 3.26046e-01
8.21600e+03 3.25722e-01
8.21700e+03 3.25398e-01
8.21800e+03 3.25074e-01
8.21900e+03 3.24750e-01
8.22000e+03 3.24426e-01
8.22100e+03 3.24261e-01
8.22200e+03 3.24098e-01
8.22300e+03 3.23933e-01
8.22400e+03 3.23768e-01
8.22500e+03 3.23605e-01
8.22600e+03 3.23440e-01
8.22700e+03 3.23276e-01
8.22800e+03 3.23112e-01
8.22900e+03 3.22946e-01
8.23000e+03 3.22783e-01
8.23100e+03 3.22300e-01
8.23200e+03 3.21818e-01
8.23300e+03 3.21337e-01
8.23400e+03 3.20855e-01
8.23500e+03 3.20374e-01
8.23600e+03 3.19893e-01
8.23700e+03 3.19412e-01
8.23800e+03 3.18932e-01
8.23900e+03 3.18451e-01
8.24000e+03 3.17971e-01
8.24100e+03 3.17297e-01
8.24200e+03 3.16622e-01
8.24300e+03 3.15948e-01
8.24400e+03 3.15275e-01
8.24500e+03 3.14601e-01
8.24600e+03 3.13929e-01
8.24700e+03 3.13257e-01
8.24800e+03 3.12586e-01
8.24900e+03 3.11915e-01
8.25000e+03 3.11245e-01
8.25100e+03 3.11344e-01
8.25200e+03 3.11443e-01
8.25300e+03 3.11543e-01
8.25400e+03 3.11641e-01
8.25500e+03 3.11740e-01
8.25600e+03 3.11838e-01
8.25700e+03 3.11937e-01
8.25800e+03 3.12035e-01
8.25900e+03 3.12132e-01
8.26000e+03 3.12229e-01
8.26100e+03 3.11982e-01
8.26200e+03 3.11734e-01
8.26300e+03 3.11487e-01
8.26400e+03 3.11240e-01
8.26500e+03 3.10993e-01
8.26600e+03 3.10746e-01
8.26700e+03 3.10499e-01
8.26800e+03 3.10252e-01
8.26900e+03 3.10006e-01
8.27000e+03 3.09759e-01
8.27100e+03 3.09331e-01
8.27200e+03 3.08905e-01
8.27300e+03 3.08479e-01
8.27400e+03 3.08051e-01
8.27500e+03 3.07626e-01
8.27600e+03 3.07200e-01
8.27700e+03 3.06774e-01
8.27800e+03 3.06349e-01
8.27900e+03 3.05923e-01
8.28000e+03 3.05499e-01
8.28100e+03 3.05104e-01
8.28200e+03 3.04707e-01
8.28300e+03 3.04313e-01
8.28400e+03 3.03918e-01
8.28500e+03 3.03522e-01
8.28600e+03 3.03128e-01
8.28700e+03 3.02734e-01
8.28800e+03 3.02340e-01
8.28900e+03 3.01946e-01
8.29000e+03 3.01552e-01
8.29100e+03 3.00899e-01
8.29200e+03 3.00249e-01
8.29300e+03 2.99598e-01
8.29400e+03 2.98948e-01
8.29500e+03 2.98300e-01
8.29600e+03 2.97651e-01
8.29700e+03 2.97004e-01
8.29800e+03 2.96356e-01
8.29900e+03 2.95710e-01
8.30000e+03 2.95064e-01
8.30100e+03 2.95258e-01
8.30200e+03 2.95452e-01
8.30300e+03 2.95646e-01
8.30400e+03 2.95840e-01
8.30500e+03 2.96032e-01
8.30600e+03 2.96226e-01
8.30700e+03 2.96418e-01
8.30800e+03 2.96610e-01
8.30900e+03 2.96803e-01
8.31000e+03 2.96993e-01
8.31100e+03 2.96340e-01
8.31200e+03 2.95685e-01
8.31300e+03 2.95034e-01
8.31400e+03 2.94381e-01
8.31500e+03 2.93729e-01
8.31600e+03 2.93078e-01
8.31700e+03 2.92428e-01
8.31800e+03 2.91776e-01
8.31900e+03 2.91127e-01
8.32000e+03 2.90478e-01
8.32100e+03 2.90589e-01
8.32200e+03 2.90700e-01
8.32300e+03 2.90811e-01
8.32400e+03 2.90920e-01
8.32500e+03 2.91032e-01
8.32600e+03 2.91142e-01
8.32700e+03 2.91252e-01
8.32800e+03 2.91362e-01
8.32900e+03 2.91472e-01
8.33000e+03 2.91581e-01
8.33100e+03 2.90947e-01
8.33200e+03 2.90314e-01
8.33300e+03 2.89680e-01
8.33400e+03 2.89047e-01
8.33500e+03 2.88416e-01
8.33600e+03 2.87784e-01
8.33700e+03 2.87153e-01
8.33800e+03 2.86522e-01
8.33900e+03 2.85893e-01
8.34000e+03 2.85263e-01
8.34100e+03 2.85401e-01
8.34200e+03 2.85539e-01
8.34300e+03 2.85676e-01
8.34400e+03 2.85813e-01
8.34500e+03 2.85951e-01
8.34600e+03 2.86086e-01
8.34700e+03 2.86223e-01
8.34800e+03 2.86359e-01
8.34900e+03 2.86496e-01
8.35000e+03 2.86632e-01
8.35100e+03 2.86411e-01
8.35200e+03 2.86189e-01
8.35300e+03 2.85967e-01
8.35400e+03 2.85745e-01
8.35500e+03 2.85522e-01
8.35600e+03 2.85301e-01
8.35700e+03 2.85079e-01
8.35800e+03 2.84858e-01
8.35900e+03 2.84637e-01
8.36000e+03 2.84415e-01
8.36100e+03 2.83962e-01
8.36200e+03 2.83509e-01
8.36300e+03 2.83058e-01
8.36400e+03 2.82606e-01
8.36500e+03 2.82153e-01
8.36600e+03 2.81702e-01
8.36700e+03 2.81251e-01
8.36800e+03 2.80800e-01
8.36900e+03 2.80349e-01
8.37000e+03 2.79898e-01
8.37100e+03 2.80043e-01
8.37200e+03 2.80186e-01
8.37300e+03 2.80329e-01
8.37400e+03 2.80472e-01
8.37500e+03 2.80615e-01
8.37600e+03 2.80757e-01
8.37700e+03 2.80898e-01
8.37800e+03 2.81040e-01
8.37900e+03 2.81180e-01
8.38000e+03 2.81321e-01
8.38100e+03 2.81337e-01
8.38200e+03 2.81353e-01
8.38300e+03 2.81369e-01
8.38400e+03 2.81385e-01
8.38500e+03 2.81400e-01
8.38600e+03 2.81416e-01
8.38700e+03 2.81431e-01
8.38800e+03 2.81447e-01
8.38900e+03 2.81462e-01
8.39000e+03 2.81477e-01
8.39100e+03 2.81469e-01
8.39200e+03 2.81460e-01
8.39300e+03 2.81450e-01
8.39400e+03 2.81441e-01
8.39500e+03 2.81432e-01
8.39600e+03 2.81422e-01
8.39700e+03 2.81412e-01
8.39800e+03 2.81403e-01
8.39900e+03 2.81393e-01
8.40000e+03 2.81383e-01
8.40100e+03 2.81282e-01
8.40200e+03 2.81180e-01
8.40300e+03 2.81077e-01
8.40400e+03 2.80974e-01
8.40500e+03 2.80871e-01
8.40600e+03 2.80769e-01
8.40700e+03 2.80666e-01
8.40800e+03 2.80564e-01
8.40900e+03 2.80460e-01
8.41000e+03 2.80357e-01
8.41100e+03 2.80356e-01
8.41200e+03 2.80356e-01
8.41300e+03 2.80355e-01
8.41400e+03 2.80354e-01
8.41500e+03 2.80353e-01
8.41600e+03 2.80352e-01
8.41700e+03 2.80350e-01
8.41800e+03 2.80349e-01
8.41900e+03 2.80346e-01
8.42000e+03 2.80344e-01
8.42100e+03 2.79945e-01
8.42200e+03 2.79544e-01
8.42300e+03 2.79144e-01
8.42400e+03 2.78745e-01
8.42500e+03 2.78345e-01
8.42600e+03 2.77947e-01
8.42700e+03 2.77548e-01
8.42800e+03 2.77149e-01
8.42900e+03 2.76750e-01
8.43000e+03 2.76353e-01
8.43100e+03 2.75913e-01
8.43200e+03 2.75472e-01
8.43300e+03 2.75032e-01
8.43400e+03 2.74593e-01
8.43500e+03 2.74154e-01
8.43600e+03 2.73715e-01
8.43700e+03 2.73277e-01
8.43800e+03 2.72839e-01
8.43900e+03 2.72403e-01
8.44000e+03 2.71965e-01
8.44100e+03 2.71485e-01
8.44200e+03 2.71006e-01
8.44300e+03 2.70527e-01
8.44400e+03 2.70048e-01
8.44500e+03 2.69568e-01
8.44600e+03 2.69090e-01
8.44700e+03 2.68612e-01
8.44800e+03 2.68134e-01
8.44900e+03 2.67657e-01
8.45000e+03 2.67181e-01
8.45100e+03 2.66494e-01
8.45200e+03 2.65809e-01
8.45300e+03 2.65124e-01
8.45400e+03 2.64441e-01
8.45500e+03 2.63757e-01
8.45600e+03 2.63075e-01
8.45700e+03 2.62393e-01
8.45800e+03 2.61711e-01
8.45900e+03 2.61030e-01
8.46000e+03 2.60349e-01
8.46100e+03 2.59842e-01
8.46200e+03 2.59334e-01
8.46300e+03 2.58826e-01
8.46400e+03 2.58321e-01
8.46500e+03 2.57815e-01
8.46600e+03 2.57309e-01
8.46700e+03 2.56804e-01
8.46800e+03 2.56299e-01
8.46900e+03 2.55795e-01
8.47000e+03 2.55291e-01
8.47100e+03 2.54686e-01
8.47200e+03 2.54083e-01
8.47300e+03 2.53478e-01
8.47400e+03 2.52875e-01
8.47500e+03 2.52273e-01
8.47600e+03 2.51670e-01
8.47700e+03 2.51068e-01
8.47800e+03 2.50467e-01
8.47900e+03 2.49865e-01
8.48000e+03 2.49265e-01
8.48100e+03 2.48603e-01
8.48200e+03 2.47942e-01
8.48300e+03 2.47279e-01
8.48400e+03 2.46617e-01
8.48500e+03 2.45956e-01
8.48600e+03 2.45294e-01
8.48700e+03 2.44632e-01
8.48800e+03 2.43970e-01
8.48900e+03 2.43309e-01
8.49000e+03 2.42647e-01
8.49100e+03 2.41305e-01
8.49200e+03 2.39965e-01
8.49300e+03 2.38627e-01
8.49400e+03 2.37291e-01
8.49500e+03 2.35957e-01
8.49600e+03 2.34624e-01
8.49700e+03 2.33294e-01
8.49800e+03 2.31965e-01
8.49900e+03 2.30638e-01
8.50000e+03 2.29313e-01
8.50100e+03 2.27777e-01
8.50200e+03 2.26242e-01
8.50300e+03 2.24708e-01
8.50400e+03 2.23177e-01
8.50500e+03 2.21646e-01
8.50600e+03 2.20118e-01
8.50700e+03 2.18590e-01
8.50800e+03 2.17064e-01
8.50900e+03 2.15540e-01
8.51000e+03 2.14018e-01
8.51100e+03 2.11671e-01
8.51200e+03 2.09327e-01
8.51300e+03 2.06985e-01
8.51400e+03 2.04645e-01
8.51500e+03 2.02306e-01
8.51600e+03 1.99970e-01
8.51700e+03 1.97635e-01
8.51800e+03 1.95303e-01
8.51900e+03 1.92972e-01
8.52000e+03 1.90643e-01
8.52100e+03 1.87667e-01
8.52200e+03 1.84694e-01
8.52300e+03 1.81723e-01
8.52400e+03 1.78756e-01
8.52500e+03 1.75792e-01
8.52600e+03 1.72830e-01
8.52700e+03 1.69871e-01
8.52800e+03 1.66916e-01
8.52900e+03 1.63963e-01
8.53000e+03 1.61014e-01
8.53100e+03 1.57572e-01
8.53200e+03 1.54137e-01
8.53300e+03 1.50705e-01
8.53400e+03 1.47280e-01
8.53500e+03 1.43859e-01
8.53600e+03 1.40444e-01
8.53700e+03 1.37034e-01
8.53800e+03 1.33630e-01
8.53900e+03 1.30231e-01
8.54000e+03 1.26837e-01
8.54100e+03 1.23368e-01
8.54200e+03 1.19901e-01
8.54300e+03 1.16439e-01
8.54400e+03 1.12979e-01
8.54500e+03 1.09522e-01
8.54600e+03 1.06070e-01
8.54700e+03 1.02620e-01
8.54800e+03 9.91729e-02
8.54900e+03 9.57298e-02
8.55000e+03 9.22898e-02
8.55100e+03 8.92606e-02
8.55200e+03 8.62345e-02
8.55300e+03 8.32123e-02
8.55400e+03 8.01935e-02
8.55500e+03 7.71785e-02
8.55600e+03 7.41664e-02
8.55700e+03 7.11580e-02
8.55800e+03 6.81530e-02
8.55900e+03 6.51516e-02
8.56000e+03 6.21536e-02
8.56100e+03 5.99904e-02
8.56200e+03 5.78296e-02
8.56300e+03 5.56708e-02
8.56400e+03 5.35144e-02
8.56500e+03 5.13605e-02
8.56600e+03 4.92086e-02
8.56700e+03 4.70592e-02
8.56800e+03 4.49119e-02
8.56900e+03 4.27670e-02
8.57000e+03 4.06244e-02
8.57100e+03 3.90931e-02
8.57200e+03 3.75637e-02
8.57300e+03 3.60363e-02
8.57400e+03 3.45106e-02
8.57500e+03 3.29866e-02
8.57600e+03 3.14647e-02
8.57700e+03 2.99445e-02
8.57800e+03 2.84263e-02
8.57900e+03 2.69098e-02
8.58000e+03 2.53953e-02
8.58100e+03 2.45249e-02
8.58200e+03 2.36557e-02
8.58300e+03 2.27877e-02
8.58400e+03 2.19207e-02
8.58500e+03 2.10549e-02
8.58600e+03 2.01901e-02
8.58700e+03 1.93265e-02
8.58800e+03 1.84639e-02
8.58900e+03 1.76025e-02
8.59000e+03 1.67423e-02
8.59100e+03 1.61744e-02
8.59200e+03 1.56071e-02
8.59300e+03 1.50405e-02
8.59400e+03 1.44746e-02
8.59500e+03 1.39095e-02
8.59600e+03 1.33449e-02
8.59700e+03 1.27810e-02
8.59800e+03 1.22179e-02
8.59900e+03 1.16554e-02
8.60000e+03 1.10936e-02
8.60100e+03 1.07407e-02
8.60200e+03 1.03882e-02
8.60300e+03 1.00361e-02
8.60400e+03 9.68446e-03
8.60500e+03 9.33318e-03
8.60600e+03 8.98233e-03
8.60700e+03 8.63185e-03
8.60800e+03 8.28174e-03
8.60900e+03 7.93206e-03
8.61000e+03 7.58278e-03
8.61100e+03 7.36038e-03
8.61200e+03 7.13821e-03
8.61300e+03 6.91628e-03
8.61400e+03 6.69461e-03
8.61500e+03 6.47318e-03
8.61600e+03 6.25198e-03
8.61700e+03 6.03102e-03
8.61800e+03 5.81030e-03
8.61900e+03 5.58984e-03
8.62000e+03 5.36963e-03
8.62100e+03 5.21726e-03
8.62200e+03 5.06513e-03
8.62300e+03 4.91319e-03
8.62400e+03 4.76149e-03
8.62500e+03 4.60999e-03
8.62600e+03 4.45872e-03
8.62700e+03 4.30768e-03
8.62800e+03 4.15685e-03
8.62900e+03 4.00624e-03
8.63000e+03 3.85583e-03
8.63100e+03 3.74840e-03
8.63200e+03 3.64110e-03
8.63300e+03 3.53394e-03
8.63400e+03 3.42693e-03
8.63500e+03 3.32006e-03
8.63600e+03 3.21333e-03
8.63700e+03 3.10674e-03
8.63800e+03 3.00030e-03
8.63900e+03 2.89399e-03
8.64000e+03 2.78783e-03
8.64100e+03 2.71089e-03
8.64200e+03 2.63404e-03
8.64300e+03 2.55727e-03
8.64400e+03 2.48058e-03
8.64500e+03 2.40396e-03
8.64600e+03 2.32743e-03
8.64700e+03 2.25098e-03
8.64800e+03 2.17462e-03
8.64900e+03 2.09833e-03
8.65000e+03 2.02213e-03
8.65100e+03 1.96717e-03
8.65200e+03 1.91227e-03
8.65300e+03 1.85744e-03
8.65400e+03 1.80267e-03
8.65500e+03 1.74797e-03
8.65600e+03 1.69333e-03
8.65700e+03 1.63876e-03
8.65800e+03 1.58425e-03
8.65900e+03 1.52980e-03
8.66000e+03 1.47543e-03
8.66100e+03 1.43729e-03
8.66200e+03 1.39919e-03
8.66300e+03 1.36113e-03
8.66400e+03 1.32312e-03
8.66500e+03 1.28515e-03
8.66600e+03 1.24723e-03
8.66700e+03 1.20935e-03
8.66800e+03 1.17151e-03
8.66900e+03 1.13372e-03
8.67000e+03 1.09597e-03
8.67100e+03 1.08002e-03
8.67200e+03 1.06408e-03
8.67300e+03 1.04817e-03
8.67400e+03 1.03229e-03
8.67500e+03 1.01642e-03
8.67600e+03 1.00057e-03
8.67700e+03 9.84739e-04
8.67800e+03 9.68934e-04
8.67900e+03 9.53150e-04
8.68000e+03 9.37382e-04
8.68100e+03 9.21642e-04
8.68200e+03 9.05924e-04
8.68300e+03 8.90224e-04
8.68400e+03 8.74547e-04
8.68500e+03 8.58890e-04
8.68600e+03 8.43253e-04
8.68700e+03 8.27637e-04
8.68800e+03 8.12042e-04
8.68900e+03 7.96462e-04
8.69000e+03 7.80909e-04
8.69100e+03 7.65547e-04
8.69200e+03 7.50194e-04
8.69300e+03 7.34860e-04
8.69400e+03 7.19537e-04
8.69500e+03 7.04229e-04
8.69600e+03 6.88934e-04
8.69700e+03 6.73647e-04
8.69800e+03 6.58381e-04
8.69900e+03 6.43125e-04
8.70000e+03 6.27885e-04
8.70100e+03 6.12447e-04
8.70200e+03 5.97034e-04
8.70300e+03 5.81645e-04
8.70400e+03 5.66279e-04
8.70500e+03 5.50939e-04
8.70600e+03 5.35621e-04
8.70700e+03 5.20328e-04
8.70800e+03 5.05058e-04
8.70900e+03 4.89811e-04
8.71000e+03 4.74589e-04
8.71100e+03 4.65840e-04
8.71200e+03 4.57101e-04
8.71300e+03 4.48371e-04
8.71400e+03 4.39655e-04
8.71500e+03 4.30950e-04
8.71600e+03 4.22253e-04
8.71700e+03 4.13568e-04
8.71800e+03 4.04893e-04
8.71900e+03 3.96231e-04
8.72000e+03 3.87576e-04
8.72100e+03 3.78920e-04
8.72200e+03 3.70276e-04
8.72300e+03 3.61643e-04
8.72400e+03 3.53021e-04
8.72500e+03 3.44411e-04
8.72600e+03 3.35811e-04
8.72700e+03 3.27223e-04
8.72800e+03 3.18647e-04
8.72900e+03 3.10082e-04
8.73000e+03 3.01529e-04
8.73100e+03 2.92975e-04
8.73200e+03 2.84437e-04
8.73300e+03 2.75909e-04
8.73400e+03 2.67393e-04
8.73500e+03 2.58888e-04
8.73600e+03 2.50396e-04
8.73700e+03 2.41916e-04
8.73800e+03 2.33448e-04
8.73900e+03 2.24991e-04
8.74000e+03 2.16547e-04
8.74100e+03 2.08133e-04
8.74200e+03 1.99730e-04
8.74300e+03 1.91338e-04
8.74400e+03 1.82955e-04
8.74500e+03 1.74583e-04
8.74600e+03 1.66222e-04
8.74700e+03 1.57870e-04
8.74800e+03 1.49529e-04
8.74900e+03 1.41198e-04
8.75000e+03 1.32877e-04
8.75100e+03 1.30450e-04
8.75200e+03 1.28027e-04
8.75300e+03 1.25608e-04
8.75400e+03 1.23192e-04
8.75500e+03 1.20780e-04
8.75600e+03 1.18371e-04
8.75700e+03 1.15967e-04
8.75800e+03 1.13565e-04
8.75900e+03 1.11168e-04
8.76000e+03 1.08774e-04
8.76100e+03 1.06404e-04
8.76200e+03 1.04036e-04
8.76300e+03 1.01672e-04
8.76400e+03 9.93093e-05
8.76500e+03 9.69497e-05
8.76600e+03 9.45932e-05
8.76700e+03 9.22398e-05
8.76800e+03 8.98891e-05
8.76900e+03 8.75406e-05
