# Filter name : HST/ACS_WFC.FR914M
# Description : FR914M ramp filter for HST ACS_WFC at central wavelength
# Photometric system : ACS-WFC
# FilterType : photon
# Band name : ------
# Observatory : HST
# Instrument : ACS
# Comments : Response calculated using the stsynphot python package by STScI. In particular, function stsynphot.band("acs,wfc1,fr914m#9140"). Please, take a look to stsynphot documentation and HST instrument documentation
# 
6.82600e+03 3.67929e-05
6.82700e+03 3.70049e-05
6.82800e+03 3.72169e-05
6.82900e+03 3.74290e-05
6.83000e+03 3.76410e-05
6.83100e+03 3.78521e-05
6.83200e+03 3.80672e-05
6.83300e+03 3.82822e-05
6.83400e+03 3.84972e-05
6.83500e+03 3.87122e-05
6.83600e+03 3.89273e-05
6.83700e+03 3.91461e-05
6.83800e+03 3.93650e-05
6.83900e+03 3.95837e-05
6.84000e+03 3.98027e-05
6.84100e+03 4.00179e-05
6.84200e+03 4.02368e-05
6.84300e+03 4.04557e-05
6.84400e+03 4.06747e-05
6.84500e+03 4.08935e-05
6.84600e+03 4.11124e-05
6.84700e+03 4.13349e-05
6.84800e+03 4.15575e-05
6.84900e+03 4.17801e-05
6.85000e+03 4.20025e-05
6.85100e+03 4.22282e-05
6.85200e+03 4.24577e-05
6.85300e+03 4.26872e-05
6.85400e+03 4.29167e-05
6.85500e+03 4.31461e-05
6.85600e+03 4.33755e-05
6.85700e+03 4.36088e-05
6.85800e+03 4.38421e-05
6.85900e+03 4.40753e-05
6.86000e+03 4.43086e-05
6.86100e+03 4.45446e-05
6.86200e+03 4.47844e-05
6.86300e+03 4.50243e-05
6.86400e+03 4.52642e-05
6.86500e+03 4.55041e-05
6.86600e+03 4.57440e-05
6.86700e+03 4.59877e-05
6.86800e+03 4.62314e-05
6.86900e+03 4.64752e-05
6.87000e+03 4.67189e-05
6.87100e+03 4.69592e-05
6.87200e+03 4.72031e-05
6.87300e+03 4.74470e-05
6.87400e+03 4.76911e-05
6.87500e+03 4.79350e-05
6.87600e+03 4.81790e-05
6.87700e+03 4.84266e-05
6.87800e+03 4.86742e-05
6.87900e+03 4.89217e-05
6.88000e+03 4.91693e-05
6.88100e+03 4.94183e-05
6.88200e+03 4.96709e-05
6.88300e+03 4.99235e-05
6.88400e+03 5.01760e-05
6.88500e+03 5.04286e-05
6.88600e+03 5.06812e-05
6.88700e+03 5.09375e-05
6.88800e+03 5.11936e-05
6.88900e+03 5.14498e-05
6.89000e+03 5.17062e-05
6.89100e+03 5.19595e-05
6.89200e+03 5.22163e-05
6.89300e+03 5.24733e-05
6.89400e+03 5.27301e-05
6.89500e+03 5.29868e-05
6.89600e+03 5.32436e-05
6.89700e+03 5.35041e-05
6.89800e+03 5.37643e-05
6.89900e+03 5.40246e-05
6.90000e+03 5.42849e-05
6.90100e+03 5.45465e-05
6.90200e+03 5.48116e-05
6.90300e+03 5.50767e-05
6.90400e+03 5.53418e-05
6.90500e+03 5.56069e-05
6.90600e+03 5.58719e-05
6.90700e+03 5.61405e-05
6.90800e+03 5.64091e-05
6.90900e+03 5.66777e-05
6.91000e+03 5.69463e-05
6.91100e+03 5.72233e-05
6.91200e+03 5.75038e-05
6.91300e+03 5.77844e-05
6.91400e+03 5.80651e-05
6.91500e+03 5.83457e-05
6.91600e+03 5.86265e-05
6.91700e+03 5.89108e-05
6.91800e+03 5.91952e-05
6.91900e+03 5.94795e-05
6.92000e+03 5.97639e-05
6.92100e+03 6.00388e-05
6.92200e+03 6.03170e-05
6.92300e+03 6.05951e-05
6.92400e+03 6.08732e-05
6.92500e+03 6.11512e-05
6.92600e+03 6.14293e-05
6.92700e+03 6.17107e-05
6.92800e+03 6.19919e-05
6.92900e+03 6.22734e-05
6.93000e+03 6.25545e-05
6.93100e+03 6.28333e-05
6.93200e+03 6.31156e-05
6.93300e+03 6.33976e-05
6.93400e+03 6.36796e-05
6.93500e+03 6.39615e-05
6.93600e+03 6.42434e-05
6.93700e+03 6.45285e-05
6.93800e+03 6.48134e-05
6.93900e+03 6.50985e-05
6.94000e+03 6.53834e-05
6.94100e+03 6.56762e-05
6.94200e+03 6.59721e-05
6.94300e+03 6.62682e-05
6.94400e+03 6.65642e-05
6.94500e+03 6.68602e-05
6.94600e+03 6.71562e-05
6.94700e+03 6.74555e-05
6.94800e+03 6.77546e-05
6.94900e+03 6.80540e-05
6.95000e+03 6.83531e-05
6.95100e+03 6.86410e-05
6.95200e+03 6.89318e-05
6.95300e+03 6.92226e-05
6.95400e+03 6.95132e-05
6.95500e+03 6.98039e-05
6.95600e+03 7.00942e-05
6.95700e+03 7.03878e-05
6.95800e+03 7.06814e-05
6.95900e+03 7.09747e-05
6.96000e+03 7.12678e-05
6.96100e+03 7.15626e-05
6.96200e+03 7.18605e-05
6.96300e+03 7.21583e-05
6.96400e+03 7.24560e-05
6.96500e+03 7.27535e-05
6.96600e+03 7.30510e-05
6.96700e+03 7.33515e-05
6.96800e+03 7.36518e-05
6.96900e+03 7.39521e-05
6.97000e+03 7.42523e-05
6.97100e+03 7.45584e-05
6.97200e+03 7.48675e-05
6.97300e+03 7.51767e-05
6.97400e+03 7.54857e-05
6.97500e+03 7.57946e-05
6.97600e+03 7.61038e-05
6.97700e+03 7.64153e-05
6.97800e+03 7.67274e-05
6.97900e+03 7.70389e-05
6.98000e+03 7.73506e-05
6.98100e+03 7.76705e-05
6.98200e+03 7.79931e-05
6.98300e+03 7.83158e-05
6.98400e+03 7.86386e-05
6.98500e+03 7.89612e-05
6.98600e+03 7.92839e-05
6.98700e+03 7.96094e-05
6.98800e+03 7.99351e-05
6.98900e+03 8.02606e-05
6.99000e+03 8.05863e-05
6.99100e+03 8.09055e-05
6.99200e+03 8.12273e-05
6.99300e+03 8.15490e-05
6.99400e+03 8.18709e-05
6.99500e+03 8.21926e-05
6.99600e+03 8.25144e-05
6.99700e+03 8.28386e-05
6.99800e+03 8.31631e-05
6.99900e+03 8.34874e-05
7.00000e+03 8.38116e-05
7.00100e+03 8.41263e-05
7.00200e+03 8.44435e-05
7.00300e+03 8.47606e-05
7.00400e+03 8.50779e-05
7.00500e+03 8.53946e-05
7.00600e+03 8.57114e-05
7.00700e+03 8.60306e-05
7.00800e+03 8.63497e-05
7.00900e+03 8.66688e-05
7.01000e+03 8.69876e-05
7.01100e+03 8.73106e-05
7.01200e+03 8.76364e-05
7.01300e+03 8.79616e-05
7.01400e+03 8.82868e-05
7.01500e+03 8.86119e-05
7.01600e+03 8.89370e-05
7.01700e+03 8.92644e-05
7.01800e+03 8.95917e-05
7.01900e+03 8.99190e-05
7.02000e+03 9.02461e-05
7.02100e+03 9.05776e-05
7.02200e+03 9.09113e-05
7.02300e+03 9.12447e-05
7.02400e+03 9.15784e-05
7.02500e+03 9.19120e-05
7.02600e+03 9.22453e-05
7.02700e+03 9.25809e-05
7.02800e+03 9.29167e-05
7.02900e+03 9.32522e-05
7.03000e+03 9.35877e-05
7.03100e+03 9.39230e-05
7.03200e+03 9.42605e-05
7.03300e+03 9.45979e-05
7.03400e+03 9.49352e-05
7.03500e+03 9.52725e-05
7.03600e+03 9.56099e-05
7.03700e+03 9.59489e-05
7.03800e+03 9.62883e-05
7.03900e+03 9.66275e-05
7.04000e+03 9.69666e-05
7.04100e+03 9.72992e-05
7.04200e+03 9.76339e-05
7.04300e+03 9.79686e-05
7.04400e+03 9.83029e-05
7.04500e+03 9.86373e-05
7.04600e+03 9.89715e-05
7.04700e+03 9.93077e-05
7.04800e+03 9.96437e-05
7.04900e+03 9.99797e-05
7.05000e+03 1.00315e-04
7.05100e+03 1.00654e-04
7.05200e+03 1.00995e-04
7.05300e+03 1.01335e-04
7.05400e+03 1.01676e-04
7.05500e+03 1.02016e-04
7.05600e+03 1.02357e-04
7.05700e+03 1.02699e-04
7.05800e+03 1.03041e-04
7.05900e+03 1.03383e-04
7.06000e+03 1.03725e-04
7.06100e+03 1.04058e-04
7.06200e+03 1.04393e-04
7.06300e+03 1.04728e-04
7.06400e+03 1.05062e-04
7.06500e+03 1.05397e-04
7.06600e+03 1.05731e-04
7.06700e+03 1.06067e-04
7.06800e+03 1.06403e-04
7.06900e+03 1.06739e-04
7.07000e+03 1.07075e-04
7.07100e+03 1.07423e-04
7.07200e+03 1.07773e-04
7.07300e+03 1.08122e-04
7.07400e+03 1.08472e-04
7.07500e+03 1.08822e-04
7.07600e+03 1.09171e-04
7.07700e+03 1.09522e-04
7.07800e+03 1.09873e-04
7.07900e+03 1.10224e-04
7.08000e+03 1.10575e-04
7.08100e+03 1.10926e-04
7.08200e+03 1.11278e-04
7.08300e+03 1.11630e-04
7.08400e+03 1.11982e-04
7.08500e+03 1.12334e-04
7.08600e+03 1.12686e-04
7.08700e+03 1.13039e-04
7.08800e+03 1.13392e-04
7.08900e+03 1.13746e-04
7.09000e+03 1.14098e-04
7.09100e+03 1.14438e-04
7.09200e+03 1.14778e-04
7.09300e+03 1.15118e-04
7.09400e+03 1.15458e-04
7.09500e+03 1.15798e-04
7.09600e+03 1.16138e-04
7.09700e+03 1.16479e-04
7.09800e+03 1.16820e-04
7.09900e+03 1.17160e-04
7.10000e+03 1.17501e-04
7.10100e+03 1.17846e-04
7.10200e+03 1.18192e-04
7.10300e+03 1.18539e-04
7.10400e+03 1.18885e-04
7.10500e+03 1.19231e-04
7.10600e+03 1.19577e-04
7.10700e+03 1.19924e-04
7.10800e+03 1.20270e-04
7.10900e+03 1.20617e-04
7.11000e+03 1.20963e-04
7.11100e+03 1.21319e-04
7.11200e+03 1.21675e-04
7.11300e+03 1.22031e-04
7.11400e+03 1.22387e-04
7.11500e+03 1.22743e-04
7.11600e+03 1.23099e-04
7.11700e+03 1.23456e-04
7.11800e+03 1.23813e-04
7.11900e+03 1.24170e-04
7.12000e+03 1.24526e-04
7.12100e+03 1.24888e-04
7.12200e+03 1.25251e-04
7.12300e+03 1.25614e-04
7.12400e+03 1.25976e-04
7.12500e+03 1.26339e-04
7.12600e+03 1.26701e-04
7.12700e+03 1.27065e-04
7.12800e+03 1.27429e-04
7.12900e+03 1.27793e-04
7.13000e+03 1.28157e-04
7.13100e+03 1.28510e-04
7.13200e+03 1.28865e-04
7.13300e+03 1.29220e-04
7.13400e+03 1.29575e-04
7.13500e+03 1.29929e-04
7.13600e+03 1.30284e-04
7.13700e+03 1.30639e-04
7.13800e+03 1.30994e-04
7.13900e+03 1.31349e-04
7.14000e+03 1.31703e-04
7.14100e+03 1.32056e-04
7.14200e+03 1.32410e-04
7.14300e+03 1.32764e-04
7.14400e+03 1.33119e-04
7.14500e+03 1.33472e-04
7.14600e+03 1.33825e-04
7.14700e+03 1.34179e-04
7.14800e+03 1.34533e-04
7.14900e+03 1.34887e-04
7.15000e+03 1.35241e-04
7.15100e+03 1.35588e-04
7.15200e+03 1.35936e-04
7.15300e+03 1.36283e-04
7.15400e+03 1.36630e-04
7.15500e+03 1.36977e-04
7.15600e+03 1.37324e-04
7.15700e+03 1.37672e-04
7.15800e+03 1.38019e-04
7.15900e+03 1.38365e-04
7.16000e+03 1.38712e-04
7.16100e+03 1.39079e-04
7.16200e+03 1.39447e-04
7.16300e+03 1.39814e-04
7.16400e+03 1.40182e-04
7.16500e+03 1.40549e-04
7.16600e+03 1.40917e-04
7.16700e+03 1.41284e-04
7.16800e+03 1.41652e-04
7.16900e+03 1.42019e-04
7.17000e+03 1.42387e-04
7.17100e+03 1.42743e-04
7.17200e+03 1.43099e-04
7.17300e+03 1.43455e-04
7.17400e+03 1.43812e-04
7.17500e+03 1.44167e-04
7.17600e+03 1.44523e-04
7.17700e+03 1.44879e-04
7.17800e+03 1.45235e-04
7.17900e+03 1.45591e-04
7.18000e+03 1.45946e-04
7.18100e+03 1.46304e-04
7.18200e+03 1.46662e-04
7.18300e+03 1.47020e-04
7.18400e+03 1.47377e-04
7.18500e+03 1.47735e-04
7.18600e+03 1.48092e-04
7.18700e+03 1.48450e-04
7.18800e+03 1.48807e-04
7.18900e+03 1.49164e-04
7.19000e+03 1.49522e-04
7.19100e+03 1.49876e-04
7.19200e+03 1.50230e-04
7.19300e+03 1.50583e-04
7.19400e+03 1.50937e-04
7.19500e+03 1.51291e-04
7.19600e+03 1.51644e-04
7.19700e+03 1.51998e-04
7.19800e+03 1.52351e-04
7.19900e+03 1.52704e-04
7.20000e+03 1.53057e-04
7.20100e+03 1.53407e-04
7.20200e+03 1.53756e-04
7.20300e+03 1.54104e-04
7.20400e+03 1.54453e-04
7.20500e+03 1.54802e-04
7.20600e+03 1.55150e-04
7.20700e+03 1.55499e-04
7.20800e+03 1.55847e-04
7.20900e+03 1.56195e-04
7.21000e+03 1.56542e-04
7.21100e+03 1.56880e-04
7.21200e+03 1.57216e-04
7.21300e+03 1.57553e-04
7.21400e+03 1.57889e-04
7.21500e+03 1.58225e-04
7.21600e+03 1.58560e-04
7.21700e+03 1.58896e-04
7.21800e+03 1.59231e-04
7.21900e+03 1.59566e-04
7.22000e+03 1.59901e-04
7.22100e+03 1.60235e-04
7.22200e+03 1.60569e-04
7.22300e+03 1.60903e-04
7.22400e+03 1.61237e-04
7.22500e+03 1.61570e-04
7.22600e+03 1.61904e-04
7.22700e+03 1.62237e-04
7.22800e+03 1.62569e-04
7.22900e+03 1.62902e-04
7.23000e+03 1.63234e-04
7.23100e+03 1.63579e-04
7.23200e+03 1.63924e-04
7.23300e+03 1.64268e-04
7.23400e+03 1.64612e-04
7.23500e+03 1.64956e-04
7.23600e+03 1.65301e-04
7.23700e+03 1.65644e-04
7.23800e+03 1.65987e-04
7.23900e+03 1.66331e-04
7.24000e+03 1.66674e-04
7.24100e+03 1.67016e-04
7.24200e+03 1.67358e-04
7.24300e+03 1.67699e-04
7.24400e+03 1.68040e-04
7.24500e+03 1.68381e-04
7.24600e+03 1.68723e-04
7.24700e+03 1.69063e-04
7.24800e+03 1.69403e-04
7.24900e+03 1.69743e-04
7.25000e+03 1.70083e-04
7.25100e+03 1.70411e-04
7.25200e+03 1.70739e-04
7.25300e+03 1.71066e-04
7.25400e+03 1.71393e-04
7.25500e+03 1.71720e-04
7.25600e+03 1.72047e-04
7.25700e+03 1.72372e-04
7.25800e+03 1.72698e-04
7.25900e+03 1.73024e-04
7.26000e+03 1.73349e-04
7.26100e+03 1.73687e-04
7.26200e+03 1.74024e-04
7.26300e+03 1.74361e-04
7.26400e+03 1.74699e-04
7.26500e+03 1.75035e-04
7.26600e+03 1.75373e-04
7.26700e+03 1.75708e-04
7.26800e+03 1.76044e-04
7.26900e+03 1.76380e-04
7.27000e+03 1.76715e-04
7.27100e+03 1.77041e-04
7.27200e+03 1.77365e-04
7.27300e+03 1.77690e-04
7.27400e+03 1.78013e-04
7.27500e+03 1.78337e-04
7.27600e+03 1.78661e-04
7.27700e+03 1.78984e-04
7.27800e+03 1.79306e-04
7.27900e+03 1.79629e-04
7.28000e+03 1.79952e-04
7.28100e+03 1.80272e-04
7.28200e+03 1.80590e-04
7.28300e+03 1.80909e-04
7.28400e+03 1.81228e-04
7.28500e+03 1.81547e-04
7.28600e+03 1.81865e-04
7.28700e+03 1.82182e-04
7.28800e+03 1.82500e-04
7.28900e+03 1.82816e-04
7.29000e+03 1.83133e-04
7.29100e+03 1.83452e-04
7.29200e+03 1.83769e-04
7.29300e+03 1.84086e-04
7.29400e+03 1.84403e-04
7.29500e+03 1.84720e-04
7.29600e+03 1.85037e-04
7.29700e+03 1.85352e-04
7.29800e+03 1.85667e-04
7.29900e+03 1.85983e-04
7.30000e+03 1.86298e-04
7.30100e+03 1.86619e-04
7.30200e+03 1.86938e-04
7.30300e+03 1.87257e-04
7.30400e+03 1.87576e-04
7.30500e+03 1.87895e-04
7.30600e+03 1.88214e-04
7.30700e+03 1.88531e-04
7.30800e+03 1.88849e-04
7.30900e+03 1.89166e-04
7.31000e+03 1.89483e-04
7.31100e+03 1.89802e-04
7.31200e+03 1.90119e-04
7.31300e+03 1.90436e-04
7.31400e+03 1.90753e-04
7.31500e+03 1.91071e-04
7.31600e+03 1.91387e-04
7.31700e+03 1.91703e-04
7.31800e+03 1.92019e-04
7.31900e+03 1.92334e-04
7.32000e+03 1.92649e-04
7.32100e+03 1.92973e-04
7.32200e+03 1.93296e-04
7.32300e+03 1.93619e-04
7.32400e+03 1.93941e-04
7.32500e+03 1.94264e-04
7.32600e+03 1.94586e-04
7.32700e+03 1.94907e-04
7.32800e+03 1.95228e-04
7.32900e+03 1.95549e-04
7.33000e+03 1.95870e-04
7.33100e+03 1.96177e-04
7.33200e+03 1.96483e-04
7.33300e+03 1.96788e-04
7.33400e+03 1.97093e-04
7.33500e+03 1.97399e-04
7.33600e+03 1.97704e-04
7.33700e+03 1.98008e-04
7.33800e+03 1.98311e-04
7.33900e+03 1.98615e-04
7.34000e+03 1.98918e-04
7.34100e+03 1.99217e-04
7.34200e+03 1.99514e-04
7.34300e+03 1.99811e-04
7.34400e+03 2.00108e-04
7.34500e+03 2.00404e-04
7.34600e+03 2.00701e-04
7.34700e+03 2.00996e-04
7.34800e+03 2.01290e-04
7.34900e+03 2.01585e-04
7.35000e+03 2.01880e-04
7.35100e+03 2.02185e-04
7.35200e+03 2.02489e-04
7.35300e+03 2.02794e-04
7.35400e+03 2.03098e-04
7.35500e+03 2.03401e-04
7.35600e+03 2.03705e-04
7.35700e+03 2.04007e-04
7.35800e+03 2.04309e-04
7.35900e+03 2.04611e-04
7.36000e+03 2.04913e-04
7.36100e+03 2.05216e-04
7.36200e+03 2.05517e-04
7.36300e+03 2.05818e-04
7.36400e+03 2.06119e-04
7.36500e+03 2.06419e-04
7.36600e+03 2.06721e-04
7.36700e+03 2.07019e-04
7.36800e+03 2.07319e-04
7.36900e+03 2.07617e-04
7.37000e+03 2.07916e-04
7.37100e+03 2.08221e-04
7.37200e+03 2.08525e-04
7.37300e+03 2.08828e-04
7.37400e+03 2.09131e-04
7.37500e+03 2.09435e-04
7.37600e+03 2.09738e-04
7.37700e+03 2.10039e-04
7.37800e+03 2.10341e-04
7.37900e+03 2.10642e-04
7.38000e+03 2.10944e-04
7.38100e+03 2.11211e-04
7.38200e+03 2.11477e-04
7.38300e+03 2.11743e-04
7.38400e+03 2.12008e-04
7.38500e+03 2.12274e-04
7.38600e+03 2.12539e-04
7.38700e+03 2.12802e-04
7.38800e+03 2.13065e-04
7.38900e+03 2.13328e-04
7.39000e+03 2.13591e-04
7.39100e+03 2.13907e-04
7.39200e+03 2.14221e-04
7.39300e+03 2.14536e-04
7.39400e+03 2.14850e-04
7.39500e+03 2.15164e-04
7.39600e+03 2.15478e-04
7.39700e+03 2.15791e-04
7.39800e+03 2.16103e-04
7.39900e+03 2.16416e-04
7.40000e+03 2.16728e-04
7.40100e+03 2.16961e-04
7.40200e+03 2.17192e-04
7.40300e+03 2.17423e-04
7.40400e+03 2.17654e-04
7.40500e+03 2.17884e-04
7.40600e+03 2.18114e-04
7.40700e+03 2.18343e-04
7.40800e+03 2.18571e-04
7.40900e+03 2.18799e-04
7.41000e+03 2.19027e-04
7.41100e+03 2.19319e-04
7.41200e+03 2.19610e-04
7.41300e+03 2.19901e-04
7.41400e+03 2.20192e-04
7.41500e+03 2.20482e-04
7.41600e+03 2.20773e-04
7.41700e+03 2.21062e-04
7.41800e+03 2.21350e-04
7.41900e+03 2.21639e-04
7.42000e+03 2.21927e-04
7.42100e+03 2.22173e-04
7.42200e+03 2.22417e-04
7.42300e+03 2.22661e-04
7.42400e+03 2.22905e-04
7.42500e+03 2.23148e-04
7.42600e+03 2.23392e-04
7.42700e+03 2.23633e-04
7.42800e+03 2.23875e-04
7.42900e+03 2.24117e-04
7.43000e+03 2.24358e-04
7.43100e+03 2.24611e-04
7.43200e+03 2.24862e-04
7.43300e+03 2.25113e-04
7.43400e+03 2.25364e-04
7.43500e+03 2.25614e-04
7.43600e+03 2.25865e-04
7.43700e+03 2.26114e-04
7.43800e+03 2.26363e-04
7.43900e+03 2.26611e-04
7.44000e+03 2.26860e-04
7.44100e+03 2.27107e-04
7.44200e+03 2.27352e-04
7.44300e+03 2.27598e-04
7.44400e+03 2.27843e-04
7.44500e+03 2.28088e-04
7.44600e+03 2.28333e-04
7.44700e+03 2.28576e-04
7.44800e+03 2.28819e-04
7.44900e+03 2.29062e-04
7.45000e+03 2.29305e-04
7.45100e+03 2.29549e-04
7.45200e+03 2.29791e-04
7.45300e+03 2.30033e-04
7.45400e+03 2.30274e-04
7.45500e+03 2.30516e-04
7.45600e+03 2.30758e-04
7.45700e+03 2.30998e-04
7.45800e+03 2.31238e-04
7.45900e+03 2.31477e-04
7.46000e+03 2.31716e-04
7.46100e+03 2.31961e-04
7.46200e+03 2.32204e-04
7.46300e+03 2.32447e-04
7.46400e+03 2.32690e-04
7.46500e+03 2.32932e-04
7.46600e+03 2.33175e-04
7.46700e+03 2.33415e-04
7.46800e+03 2.33656e-04
7.46900e+03 2.33896e-04
7.47000e+03 2.34136e-04
7.47100e+03 2.34373e-04
7.47200e+03 2.34607e-04
7.47300e+03 2.34842e-04
7.47400e+03 2.35076e-04
7.47500e+03 2.35311e-04
7.47600e+03 2.35544e-04
7.47700e+03 2.35777e-04
7.47800e+03 2.36009e-04
7.47900e+03 2.36242e-04
7.48000e+03 2.36473e-04
7.48100e+03 2.36716e-04
7.48200e+03 2.36958e-04
7.48300e+03 2.37199e-04
7.48400e+03 2.37441e-04
7.48500e+03 2.37682e-04
7.48600e+03 2.37923e-04
7.48700e+03 2.38162e-04
7.48800e+03 2.38402e-04
7.48900e+03 2.38641e-04
7.49000e+03 2.38880e-04
7.49100e+03 2.39105e-04
7.49200e+03 2.39328e-04
7.49300e+03 2.39551e-04
7.49400e+03 2.39774e-04
7.49500e+03 2.39996e-04
7.49600e+03 2.40218e-04
7.49700e+03 2.40439e-04
7.49800e+03 2.40660e-04
7.49900e+03 2.40880e-04
7.50000e+03 2.41101e-04
7.50100e+03 2.41334e-04
7.50200e+03 2.41565e-04
7.50300e+03 2.41797e-04
7.50400e+03 2.42028e-04
7.50500e+03 2.42259e-04
7.50600e+03 2.42491e-04
7.50700e+03 2.42721e-04
7.50800e+03 2.42950e-04
7.50900e+03 2.43179e-04
7.51000e+03 2.43408e-04
7.51100e+03 2.43614e-04
7.51200e+03 2.43818e-04
7.51300e+03 2.44022e-04
7.51400e+03 2.44226e-04
7.51500e+03 2.44429e-04
7.51600e+03 2.44633e-04
7.51700e+03 2.44835e-04
7.51800e+03 2.45037e-04
7.51900e+03 2.45238e-04
7.52000e+03 2.45439e-04
7.52100e+03 2.45698e-04
7.52200e+03 2.45955e-04
7.52300e+03 2.46211e-04
7.52400e+03 2.46469e-04
7.52500e+03 2.46726e-04
7.52600e+03 2.46983e-04
7.52700e+03 2.47237e-04
7.52800e+03 2.47493e-04
7.52900e+03 2.47748e-04
7.53000e+03 2.48003e-04
7.53100e+03 2.48159e-04
7.53200e+03 2.48315e-04
7.53300e+03 2.48469e-04
7.53400e+03 2.48624e-04
7.53500e+03 2.48778e-04
7.53600e+03 2.48932e-04
7.53700e+03 2.49084e-04
7.53800e+03 2.49236e-04
7.53900e+03 2.49389e-04
7.54000e+03 2.49541e-04
7.54100e+03 2.49785e-04
7.54200e+03 2.50028e-04
7.54300e+03 2.50271e-04
7.54400e+03 2.50514e-04
7.54500e+03 2.50757e-04
7.54600e+03 2.51001e-04
7.54700e+03 2.51242e-04
7.54800e+03 2.51483e-04
7.54900e+03 2.51725e-04
7.55000e+03 2.51966e-04
7.55100e+03 2.52176e-04
7.55200e+03 2.52385e-04
7.55300e+03 2.52594e-04
7.55400e+03 2.52802e-04
7.55500e+03 2.53011e-04
7.55600e+03 2.53219e-04
7.55700e+03 2.53426e-04
7.55800e+03 2.53633e-04
7.55900e+03 2.53840e-04
7.56000e+03 2.54046e-04
7.56100e+03 2.54232e-04
7.56200e+03 2.54417e-04
7.56300e+03 2.54602e-04
7.56400e+03 2.54786e-04
7.56500e+03 2.54971e-04
7.56600e+03 2.55156e-04
7.56700e+03 2.55338e-04
7.56800e+03 2.55521e-04
7.56900e+03 2.55704e-04
7.57000e+03 2.55887e-04
7.57100e+03 2.56070e-04
7.57200e+03 2.56252e-04
7.57300e+03 2.56434e-04
7.57400e+03 2.56616e-04
7.57500e+03 2.56798e-04
7.57600e+03 2.56979e-04
7.57700e+03 2.57159e-04
7.57800e+03 2.57340e-04
7.57900e+03 2.57520e-04
7.58000e+03 2.57700e-04
7.58100e+03 2.57902e-04
7.58200e+03 2.58102e-04
7.58300e+03 2.58302e-04
7.58400e+03 2.58503e-04
7.58500e+03 2.58703e-04
7.58600e+03 2.58902e-04
7.58700e+03 2.59102e-04
7.58800e+03 2.59301e-04
7.58900e+03 2.59499e-04
7.59000e+03 2.59698e-04
7.59100e+03 2.59877e-04
7.59200e+03 2.60055e-04
7.59300e+03 2.60232e-04
7.59400e+03 2.60409e-04
7.59500e+03 2.60587e-04
7.59600e+03 2.60764e-04
7.59700e+03 2.60940e-04
7.59800e+03 2.61116e-04
7.59900e+03 2.61292e-04
7.60000e+03 2.61467e-04
7.60100e+03 2.61678e-04
7.60200e+03 2.61888e-04
7.60300e+03 2.62097e-04
7.60400e+03 2.62307e-04
7.60500e+03 2.62515e-04
7.60600e+03 2.62724e-04
7.60700e+03 2.62933e-04
7.60800e+03 2.63141e-04
7.60900e+03 2.63349e-04
7.61000e+03 2.63557e-04
7.61100e+03 2.63720e-04
7.61200e+03 2.63883e-04
7.61300e+03 2.64046e-04
7.61400e+03 2.64208e-04
7.61500e+03 2.64370e-04
7.61600e+03 2.64532e-04
7.61700e+03 2.64693e-04
7.61800e+03 2.64855e-04
7.61900e+03 2.65016e-04
7.62000e+03 2.65176e-04
7.62100e+03 2.65358e-04
7.62200e+03 2.65540e-04
7.62300e+03 2.65721e-04
7.62400e+03 2.65902e-04
7.62500e+03 2.66083e-04
7.62600e+03 2.66265e-04
7.62700e+03 2.66445e-04
7.62800e+03 2.66625e-04
7.62900e+03 2.66805e-04
7.63000e+03 2.66985e-04
7.63100e+03 2.67173e-04
7.63200e+03 2.67361e-04
7.63300e+03 2.67548e-04
7.63400e+03 2.67735e-04
7.63500e+03 2.67922e-04
7.63600e+03 2.68109e-04
7.63700e+03 2.68296e-04
7.63800e+03 2.68482e-04
7.63900e+03 2.68668e-04
7.64000e+03 2.68855e-04
7.64100e+03 2.68999e-04
7.64200e+03 2.69143e-04
7.64300e+03 2.69287e-04
7.64400e+03 2.69430e-04
7.64500e+03 2.69573e-04
7.64600e+03 2.69716e-04
7.64700e+03 2.69859e-04
7.64800e+03 2.70002e-04
7.64900e+03 2.70144e-04
7.65000e+03 2.70287e-04
7.65100e+03 2.70457e-04
7.65200e+03 2.70629e-04
7.65300e+03 2.70800e-04
7.65400e+03 2.70970e-04
7.65500e+03 2.71141e-04
7.65600e+03 2.71311e-04
7.65700e+03 2.71482e-04
7.65800e+03 2.71652e-04
7.65900e+03 2.71822e-04
7.66000e+03 2.71993e-04
7.66100e+03 2.72155e-04
7.66200e+03 2.72316e-04
7.66300e+03 2.72478e-04
7.66400e+03 2.72639e-04
7.66500e+03 2.72801e-04
7.66600e+03 2.72963e-04
7.66700e+03 2.73124e-04
7.66800e+03 2.73285e-04
7.66900e+03 2.73447e-04
7.67000e+03 2.73608e-04
7.67100e+03 2.73759e-04
7.67200e+03 2.73909e-04
7.67300e+03 2.74059e-04
7.67400e+03 2.74209e-04
7.67500e+03 2.74359e-04
7.67600e+03 2.74509e-04
7.67700e+03 2.74660e-04
7.67800e+03 2.74810e-04
7.67900e+03 2.74960e-04
7.68000e+03 2.75110e-04
7.68100e+03 2.75259e-04
7.68200e+03 2.75410e-04
7.68300e+03 2.75561e-04
7.68400e+03 2.75712e-04
7.68500e+03 2.75861e-04
7.68600e+03 2.76011e-04
7.68700e+03 2.76162e-04
7.68800e+03 2.76313e-04
7.68900e+03 2.76463e-04
7.69000e+03 2.76613e-04
7.69100e+03 2.76775e-04
7.69200e+03 2.76936e-04
7.69300e+03 2.77099e-04
7.69400e+03 2.77260e-04
7.69500e+03 2.77421e-04
7.69600e+03 2.77582e-04
7.69700e+03 2.77744e-04
7.69800e+03 2.77906e-04
7.69900e+03 2.78068e-04
7.70000e+03 2.78230e-04
7.70100e+03 2.78396e-04
7.70200e+03 2.78562e-04
7.70300e+03 2.78728e-04
7.70400e+03 2.78895e-04
7.70500e+03 2.79060e-04
7.70600e+03 2.79226e-04
7.70700e+03 2.79392e-04
7.70800e+03 2.79559e-04
7.70900e+03 2.79726e-04
7.71000e+03 2.79892e-04
7.71100e+03 2.80038e-04
7.71200e+03 2.80185e-04
7.71300e+03 2.80331e-04
7.71400e+03 2.80477e-04
7.71500e+03 2.80623e-04
7.71600e+03 2.80769e-04
7.71700e+03 2.80917e-04
7.71800e+03 2.81063e-04
7.71900e+03 2.81210e-04
7.72000e+03 2.81357e-04
7.72100e+03 2.81509e-04
7.72200e+03 2.81661e-04
7.72300e+03 2.81814e-04
7.72400e+03 2.81967e-04
7.72500e+03 2.82118e-04
7.72600e+03 2.82271e-04
7.72700e+03 2.82425e-04
7.72800e+03 2.82579e-04
7.72900e+03 2.82732e-04
7.73000e+03 2.82885e-04
7.73100e+03 2.83042e-04
7.73200e+03 2.83202e-04
7.73300e+03 2.83360e-04
7.73400e+03 2.83518e-04
7.73500e+03 2.83677e-04
7.73600e+03 2.83835e-04
7.73700e+03 2.83995e-04
7.73800e+03 2.84155e-04
7.73900e+03 2.84314e-04
7.74000e+03 2.84474e-04
7.74100e+03 2.84676e-04
7.74200e+03 2.84880e-04
7.74300e+03 2.85085e-04
7.74400e+03 2.85289e-04
7.74500e+03 2.85493e-04
7.74600e+03 2.85697e-04
7.74700e+03 2.85903e-04
7.74800e+03 2.86109e-04
7.74900e+03 2.86315e-04
7.75000e+03 2.86520e-04
7.75100e+03 2.86692e-04
7.75200e+03 2.86868e-04
7.75300e+03 2.87042e-04
7.75400e+03 2.87217e-04
7.75500e+03 2.87391e-04
7.75600e+03 2.87566e-04
7.75700e+03 2.87742e-04
7.75800e+03 2.87919e-04
7.75900e+03 2.88096e-04
7.76000e+03 2.88272e-04
7.76100e+03 2.88357e-04
7.76200e+03 2.88446e-04
7.76300e+03 2.88534e-04
7.76400e+03 2.88622e-04
7.76500e+03 2.88710e-04
7.76600e+03 2.88798e-04
7.76700e+03 2.88888e-04
7.76800e+03 2.88978e-04
7.76900e+03 2.89068e-04
7.77000e+03 2.89158e-04
7.77100e+03 2.89371e-04
7.77200e+03 2.89587e-04
7.77300e+03 2.89803e-04
7.77400e+03 2.90019e-04
7.77500e+03 2.90235e-04
7.77600e+03 2.90451e-04
7.77700e+03 2.90670e-04
7.77800e+03 2.90889e-04
7.77900e+03 2.91108e-04
7.78000e+03 2.91326e-04
7.78100e+03 2.91537e-04
7.78200e+03 2.91752e-04
7.78300e+03 2.91966e-04
7.78400e+03 2.92179e-04
7.78500e+03 2.92393e-04
7.78600e+03 2.92606e-04
7.78700e+03 2.92824e-04
7.78800e+03 2.93041e-04
7.78900e+03 2.93258e-04
7.79000e+03 2.93475e-04
7.79100e+03 2.93672e-04
7.79200e+03 2.93872e-04
7.79300e+03 2.94072e-04
7.79400e+03 2.94273e-04
7.79500e+03 2.94472e-04
7.79600e+03 2.94672e-04
7.79700e+03 2.94877e-04
7.79800e+03 2.95081e-04
7.79900e+03 2.95285e-04
7.80000e+03 2.95488e-04
7.80100e+03 2.95692e-04
7.80200e+03 2.95900e-04
7.80300e+03 2.96108e-04
7.80400e+03 2.96315e-04
7.80500e+03 2.96524e-04
7.80600e+03 2.96730e-04
7.80700e+03 2.96943e-04
7.80800e+03 2.97155e-04
7.80900e+03 2.97367e-04
7.81000e+03 2.97578e-04
7.81100e+03 2.97736e-04
7.81200e+03 2.97898e-04
7.81300e+03 2.98061e-04
7.81400e+03 2.98223e-04
7.81500e+03 2.98385e-04
7.81600e+03 2.98547e-04
7.81700e+03 2.98713e-04
7.81800e+03 2.98880e-04
7.81900e+03 2.99047e-04
7.82000e+03 2.99212e-04
7.82100e+03 2.99405e-04
7.82200e+03 2.99603e-04
7.82300e+03 2.99801e-04
7.82400e+03 2.99999e-04
7.82500e+03 3.00198e-04
7.82600e+03 3.00394e-04
7.82700e+03 3.00598e-04
7.82800e+03 3.00800e-04
7.82900e+03 3.01003e-04
7.83000e+03 3.01205e-04
7.83100e+03 3.01376e-04
7.83200e+03 3.01554e-04
7.83300e+03 3.01730e-04
7.83400e+03 3.01906e-04
7.83500e+03 3.02081e-04
7.83600e+03 3.02258e-04
7.83700e+03 3.02439e-04
7.83800e+03 3.02621e-04
7.83900e+03 3.02803e-04
7.84000e+03 3.02984e-04
7.84100e+03 3.03244e-04
7.84200e+03 3.03511e-04
7.84300e+03 3.03778e-04
7.84400e+03 3.04044e-04
7.84500e+03 3.04311e-04
7.84600e+03 3.04578e-04
7.84700e+03 3.04850e-04
7.84800e+03 3.05124e-04
7.84900e+03 3.05397e-04
7.85000e+03 3.05669e-04
7.85100e+03 3.05842e-04
7.85200e+03 3.06021e-04
7.85300e+03 3.06201e-04
7.85400e+03 3.06381e-04
7.85500e+03 3.06558e-04
7.85600e+03 3.06737e-04
7.85700e+03 3.06923e-04
7.85800e+03 3.07109e-04
7.85900e+03 3.07293e-04
7.86000e+03 3.07478e-04
7.86100e+03 3.07742e-04
7.86200e+03 3.08013e-04
7.86300e+03 3.08284e-04
7.86400e+03 3.08554e-04
7.86500e+03 3.08825e-04
7.86600e+03 3.09095e-04
7.86700e+03 3.09374e-04
7.86800e+03 3.09652e-04
7.86900e+03 3.09931e-04
7.87000e+03 3.10208e-04
7.87100e+03 3.10453e-04
7.87200e+03 3.10705e-04
7.87300e+03 3.10957e-04
7.87400e+03 3.11209e-04
7.87500e+03 3.11461e-04
7.87600e+03 3.11713e-04
7.87700e+03 3.11973e-04
7.87800e+03 3.12234e-04
7.87900e+03 3.12494e-04
7.88000e+03 3.12753e-04
7.88100e+03 3.13027e-04
7.88200e+03 3.13310e-04
7.88300e+03 3.13591e-04
7.88400e+03 3.13874e-04
7.88500e+03 3.14156e-04
7.88600e+03 3.14438e-04
7.88700e+03 3.14729e-04
7.88800e+03 3.15021e-04
7.88900e+03 3.15311e-04
7.89000e+03 3.15603e-04
7.89100e+03 3.15885e-04
7.89200e+03 3.16177e-04
7.89300e+03 3.16470e-04
7.89400e+03 3.16762e-04
7.89500e+03 3.17054e-04
7.89600e+03 3.17345e-04
7.89700e+03 3.17647e-04
7.89800e+03 3.17950e-04
7.89900e+03 3.18252e-04
7.90000e+03 3.18553e-04
7.90100e+03 3.18846e-04
7.90200e+03 3.19151e-04
7.90300e+03 3.19454e-04
7.90400e+03 3.19758e-04
7.90500e+03 3.20061e-04
7.90600e+03 3.20365e-04
7.90700e+03 3.20680e-04
7.90800e+03 3.20994e-04
7.90900e+03 3.21309e-04
7.91000e+03 3.21623e-04
7.91100e+03 3.21923e-04
7.91200e+03 3.22236e-04
7.91300e+03 3.22548e-04
7.91400e+03 3.22861e-04
7.91500e+03 3.23173e-04
7.91600e+03 3.23484e-04
7.91700e+03 3.23808e-04
7.91800e+03 3.24133e-04
7.91900e+03 3.24456e-04
7.92000e+03 3.24779e-04
7.92100e+03 3.25131e-04
7.92200e+03 3.25496e-04
7.92300e+03 3.25860e-04
7.92400e+03 3.26225e-04
7.92500e+03 3.26589e-04
7.92600e+03 3.26952e-04
7.92700e+03 3.27329e-04
7.92800e+03 3.27708e-04
7.92900e+03 3.28084e-04
7.93000e+03 3.28461e-04
7.93100e+03 3.28853e-04
7.93200e+03 3.29261e-04
7.93300e+03 3.29667e-04
7.93400e+03 3.30073e-04
7.93500e+03 3.30480e-04
7.93600e+03 3.30886e-04
7.93700e+03 3.31307e-04
7.93800e+03 3.31729e-04
7.93900e+03 3.32150e-04
7.94000e+03 3.32569e-04
7.94100e+03 3.32929e-04
7.94200e+03 3.33304e-04
7.94300e+03 3.33677e-04
7.94400e+03 3.34052e-04
7.94500e+03 3.34425e-04
7.94600e+03 3.34798e-04
7.94700e+03 3.35188e-04
7.94800e+03 3.35577e-04
7.94900e+03 3.35965e-04
7.95000e+03 3.36354e-04
7.95100e+03 3.36747e-04
7.95200e+03 3.37156e-04
7.95300e+03 3.37566e-04
7.95400e+03 3.37975e-04
7.95500e+03 3.38383e-04
7.95600e+03 3.38792e-04
7.95700e+03 3.39218e-04
7.95800e+03 3.39645e-04
7.95900e+03 3.40069e-04
7.96000e+03 3.40495e-04
7.96100e+03 3.40940e-04
7.96200e+03 3.41404e-04
7.96300e+03 3.41867e-04
7.96400e+03 3.42330e-04
7.96500e+03 3.42793e-04
7.96600e+03 3.43256e-04
7.96700e+03 3.43739e-04
7.96800e+03 3.44221e-04
7.96900e+03 3.44702e-04
7.97000e+03 3.45183e-04
7.97100e+03 3.45674e-04
7.97200e+03 3.46184e-04
7.97300e+03 3.46694e-04
7.97400e+03 3.47205e-04
7.97500e+03 3.47715e-04
7.97600e+03 3.48223e-04
7.97700e+03 3.48755e-04
7.97800e+03 3.49286e-04
7.97900e+03 3.49815e-04
7.98000e+03 3.50345e-04
7.98100e+03 3.51033e-04
7.98200e+03 3.51746e-04
7.98300e+03 3.52458e-04
7.98400e+03 3.53171e-04
7.98500e+03 3.53883e-04
7.98600e+03 3.54595e-04
7.98700e+03 3.55332e-04
7.98800e+03 3.56069e-04
7.98900e+03 3.56806e-04
7.99000e+03 3.57542e-04
7.99100e+03 3.58192e-04
7.99200e+03 3.58867e-04
7.99300e+03 3.59541e-04
7.99400e+03 3.60215e-04
7.99500e+03 3.60889e-04
7.99600e+03 3.61564e-04
7.99700e+03 3.62263e-04
7.99800e+03 3.62963e-04
7.99900e+03 3.63663e-04
8.00000e+03 3.64362e-04
8.00100e+03 3.64937e-04
8.00200e+03 3.65539e-04
8.00300e+03 3.66141e-04
8.00400e+03 3.66740e-04
8.00500e+03 3.67341e-04
8.00600e+03 3.67940e-04
8.00700e+03 3.68568e-04
8.00800e+03 3.69194e-04
8.00900e+03 3.69820e-04
8.01000e+03 3.70446e-04
8.01100e+03 3.71132e-04
8.01200e+03 3.71847e-04
8.01300e+03 3.72562e-04
8.01400e+03 3.73277e-04
8.01500e+03 3.73990e-04
8.01600e+03 3.74704e-04
8.01700e+03 3.75449e-04
8.01800e+03 3.76193e-04
8.01900e+03 3.76937e-04
8.02000e+03 3.77679e-04
8.02100e+03 3.78467e-04
8.02200e+03 3.79287e-04
8.02300e+03 3.80106e-04
8.02400e+03 3.80925e-04
8.02500e+03 3.81743e-04
8.02600e+03 3.82561e-04
8.02700e+03 3.83414e-04
8.02800e+03 3.84267e-04
8.02900e+03 3.85119e-04
8.03000e+03 3.85971e-04
8.03100e+03 3.86775e-04
8.03200e+03 3.87614e-04
8.03300e+03 3.88454e-04
8.03400e+03 3.89293e-04
8.03500e+03 3.90131e-04
8.03600e+03 3.90968e-04
8.03700e+03 3.91844e-04
8.03800e+03 3.92717e-04
8.03900e+03 3.93591e-04
8.04000e+03 3.94464e-04
8.04100e+03 3.95333e-04
8.04200e+03 3.96243e-04
8.04300e+03 3.97153e-04
8.04400e+03 3.98060e-04
8.04500e+03 3.98967e-04
8.04600e+03 3.99874e-04
8.04700e+03 4.00821e-04
8.04800e+03 4.01768e-04
8.04900e+03 4.02713e-04
8.05000e+03 4.03659e-04
8.05100e+03 4.04714e-04
8.05200e+03 4.05812e-04
8.05300e+03 4.06911e-04
8.05400e+03 4.08008e-04
8.05500e+03 4.09106e-04
8.05600e+03 4.10204e-04
8.05700e+03 4.11346e-04
8.05800e+03 4.12489e-04
8.05900e+03 4.13632e-04
8.06000e+03 4.14774e-04
8.06100e+03 4.15695e-04
8.06200e+03 4.16664e-04
8.06300e+03 4.17630e-04
8.06400e+03 4.18597e-04
8.06500e+03 4.19560e-04
8.06600e+03 4.20522e-04
8.06700e+03 4.21534e-04
8.06800e+03 4.22543e-04
8.06900e+03 4.23552e-04
8.07000e+03 4.24560e-04
8.07100e+03 4.25789e-04
8.07200e+03 4.27073e-04
8.07300e+03 4.28355e-04
8.07400e+03 4.29638e-04
8.07500e+03 4.30920e-04
8.07600e+03 4.32200e-04
8.07700e+03 4.33537e-04
8.07800e+03 4.34873e-04
8.07900e+03 4.36210e-04
8.08000e+03 4.37545e-04
8.08100e+03 4.38803e-04
8.08200e+03 4.40119e-04
8.08300e+03 4.41435e-04
8.08400e+03 4.42750e-04
8.08500e+03 4.44063e-04
8.08600e+03 4.45375e-04
8.08700e+03 4.46749e-04
8.08800e+03 4.48120e-04
8.08900e+03 4.49492e-04
8.09000e+03 4.50863e-04
8.09100e+03 4.52111e-04
8.09200e+03 4.53423e-04
8.09300e+03 4.54733e-04
8.09400e+03 4.56042e-04
8.09500e+03 4.57349e-04
8.09600e+03 4.58653e-04
8.09700e+03 4.60025e-04
8.09800e+03 4.61393e-04
8.09900e+03 4.62759e-04
8.10000e+03 4.64124e-04
8.10100e+03 4.65695e-04
8.10200e+03 4.67333e-04
8.10300e+03 4.68973e-04
8.10400e+03 4.70611e-04
8.10500e+03 4.72249e-04
8.10600e+03 4.73887e-04
8.10700e+03 4.75596e-04
8.10800e+03 4.77306e-04
8.10900e+03 4.79016e-04
8.11000e+03 4.80724e-04
8.11100e+03 4.82329e-04
8.11200e+03 4.84007e-04
8.11300e+03 4.85685e-04
8.11400e+03 4.87362e-04
8.11500e+03 4.89037e-04
8.11600e+03 4.90712e-04
8.11700e+03 4.92464e-04
8.11800e+03 4.94217e-04
8.11900e+03 4.95968e-04
8.12000e+03 4.97718e-04
8.12100e+03 4.99423e-04
8.12200e+03 5.01213e-04
8.12300e+03 5.03001e-04
8.12400e+03 5.04787e-04
8.12500e+03 5.06571e-04
8.12600e+03 5.08354e-04
8.12700e+03 5.10224e-04
8.12800e+03 5.12093e-04
8.12900e+03 5.13959e-04
8.13000e+03 5.15823e-04
8.13100e+03 5.17705e-04
8.13200e+03 5.19679e-04
8.13300e+03 5.21651e-04
8.13400e+03 5.23621e-04
8.13500e+03 5.25591e-04
8.13600e+03 5.27556e-04
8.13700e+03 5.29620e-04
8.13800e+03 5.31680e-04
8.13900e+03 5.33741e-04
8.14000e+03 5.35798e-04
8.14100e+03 5.37822e-04
8.14200e+03 5.39947e-04
8.14300e+03 5.42068e-04
8.14400e+03 5.44189e-04
8.14500e+03 5.46306e-04
8.14600e+03 5.48422e-04
8.14700e+03 5.50644e-04
8.14800e+03 5.52863e-04
8.14900e+03 5.55081e-04
8.15000e+03 5.57293e-04
8.15100e+03 5.59636e-04
8.15200e+03 5.62088e-04
8.15300e+03 5.64541e-04
8.15400e+03 5.66991e-04
8.15500e+03 5.69441e-04
8.15600e+03 5.71890e-04
8.15700e+03 5.74454e-04
8.15800e+03 5.77019e-04
8.15900e+03 5.79582e-04
8.16000e+03 5.82145e-04
8.16100e+03 5.84399e-04
8.16200e+03 5.86776e-04
8.16300e+03 5.89149e-04
8.16400e+03 5.91518e-04
8.16500e+03 5.93883e-04
8.16600e+03 5.96242e-04
8.16700e+03 5.98731e-04
8.16800e+03 6.01213e-04
8.16900e+03 6.03693e-04
8.17000e+03 6.06166e-04
8.17100e+03 6.08993e-04
8.17200e+03 6.11954e-04
8.17300e+03 6.14917e-04
8.17400e+03 6.17877e-04
8.17500e+03 6.20834e-04
8.17600e+03 6.23793e-04
8.17700e+03 6.26893e-04
8.17800e+03 6.29994e-04
8.17900e+03 6.33092e-04
8.18000e+03 6.36189e-04
8.18100e+03 6.39275e-04
8.18200e+03 6.42509e-04
8.18300e+03 6.45746e-04
8.18400e+03 6.48978e-04
8.18500e+03 6.52211e-04
8.18600e+03 6.55440e-04
8.18700e+03 6.58830e-04
8.18800e+03 6.62219e-04
8.18900e+03 6.65604e-04
8.19000e+03 6.68989e-04
8.19100e+03 6.72147e-04
8.19200e+03 6.75470e-04
8.19300e+03 6.78789e-04
8.19400e+03 6.82105e-04
8.19500e+03 6.85414e-04
8.19600e+03 6.88723e-04
8.19700e+03 6.92202e-04
8.19800e+03 6.95682e-04
8.19900e+03 6.99153e-04
8.20000e+03 7.02623e-04
8.20100e+03 7.06191e-04
8.20200e+03 7.09944e-04
8.20300e+03 7.13694e-04
8.20400e+03 7.17439e-04
8.20500e+03 7.21184e-04
8.20600e+03 7.24923e-04
8.20700e+03 7.28858e-04
8.20800e+03 7.32788e-04
8.20900e+03 7.36716e-04
8.21000e+03 7.40639e-04
8.21100e+03 7.44676e-04
8.21200e+03 7.48918e-04
8.21300e+03 7.53155e-04
8.21400e+03 7.57393e-04
8.21500e+03 7.61628e-04
8.21600e+03 7.65861e-04
8.21700e+03 7.70310e-04
8.21800e+03 7.74757e-04
8.21900e+03 7.79201e-04
8.22000e+03 7.83643e-04
8.22100e+03 7.87615e-04
8.22200e+03 7.91811e-04
8.22300e+03 7.95997e-04
8.22400e+03 8.00174e-04
8.22500e+03 8.04349e-04
8.22600e+03 8.08511e-04
8.22700e+03 8.12911e-04
8.22800e+03 8.17301e-04
8.22900e+03 8.21680e-04
8.23000e+03 8.26056e-04
8.23100e+03 8.30860e-04
8.23200e+03 8.35920e-04
8.23300e+03 8.40976e-04
8.23400e+03 8.46025e-04
8.23500e+03 8.51075e-04
8.23600e+03 8.56121e-04
8.23700e+03 8.61428e-04
8.23800e+03 8.66738e-04
8.23900e+03 8.72041e-04
8.24000e+03 8.77340e-04
8.24100e+03 8.82483e-04
8.24200e+03 8.87902e-04
8.24300e+03 8.93317e-04
8.24400e+03 8.98725e-04
8.24500e+03 9.04126e-04
8.24600e+03 9.09524e-04
8.24700e+03 9.15213e-04
8.24800e+03 9.20898e-04
8.24900e+03 9.26576e-04
8.25000e+03 9.32250e-04
8.25100e+03 9.38041e-04
8.25200e+03 9.44142e-04
8.25300e+03 9.50243e-04
8.25400e+03 9.56335e-04
8.25500e+03 9.62425e-04
8.25600e+03 9.68508e-04
8.25700e+03 9.74922e-04
8.25800e+03 9.81329e-04
8.25900e+03 9.87730e-04
8.26000e+03 9.94126e-04
8.26100e+03 1.00041e-03
8.26200e+03 1.00704e-03
8.26300e+03 1.01366e-03
8.26400e+03 1.02028e-03
8.26500e+03 1.02688e-03
8.26600e+03 1.03349e-03
8.26700e+03 1.04045e-03
8.26800e+03 1.04741e-03
8.26900e+03 1.05436e-03
8.27000e+03 1.06131e-03
8.27100e+03 1.06833e-03
8.27200e+03 1.07575e-03
8.27300e+03 1.08316e-03
8.27400e+03 1.09056e-03
8.27500e+03 1.09796e-03
8.27600e+03 1.10535e-03
8.27700e+03 1.11314e-03
8.27800e+03 1.12094e-03
8.27900e+03 1.12872e-03
8.28000e+03 1.13650e-03
8.28100e+03 1.14425e-03
8.28200e+03 1.15243e-03
8.28300e+03 1.16061e-03
8.28400e+03 1.16878e-03
8.28500e+03 1.17695e-03
8.28600e+03 1.18510e-03
8.28700e+03 1.19372e-03
8.28800e+03 1.20232e-03
8.28900e+03 1.21092e-03
8.29000e+03 1.21951e-03
8.29100e+03 1.22773e-03
8.29200e+03 1.23644e-03
8.29300e+03 1.24512e-03
8.29400e+03 1.25380e-03
8.29500e+03 1.26247e-03
8.29600e+03 1.27111e-03
8.29700e+03 1.28027e-03
8.29800e+03 1.28941e-03
8.29900e+03 1.29854e-03
8.30000e+03 1.30765e-03
8.30100e+03 1.31702e-03
8.30200e+03 1.32693e-03
8.30300e+03 1.33683e-03
8.30400e+03 1.34672e-03
8.30500e+03 1.35659e-03
8.30600e+03 1.36646e-03
8.30700e+03 1.37689e-03
8.30800e+03 1.38731e-03
8.30900e+03 1.39773e-03
8.31000e+03 1.40813e-03
8.31100e+03 1.41851e-03
8.31200e+03 1.42948e-03
8.31300e+03 1.44046e-03
8.31400e+03 1.45141e-03
8.31500e+03 1.46235e-03
8.31600e+03 1.47329e-03
8.31700e+03 1.48486e-03
8.31800e+03 1.49641e-03
8.31900e+03 1.50796e-03
8.32000e+03 1.51949e-03
8.32100e+03 1.53131e-03
8.32200e+03 1.54380e-03
8.32300e+03 1.55628e-03
8.32400e+03 1.56875e-03
8.32500e+03 1.58123e-03
8.32600e+03 1.59369e-03
8.32700e+03 1.60687e-03
8.32800e+03 1.62004e-03
8.32900e+03 1.63320e-03
8.33000e+03 1.64636e-03
8.33100e+03 1.65907e-03
8.33200e+03 1.67255e-03
8.33300e+03 1.68600e-03
8.33400e+03 1.69944e-03
8.33500e+03 1.71287e-03
8.33600e+03 1.72628e-03
8.33700e+03 1.74049e-03
8.33800e+03 1.75468e-03
8.33900e+03 1.76885e-03
8.34000e+03 1.78301e-03
8.34100e+03 1.79758e-03
8.34200e+03 1.81302e-03
8.34300e+03 1.82844e-03
8.34400e+03 1.84385e-03
8.34500e+03 1.85925e-03
8.34600e+03 1.87463e-03
8.34700e+03 1.89093e-03
8.34800e+03 1.90722e-03
8.34900e+03 1.92350e-03
8.35000e+03 1.93976e-03
8.35100e+03 1.95584e-03
8.35200e+03 1.97287e-03
8.35300e+03 1.98989e-03
8.35400e+03 2.00689e-03
8.35500e+03 2.02387e-03
8.35600e+03 2.04085e-03
8.35700e+03 2.05885e-03
8.35800e+03 2.07683e-03
8.35900e+03 2.09480e-03
8.36000e+03 2.11274e-03
8.36100e+03 2.13067e-03
8.36200e+03 2.14969e-03
8.36300e+03 2.16869e-03
8.36400e+03 2.18767e-03
8.36500e+03 2.20663e-03
8.36600e+03 2.22558e-03
8.36700e+03 2.24568e-03
8.36800e+03 2.26576e-03
8.36900e+03 2.28583e-03
8.37000e+03 2.30587e-03
8.37100e+03 2.32539e-03
8.37200e+03 2.34611e-03
8.37300e+03 2.36681e-03
8.37400e+03 2.38748e-03
8.37500e+03 2.40812e-03
8.37600e+03 2.42874e-03
8.37700e+03 2.45064e-03
8.37800e+03 2.47252e-03
8.37900e+03 2.49436e-03
8.38000e+03 2.51618e-03
8.38100e+03 2.53891e-03
8.38200e+03 2.56303e-03
8.38300e+03 2.58713e-03
8.38400e+03 2.61123e-03
8.38500e+03 2.63530e-03
8.38600e+03 2.65936e-03
8.38700e+03 2.68490e-03
8.38800e+03 2.71044e-03
8.38900e+03 2.73595e-03
8.39000e+03 2.76145e-03
8.39100e+03 2.78734e-03
8.39200e+03 2.81482e-03
8.39300e+03 2.84229e-03
8.39400e+03 2.86975e-03
8.39500e+03 2.89720e-03
8.39600e+03 2.92463e-03
8.39700e+03 2.95377e-03
8.39800e+03 2.98290e-03
8.39900e+03 3.01201e-03
8.40000e+03 3.04111e-03
8.40100e+03 3.06815e-03
8.40200e+03 3.09694e-03
8.40300e+03 3.12569e-03
8.40400e+03 3.15437e-03
8.40500e+03 3.18301e-03
8.40600e+03 3.21161e-03
8.40700e+03 3.24208e-03
8.40800e+03 3.27250e-03
8.40900e+03 3.30286e-03
8.41000e+03 3.33316e-03
8.41100e+03 3.36427e-03
8.41200e+03 3.39739e-03
8.41300e+03 3.43047e-03
8.41400e+03 3.46351e-03
8.41500e+03 3.49651e-03
8.41600e+03 3.52947e-03
8.41700e+03 3.56457e-03
8.41800e+03 3.59963e-03
8.41900e+03 3.63465e-03
8.42000e+03 3.66962e-03
8.42100e+03 3.70481e-03
8.42200e+03 3.74227e-03
8.42300e+03 3.77969e-03
8.42400e+03 3.81708e-03
8.42500e+03 3.85442e-03
8.42600e+03 3.89173e-03
8.42700e+03 3.93148e-03
8.42800e+03 3.97119e-03
8.42900e+03 4.01084e-03
8.43000e+03 4.05047e-03
8.43100e+03 4.08895e-03
8.43200e+03 4.12999e-03
8.43300e+03 4.17097e-03
8.43400e+03 4.21189e-03
8.43500e+03 4.25274e-03
8.43600e+03 4.29352e-03
8.43700e+03 4.33705e-03
8.43800e+03 4.38051e-03
8.43900e+03 4.42391e-03
8.44000e+03 4.46721e-03
8.44100e+03 4.51183e-03
8.44200e+03 4.55942e-03
8.44300e+03 4.60696e-03
8.44400e+03 4.65445e-03
8.44500e+03 4.70187e-03
8.44600e+03 4.74926e-03
8.44700e+03 4.79982e-03
8.44800e+03 4.85031e-03
8.44900e+03 4.90077e-03
8.45000e+03 4.95118e-03
8.45100e+03 5.00114e-03
8.45200e+03 5.05447e-03
8.45300e+03 5.10774e-03
8.45400e+03 5.16096e-03
8.45500e+03 5.21410e-03
8.45600e+03 5.26719e-03
8.45700e+03 5.32388e-03
8.45800e+03 5.38049e-03
8.45900e+03 5.43703e-03
8.46000e+03 5.49351e-03
8.46100e+03 5.54959e-03
8.46200e+03 5.60950e-03
8.46300e+03 5.66932e-03
8.46400e+03 5.72909e-03
8.46500e+03 5.78877e-03
8.46600e+03 5.84836e-03
8.46700e+03 5.91206e-03
8.46800e+03 5.97566e-03
8.46900e+03 6.03919e-03
8.47000e+03 6.10263e-03
8.47100e+03 6.16654e-03
8.47200e+03 6.23487e-03
8.47300e+03 6.30305e-03
8.47400e+03 6.37121e-03
8.47500e+03 6.43930e-03
8.47600e+03 6.50727e-03
8.47700e+03 6.57996e-03
8.47800e+03 6.65256e-03
8.47900e+03 6.72504e-03
8.48000e+03 6.79749e-03
8.48100e+03 6.87239e-03
8.48200e+03 6.95238e-03
8.48300e+03 7.03231e-03
8.48400e+03 7.11220e-03
8.48500e+03 7.19208e-03
8.48600e+03 7.27192e-03
8.48700e+03 7.35719e-03
8.48800e+03 7.44243e-03
8.48900e+03 7.52763e-03
8.49000e+03 7.61280e-03
8.49100e+03 7.69296e-03
8.49200e+03 7.77882e-03
8.49300e+03 7.86452e-03
8.49400e+03 7.95010e-03
8.49500e+03 8.03552e-03
8.49600e+03 8.12075e-03
8.49700e+03 8.21213e-03
8.49800e+03 8.30330e-03
8.49900e+03 8.39432e-03
8.50000e+03 8.48518e-03
8.50100e+03 8.57823e-03
8.50200e+03 8.67780e-03
8.50300e+03 8.77727e-03
8.50400e+03 8.87663e-03
8.50500e+03 8.97586e-03
8.50600e+03 9.07497e-03
8.50700e+03 9.18106e-03
8.50800e+03 9.28706e-03
8.50900e+03 9.39294e-03
8.51000e+03 9.49869e-03
8.51100e+03 9.60551e-03
8.51200e+03 9.71987e-03
8.51300e+03 9.83413e-03
8.51400e+03 9.94828e-03
8.51500e+03 1.00623e-02
8.51600e+03 1.01763e-02
8.51700e+03 1.02982e-02
8.51800e+03 1.04201e-02
8.51900e+03 1.05419e-02
8.52000e+03 1.06635e-02
8.52100e+03 1.07843e-02
8.52200e+03 1.09137e-02
8.52300e+03 1.10429e-02
8.52400e+03 1.11720e-02
8.52500e+03 1.13009e-02
8.52600e+03 1.14297e-02
8.52700e+03 1.15677e-02
8.52800e+03 1.17056e-02
8.52900e+03 1.18433e-02
8.53000e+03 1.19808e-02
8.53100e+03 1.21149e-02
8.53200e+03 1.22589e-02
8.53300e+03 1.24025e-02
8.53400e+03 1.25459e-02
8.53500e+03 1.26890e-02
8.53600e+03 1.28319e-02
8.53700e+03 1.29852e-02
8.53800e+03 1.31383e-02
8.53900e+03 1.32912e-02
8.54000e+03 1.34437e-02
8.54100e+03 1.36003e-02
8.54200e+03 1.37681e-02
8.54300e+03 1.39358e-02
8.54400e+03 1.41032e-02
8.54500e+03 1.42705e-02
8.54600e+03 1.44376e-02
8.54700e+03 1.46167e-02
8.54800e+03 1.47956e-02
8.54900e+03 1.49744e-02
8.55000e+03 1.51530e-02
8.55100e+03 1.53298e-02
8.55200e+03 1.55193e-02
8.55300e+03 1.57087e-02
8.55400e+03 1.58978e-02
8.55500e+03 1.60868e-02
8.55600e+03 1.62754e-02
8.55700e+03 1.64776e-02
8.55800e+03 1.66796e-02
8.55900e+03 1.68813e-02
8.56000e+03 1.70828e-02
8.56100e+03 1.72849e-02
8.56200e+03 1.75016e-02
8.56300e+03 1.77180e-02
8.56400e+03 1.79341e-02
8.56500e+03 1.81501e-02
8.56600e+03 1.83657e-02
8.56700e+03 1.85969e-02
8.56800e+03 1.88277e-02
8.56900e+03 1.90583e-02
8.57000e+03 1.92887e-02
8.57100e+03 1.95173e-02
8.57200e+03 1.97624e-02
8.57300e+03 2.00072e-02
8.57400e+03 2.02516e-02
8.57500e+03 2.04957e-02
8.57600e+03 2.07395e-02
8.57700e+03 2.10008e-02
8.57800e+03 2.12617e-02
8.57900e+03 2.15223e-02
8.58000e+03 2.17826e-02
8.58100e+03 2.20417e-02
8.58200e+03 2.23193e-02
8.58300e+03 2.25967e-02
8.58400e+03 2.28735e-02
8.58500e+03 2.31501e-02
8.58600e+03 2.34262e-02
8.58700e+03 2.37219e-02
8.58800e+03 2.40173e-02
8.58900e+03 2.43122e-02
8.59000e+03 2.46068e-02
8.59100e+03 2.49021e-02
8.59200e+03 2.52182e-02
8.59300e+03 2.55339e-02
8.59400e+03 2.58492e-02
8.59500e+03 2.61642e-02
8.59600e+03 2.64785e-02
8.59700e+03 2.68151e-02
8.59800e+03 2.71512e-02
8.59900e+03 2.74868e-02
8.60000e+03 2.78220e-02
8.60100e+03 2.81577e-02
8.60200e+03 2.85167e-02
8.60300e+03 2.88752e-02
8.60400e+03 2.92334e-02
8.60500e+03 2.95911e-02
8.60600e+03 2.99484e-02
8.60700e+03 3.03301e-02
8.60800e+03 3.07112e-02
8.60900e+03 3.10920e-02
8.61000e+03 3.14723e-02
8.61100e+03 3.18528e-02
8.61200e+03 3.22590e-02
8.61300e+03 3.26648e-02
8.61400e+03 3.30701e-02
8.61500e+03 3.34749e-02
8.61600e+03 3.38792e-02
8.61700e+03 3.43104e-02
8.61800e+03 3.47411e-02
8.61900e+03 3.51713e-02
8.62000e+03 3.56011e-02
8.62100e+03 3.60240e-02
8.62200e+03 3.64751e-02
8.62300e+03 3.69253e-02
8.62400e+03 3.73749e-02
8.62500e+03 3.78237e-02
8.62600e+03 3.82719e-02
8.62700e+03 3.87493e-02
8.62800e+03 3.92259e-02
8.62900e+03 3.97017e-02
8.63000e+03 4.01767e-02
8.63100e+03 4.06537e-02
8.63200e+03 4.11608e-02
8.63300e+03 4.16673e-02
8.63400e+03 4.21730e-02
8.63500e+03 4.26780e-02
8.63600e+03 4.31823e-02
8.63700e+03 4.37178e-02
8.63800e+03 4.42526e-02
8.63900e+03 4.47865e-02
8.64000e+03 4.53198e-02
8.64100e+03 4.58587e-02
8.64200e+03 4.64299e-02
8.64300e+03 4.70004e-02
8.64400e+03 4.75704e-02
8.64500e+03 4.81395e-02
8.64600e+03 4.87081e-02
8.64700e+03 4.93097e-02
8.64800e+03 4.99108e-02
8.64900e+03 5.05109e-02
8.65000e+03 5.11105e-02
8.65100e+03 5.17064e-02
8.65200e+03 5.23357e-02
8.65300e+03 5.29645e-02
8.65400e+03 5.35923e-02
8.65500e+03 5.42192e-02
8.65600e+03 5.48454e-02
8.65700e+03 5.55058e-02
8.65800e+03 5.61652e-02
8.65900e+03 5.68234e-02
8.66000e+03 5.74814e-02
8.66100e+03 5.81396e-02
8.66200e+03 5.88319e-02
8.66300e+03 5.95234e-02
8.66400e+03 6.02140e-02
8.66500e+03 6.09039e-02
8.66600e+03 6.15928e-02
8.66700e+03 6.23159e-02
8.66800e+03 6.30379e-02
8.66900e+03 6.37591e-02
8.67000e+03 6.44795e-02
8.67100e+03 6.51932e-02
8.67200e+03 6.59401e-02
8.67300e+03 6.66860e-02
8.67400e+03 6.74310e-02
8.67500e+03 6.81750e-02
8.67600e+03 6.89175e-02
8.67700e+03 6.96930e-02
8.67800e+03 7.04674e-02
8.67900e+03 7.12407e-02
8.68000e+03 7.20127e-02
8.68100e+03 7.27841e-02
8.68200e+03 7.35870e-02
8.68300e+03 7.43886e-02
8.68400e+03 7.51893e-02
8.68500e+03 7.59887e-02
8.68600e+03 7.67871e-02
8.68700e+03 7.76153e-02
8.68800e+03 7.84425e-02
8.68900e+03 7.92679e-02
8.69000e+03 8.00928e-02
8.69100e+03 8.09346e-02
8.69200e+03 8.18042e-02
8.69300e+03 8.26734e-02
8.69400e+03 8.35417e-02
8.69500e+03 8.44092e-02
8.69600e+03 8.52760e-02
8.69700e+03 8.61678e-02
8.69800e+03 8.70598e-02
8.69900e+03 8.79504e-02
8.70000e+03 8.88406e-02
8.70100e+03 8.96990e-02
8.70200e+03 9.05800e-02
8.70300e+03 9.14596e-02
8.70400e+03 9.23375e-02
8.70500e+03 9.32141e-02
8.70600e+03 9.40890e-02
8.70700e+03 9.49835e-02
8.70800e+03 9.58760e-02
8.70900e+03 9.67671e-02
8.71000e+03 9.76568e-02
8.71100e+03 9.85612e-02
8.71200e+03 9.94816e-02
8.71300e+03 1.00400e-01
8.71400e+03 1.01318e-01
8.71500e+03 1.02235e-01
8.71600e+03 1.03150e-01
8.71700e+03 1.04077e-01
8.71800e+03 1.05003e-01
8.71900e+03 1.05928e-01
8.72000e+03 1.06851e-01
8.72100e+03 1.07769e-01
8.72200e+03 1.08695e-01
8.72300e+03 1.09620e-01
8.72400e+03 1.10543e-01
8.72500e+03 1.11465e-01
8.72600e+03 1.12385e-01
8.72700e+03 1.13309e-01
8.72800e+03 1.14231e-01
8.72900e+03 1.15152e-01
8.73000e+03 1.16072e-01
8.73100e+03 1.16986e-01
8.73200e+03 1.17900e-01
8.73300e+03 1.18811e-01
8.73400e+03 1.19721e-01
8.73500e+03 1.20630e-01
8.73600e+03 1.21537e-01
8.73700e+03 1.22439e-01
8.73800e+03 1.23339e-01
8.73900e+03 1.24237e-01
8.74000e+03 1.25134e-01
8.74100e+03 1.26042e-01
8.74200e+03 1.26938e-01
8.74300e+03 1.27834e-01
8.74400e+03 1.28728e-01
8.74500e+03 1.29622e-01
8.74600e+03 1.30514e-01
8.74700e+03 1.31390e-01
8.74800e+03 1.32265e-01
8.74900e+03 1.33140e-01
8.75000e+03 1.34013e-01
8.75100e+03 1.34863e-01
8.75200e+03 1.35693e-01
8.75300e+03 1.36521e-01
8.75400e+03 1.37348e-01
8.75500e+03 1.38173e-01
8.75600e+03 1.38997e-01
8.75700e+03 1.39797e-01
8.75800e+03 1.40595e-01
8.75900e+03 1.41392e-01
8.76000e+03 1.42188e-01
8.76100e+03 1.43009e-01
8.76200e+03 1.43802e-01
8.76300e+03 1.44594e-01
8.76400e+03 1.45385e-01
8.76500e+03 1.46174e-01
8.76600e+03 1.46962e-01
8.76700e+03 1.47720e-01
8.76800e+03 1.48477e-01
8.76900e+03 1.49232e-01
8.77000e+03 1.49987e-01
8.77100e+03 1.50725e-01
8.77200e+03 1.51428e-01
8.77300e+03 1.52130e-01
8.77400e+03 1.52831e-01
8.77500e+03 1.53531e-01
8.77600e+03 1.54230e-01
8.77700e+03 1.54892e-01
8.77800e+03 1.55553e-01
8.77900e+03 1.56213e-01
8.78000e+03 1.56872e-01
8.78100e+03 1.57536e-01
8.78200e+03 1.58161e-01
8.78300e+03 1.58786e-01
8.78400e+03 1.59408e-01
8.78500e+03 1.60031e-01
8.78600e+03 1.60652e-01
8.78700e+03 1.61234e-01
8.78800e+03 1.61815e-01
8.78900e+03 1.62395e-01
8.79000e+03 1.62975e-01
8.79100e+03 1.63559e-01
8.79200e+03 1.64104e-01
8.79300e+03 1.64648e-01
8.79400e+03 1.65191e-01
8.79500e+03 1.65734e-01
8.79600e+03 1.66275e-01
8.79700e+03 1.66776e-01
8.79800e+03 1.67275e-01
8.79900e+03 1.67774e-01
8.80000e+03 1.68273e-01
8.80100e+03 1.68764e-01
8.80200e+03 1.69215e-01
8.80300e+03 1.69665e-01
8.80400e+03 1.70115e-01
8.80500e+03 1.70562e-01
8.80600e+03 1.71010e-01
8.80700e+03 1.71418e-01
8.80800e+03 1.71824e-01
8.80900e+03 1.72230e-01
8.81000e+03 1.72635e-01
8.81100e+03 1.73033e-01
8.81200e+03 1.73391e-01
8.81300e+03 1.73747e-01
8.81400e+03 1.74104e-01
8.81500e+03 1.74459e-01
8.81600e+03 1.74814e-01
8.81700e+03 1.75131e-01
8.81800e+03 1.75447e-01
8.81900e+03 1.75762e-01
8.82000e+03 1.76077e-01
8.82100e+03 1.76394e-01
8.82200e+03 1.76675e-01
8.82300e+03 1.76955e-01
8.82400e+03 1.77234e-01
8.82500e+03 1.77513e-01
8.82600e+03 1.77791e-01
8.82700e+03 1.78034e-01
8.82800e+03 1.78277e-01
8.82900e+03 1.78519e-01
8.83000e+03 1.78761e-01
8.83100e+03 1.79009e-01
8.83200e+03 1.79223e-01
8.83300e+03 1.79437e-01
8.83400e+03 1.79651e-01
8.83500e+03 1.79863e-01
8.83600e+03 1.80076e-01
8.83700e+03 1.80257e-01
8.83800e+03 1.80438e-01
8.83900e+03 1.80618e-01
8.84000e+03 1.80798e-01
8.84100e+03 1.80965e-01
8.84200e+03 1.81102e-01
8.84300e+03 1.81238e-01
8.84400e+03 1.81375e-01
8.84500e+03 1.81511e-01
8.84600e+03 1.81646e-01
8.84700e+03 1.81754e-01
8.84800e+03 1.81862e-01
8.84900e+03 1.81970e-01
8.85000e+03 1.82077e-01
8.85100e+03 1.82180e-01
8.85200e+03 1.82258e-01
8.85300e+03 1.82335e-01
8.85400e+03 1.82412e-01
8.85500e+03 1.82489e-01
8.85600e+03 1.82566e-01
8.85700e+03 1.82619e-01
8.85800e+03 1.82672e-01
8.85900e+03 1.82724e-01
8.86000e+03 1.82776e-01
8.86100e+03 1.82861e-01
8.86200e+03 1.82925e-01
8.86300e+03 1.82989e-01
8.86400e+03 1.83052e-01
8.86500e+03 1.83114e-01
8.86600e+03 1.83178e-01
8.86700e+03 1.83221e-01
8.86800e+03 1.83263e-01
8.86900e+03 1.83306e-01
8.87000e+03 1.83348e-01
8.87100e+03 1.83368e-01
8.87200e+03 1.83368e-01
8.87300e+03 1.83369e-01
8.87400e+03 1.83370e-01
8.87500e+03 1.83370e-01
8.87600e+03 1.83370e-01
8.87700e+03 1.83354e-01
8.87800e+03 1.83339e-01
8.87900e+03 1.83322e-01
8.88000e+03 1.83307e-01
8.88100e+03 1.83279e-01
8.88200e+03 1.83236e-01
8.88300e+03 1.83194e-01
8.88400e+03 1.83151e-01
8.88500e+03 1.83108e-01
8.88600e+03 1.83065e-01
8.88700e+03 1.83009e-01
8.88800e+03 1.82954e-01
8.88900e+03 1.82898e-01
8.89000e+03 1.82841e-01
8.89100e+03 1.82798e-01
8.89200e+03 1.82744e-01
8.89300e+03 1.82690e-01
8.89400e+03 1.82635e-01
8.89500e+03 1.82580e-01
8.89600e+03 1.82526e-01
8.89700e+03 1.82460e-01
8.89800e+03 1.82395e-01
8.89900e+03 1.82329e-01
8.90000e+03 1.82263e-01
8.90100e+03 1.82193e-01
8.90200e+03 1.82116e-01
8.90300e+03 1.82036e-01
8.90400e+03 1.81957e-01
8.90500e+03 1.81877e-01
8.90600e+03 1.81799e-01
8.90700e+03 1.81711e-01
8.90800e+03 1.81624e-01
8.90900e+03 1.81537e-01
8.91000e+03 1.81449e-01
8.91100e+03 1.81363e-01
8.91200e+03 1.81271e-01
8.91300e+03 1.81179e-01
8.91400e+03 1.81086e-01
8.91500e+03 1.80993e-01
8.91600e+03 1.80900e-01
8.91700e+03 1.80801e-01
8.91800e+03 1.80702e-01
8.91900e+03 1.80603e-01
8.92000e+03 1.80504e-01
8.92100e+03 1.80410e-01
8.92200e+03 1.80309e-01
8.92300e+03 1.80210e-01
8.92400e+03 1.80109e-01
8.92500e+03 1.80008e-01
8.92600e+03 1.79909e-01
8.92700e+03 1.79804e-01
8.92800e+03 1.79698e-01
8.92900e+03 1.79593e-01
8.93000e+03 1.79488e-01
8.93100e+03 1.79369e-01
8.93200e+03 1.79244e-01
8.93300e+03 1.79121e-01
8.93400e+03 1.78998e-01
8.93500e+03 1.78874e-01
8.93600e+03 1.78749e-01
8.93700e+03 1.78622e-01
8.93800e+03 1.78495e-01
8.93900e+03 1.78368e-01
8.94000e+03 1.78241e-01
8.94100e+03 1.78133e-01
8.94200e+03 1.78022e-01
8.94300e+03 1.77911e-01
8.94400e+03 1.77800e-01
8.94500e+03 1.77689e-01
8.94600e+03 1.77579e-01
8.94700e+03 1.77465e-01
8.94800e+03 1.77351e-01
8.94900e+03 1.77238e-01
8.95000e+03 1.77125e-01
8.95100e+03 1.77005e-01
8.95200e+03 1.76884e-01
8.95300e+03 1.76763e-01
8.95400e+03 1.76642e-01
8.95500e+03 1.76520e-01
8.95600e+03 1.76400e-01
8.95700e+03 1.76276e-01
8.95800e+03 1.76154e-01
8.95900e+03 1.76030e-01
8.96000e+03 1.75907e-01
8.96100e+03 1.75771e-01
8.96200e+03 1.75634e-01
8.96300e+03 1.75497e-01
8.96400e+03 1.75360e-01
8.96500e+03 1.75223e-01
8.96600e+03 1.75086e-01
8.96700e+03 1.74947e-01
8.96800e+03 1.74809e-01
8.96900e+03 1.74671e-01
8.97000e+03 1.74532e-01
8.97100e+03 1.74408e-01
8.97200e+03 1.74282e-01
8.97300e+03 1.74155e-01
8.97400e+03 1.74029e-01
8.97500e+03 1.73903e-01
8.97600e+03 1.73778e-01
8.97700e+03 1.73650e-01
8.97800e+03 1.73523e-01
8.97900e+03 1.73396e-01
8.98000e+03 1.73270e-01
8.98100e+03 1.73136e-01
8.98200e+03 1.73003e-01
8.98300e+03 1.72869e-01
8.98400e+03 1.72736e-01
8.98500e+03 1.72602e-01
8.98600e+03 1.72469e-01
8.98700e+03 1.72335e-01
8.98800e+03 1.72201e-01
8.98900e+03 1.72067e-01
8.99000e+03 1.71932e-01
8.99100e+03 1.71815e-01
8.99200e+03 1.71697e-01
8.99300e+03 1.71578e-01
8.99400e+03 1.71460e-01
8.99500e+03 1.71341e-01
8.99600e+03 1.71223e-01
8.99700e+03 1.71103e-01
8.99800e+03 1.70985e-01
8.99900e+03 1.70866e-01
9.00000e+03 1.70747e-01
9.00100e+03 1.70597e-01
9.00200e+03 1.70447e-01
9.00300e+03 1.70297e-01
9.00400e+03 1.70147e-01
9.00500e+03 1.69998e-01
9.00600e+03 1.69846e-01
9.00700e+03 1.69697e-01
9.00800e+03 1.69546e-01
9.00900e+03 1.69396e-01
9.01000e+03 1.69246e-01
9.01100e+03 1.69124e-01
9.01200e+03 1.69001e-01
9.01300e+03 1.68878e-01
9.01400e+03 1.68756e-01
9.01500e+03 1.68633e-01
9.01600e+03 1.68510e-01
9.01700e+03 1.68388e-01
9.01800e+03 1.68264e-01
9.01900e+03 1.68141e-01
9.02000e+03 1.68019e-01
9.02100e+03 1.67886e-01
9.02200e+03 1.67754e-01
9.02300e+03 1.67623e-01
9.02400e+03 1.67490e-01
9.02500e+03 1.67358e-01
9.02600e+03 1.67227e-01
9.02700e+03 1.67094e-01
9.02800e+03 1.66962e-01
9.02900e+03 1.66831e-01
9.03000e+03 1.66698e-01
9.03100e+03 1.66564e-01
9.03200e+03 1.66430e-01
9.03300e+03 1.66297e-01
9.03400e+03 1.66161e-01
9.03500e+03 1.66027e-01
9.03600e+03 1.65892e-01
9.03700e+03 1.65758e-01
9.03800e+03 1.65623e-01
9.03900e+03 1.65488e-01
9.04000e+03 1.65353e-01
9.04100e+03 1.65224e-01
9.04200e+03 1.65096e-01
9.04300e+03 1.64968e-01
9.04400e+03 1.64839e-01
9.04500e+03 1.64710e-01
9.04600e+03 1.64581e-01
9.04700e+03 1.64453e-01
9.04800e+03 1.64325e-01
9.04900e+03 1.64196e-01
9.05000e+03 1.64067e-01
9.05100e+03 1.63935e-01
9.05200e+03 1.63802e-01
9.05300e+03 1.63669e-01
9.05400e+03 1.63537e-01
9.05500e+03 1.63405e-01
9.05600e+03 1.63272e-01
9.05700e+03 1.63140e-01
9.05800e+03 1.63008e-01
9.05900e+03 1.62875e-01
9.06000e+03 1.62742e-01
9.06100e+03 1.62597e-01
9.06200e+03 1.62452e-01
9.06300e+03 1.62307e-01
9.06400e+03 1.62162e-01
9.06500e+03 1.62019e-01
9.06600e+03 1.61874e-01
9.06700e+03 1.61729e-01
9.06800e+03 1.61584e-01
9.06900e+03 1.61439e-01
9.07000e+03 1.61295e-01
9.07100e+03 1.61173e-01
9.07200e+03 1.61053e-01
9.07300e+03 1.60931e-01
9.07400e+03 1.60810e-01
9.07500e+03 1.60689e-01
9.07600e+03 1.60567e-01
9.07700e+03 1.60446e-01
9.07800e+03 1.60325e-01
9.07900e+03 1.60203e-01
9.08000e+03 1.60082e-01
9.08100e+03 1.59944e-01
9.08200e+03 1.59806e-01
9.08300e+03 1.59668e-01
9.08400e+03 1.59529e-01
9.08500e+03 1.59390e-01
9.08600e+03 1.59252e-01
9.08700e+03 1.59113e-01
9.08800e+03 1.58976e-01
9.08900e+03 1.58837e-01
9.09000e+03 1.58699e-01
9.09100e+03 1.58566e-01
9.09200e+03 1.58433e-01
9.09300e+03 1.58301e-01
9.09400e+03 1.58168e-01
9.09500e+03 1.58035e-01
9.09600e+03 1.57902e-01
9.09700e+03 1.57770e-01
9.09800e+03 1.57638e-01
9.09900e+03 1.57505e-01
9.10000e+03 1.57372e-01
9.10100e+03 1.57256e-01
9.10200e+03 1.57139e-01
9.10300e+03 1.57022e-01
9.10400e+03 1.56905e-01
9.10500e+03 1.56787e-01
9.10600e+03 1.56670e-01
9.10700e+03 1.56553e-01
9.10800e+03 1.56437e-01
9.10900e+03 1.56320e-01
9.11000e+03 1.56203e-01
9.11100e+03 1.56071e-01
9.11200e+03 1.55940e-01
9.11300e+03 1.55808e-01
9.11400e+03 1.55677e-01
9.11500e+03 1.55546e-01
9.11600e+03 1.55414e-01
9.11700e+03 1.55283e-01
9.11800e+03 1.55150e-01
9.11900e+03 1.55019e-01
9.12000e+03 1.54887e-01
9.12100e+03 1.54756e-01
9.12200e+03 1.54624e-01
9.12300e+03 1.54492e-01
9.12400e+03 1.54360e-01
9.12500e+03 1.54228e-01
9.12600e+03 1.54097e-01
9.12700e+03 1.53965e-01
9.12800e+03 1.53832e-01
9.12900e+03 1.53701e-01
9.13000e+03 1.53569e-01
9.13100e+03 1.53424e-01
9.13200e+03 1.53279e-01
9.13300e+03 1.53133e-01
9.13400e+03 1.52989e-01
9.13500e+03 1.52843e-01
9.13600e+03 1.52698e-01
9.13700e+03 1.52553e-01
9.13800e+03 1.52408e-01
9.13900e+03 1.52263e-01
9.14000e+03 1.52118e-01
9.14100e+03 1.51989e-01
9.14200e+03 1.51861e-01
9.14300e+03 1.51732e-01
9.14400e+03 1.51603e-01
9.14500e+03 1.51474e-01
9.14600e+03 1.51346e-01
9.14700e+03 1.51216e-01
9.14800e+03 1.51088e-01
9.14900e+03 1.50960e-01
9.15000e+03 1.50831e-01
9.15100e+03 1.50694e-01
9.15200e+03 1.50557e-01
9.15300e+03 1.50419e-01
9.15400e+03 1.50282e-01
9.15500e+03 1.50145e-01
9.15600e+03 1.50007e-01
9.15700e+03 1.49871e-01
9.15800e+03 1.49734e-01
9.15900e+03 1.49595e-01
9.16000e+03 1.49458e-01
9.16100e+03 1.49337e-01
9.16200e+03 1.49216e-01
9.16300e+03 1.49095e-01
9.16400e+03 1.48974e-01
9.16500e+03 1.48853e-01
9.16600e+03 1.48731e-01
9.16700e+03 1.48610e-01
9.16800e+03 1.48489e-01
9.16900e+03 1.48368e-01
9.17000e+03 1.48247e-01
9.17100e+03 1.48102e-01
9.17200e+03 1.47957e-01
9.17300e+03 1.47812e-01
9.17400e+03 1.47667e-01
9.17500e+03 1.47522e-01
9.17600e+03 1.47378e-01
9.17700e+03 1.47233e-01
9.17800e+03 1.47088e-01
9.17900e+03 1.46943e-01
9.18000e+03 1.46798e-01
9.18100e+03 1.46664e-01
9.18200e+03 1.46530e-01
9.18300e+03 1.46396e-01
9.18400e+03 1.46261e-01
9.18500e+03 1.46127e-01
9.18600e+03 1.45993e-01
9.18700e+03 1.45858e-01
9.18800e+03 1.45724e-01
9.18900e+03 1.45590e-01
9.19000e+03 1.45455e-01
9.19100e+03 1.45331e-01
9.19200e+03 1.45206e-01
9.19300e+03 1.45081e-01
9.19400e+03 1.44956e-01
9.19500e+03 1.44831e-01
9.19600e+03 1.44707e-01
9.19700e+03 1.44581e-01
9.19800e+03 1.44456e-01
9.19900e+03 1.44331e-01
9.20000e+03 1.44206e-01
9.20100e+03 1.44080e-01
9.20200e+03 1.43953e-01
9.20300e+03 1.43827e-01
9.20400e+03 1.43701e-01
9.20500e+03 1.43574e-01
9.20600e+03 1.43448e-01
9.20700e+03 1.43321e-01
9.20800e+03 1.43195e-01
9.20900e+03 1.43069e-01
9.21000e+03 1.42943e-01
9.21100e+03 1.42816e-01
9.21200e+03 1.42689e-01
9.21300e+03 1.42564e-01
9.21400e+03 1.42437e-01
9.21500e+03 1.42311e-01
9.21600e+03 1.42184e-01
9.21700e+03 1.42058e-01
9.21800e+03 1.41931e-01
9.21900e+03 1.41805e-01
9.22000e+03 1.41679e-01
9.22100e+03 1.41559e-01
9.22200e+03 1.41438e-01
9.22300e+03 1.41319e-01
9.22400e+03 1.41198e-01
9.22500e+03 1.41079e-01
9.22600e+03 1.40959e-01
9.22700e+03 1.40839e-01
9.22800e+03 1.40719e-01
9.22900e+03 1.40600e-01
9.23000e+03 1.40480e-01
9.23100e+03 1.40353e-01
9.23200e+03 1.40227e-01
9.23300e+03 1.40101e-01
9.23400e+03 1.39974e-01
9.23500e+03 1.39849e-01
9.23600e+03 1.39722e-01
9.23700e+03 1.39595e-01
9.23800e+03 1.39469e-01
9.23900e+03 1.39343e-01
9.24000e+03 1.39217e-01
9.24100e+03 1.39101e-01
9.24200e+03 1.38985e-01
9.24300e+03 1.38870e-01
9.24400e+03 1.38754e-01
9.24500e+03 1.38639e-01
9.24600e+03 1.38524e-01
9.24700e+03 1.38408e-01
9.24800e+03 1.38293e-01
9.24900e+03 1.38176e-01
9.25000e+03 1.38060e-01
9.25100e+03 1.37939e-01
9.25200e+03 1.37818e-01
9.25300e+03 1.37695e-01
9.25400e+03 1.37575e-01
9.25500e+03 1.37453e-01
9.25600e+03 1.37332e-01
9.25700e+03 1.37210e-01
9.25800e+03 1.37088e-01
9.25900e+03 1.36967e-01
9.26000e+03 1.36845e-01
9.26100e+03 1.36724e-01
9.26200e+03 1.36604e-01
9.26300e+03 1.36483e-01
9.26400e+03 1.36362e-01
9.26500e+03 1.36242e-01
9.26600e+03 1.36121e-01
9.26700e+03 1.36001e-01
9.26800e+03 1.35879e-01
9.26900e+03 1.35758e-01
9.27000e+03 1.35637e-01
9.27100e+03 1.35516e-01
9.27200e+03 1.35394e-01
9.27300e+03 1.35273e-01
9.27400e+03 1.35151e-01
9.27500e+03 1.35030e-01
9.27600e+03 1.34909e-01
9.27700e+03 1.34786e-01
9.27800e+03 1.34665e-01
9.27900e+03 1.34543e-01
9.28000e+03 1.34421e-01
9.28100e+03 1.34289e-01
9.28200e+03 1.34155e-01
9.28300e+03 1.34022e-01
9.28400e+03 1.33889e-01
9.28500e+03 1.33756e-01
9.28600e+03 1.33624e-01
9.28700e+03 1.33490e-01
9.28800e+03 1.33357e-01
9.28900e+03 1.33224e-01
9.29000e+03 1.33090e-01
9.29100e+03 1.32969e-01
9.29200e+03 1.32847e-01
9.29300e+03 1.32726e-01
9.29400e+03 1.32604e-01
9.29500e+03 1.32482e-01
9.29600e+03 1.32361e-01
9.29700e+03 1.32238e-01
9.29800e+03 1.32117e-01
9.29900e+03 1.31994e-01
9.30000e+03 1.31871e-01
9.30100e+03 1.31744e-01
9.30200e+03 1.31616e-01
9.30300e+03 1.31488e-01
9.30400e+03 1.31360e-01
9.30500e+03 1.31232e-01
9.30600e+03 1.31104e-01
9.30700e+03 1.30975e-01
9.30800e+03 1.30846e-01
9.30900e+03 1.30717e-01
9.31000e+03 1.30589e-01
9.31100e+03 1.30467e-01
9.31200e+03 1.30345e-01
9.31300e+03 1.30222e-01
9.31400e+03 1.30100e-01
9.31500e+03 1.29978e-01
9.31600e+03 1.29855e-01
9.31700e+03 1.29731e-01
9.31800e+03 1.29608e-01
9.31900e+03 1.29484e-01
9.32000e+03 1.29361e-01
9.32100e+03 1.29227e-01
9.32200e+03 1.29092e-01
9.32300e+03 1.28956e-01
9.32400e+03 1.28821e-01
9.32500e+03 1.28686e-01
9.32600e+03 1.28551e-01
9.32700e+03 1.28414e-01
9.32800e+03 1.28277e-01
9.32900e+03 1.28141e-01
9.33000e+03 1.28004e-01
9.33100e+03 1.27870e-01
9.33200e+03 1.27734e-01
9.33300e+03 1.27600e-01
9.33400e+03 1.27465e-01
9.33500e+03 1.27329e-01
9.33600e+03 1.27193e-01
9.33700e+03 1.27056e-01
9.33800e+03 1.26918e-01
9.33900e+03 1.26781e-01
9.34000e+03 1.26644e-01
9.34100e+03 1.26499e-01
9.34200e+03 1.26353e-01
9.34300e+03 1.26206e-01
9.34400e+03 1.26059e-01
9.34500e+03 1.25911e-01
9.34600e+03 1.25765e-01
9.34700e+03 1.25615e-01
9.34800e+03 1.25466e-01
9.34900e+03 1.25315e-01
9.35000e+03 1.25167e-01
9.35100e+03 1.25037e-01
9.35200e+03 1.24905e-01
9.35300e+03 1.24772e-01
9.35400e+03 1.24640e-01
9.35500e+03 1.24507e-01
9.35600e+03 1.24374e-01
9.35700e+03 1.24238e-01
9.35800e+03 1.24102e-01
9.35900e+03 1.23966e-01
9.36000e+03 1.23830e-01
9.36100e+03 1.23673e-01
9.36200e+03 1.23512e-01
9.36300e+03 1.23352e-01
9.36400e+03 1.23191e-01
9.36500e+03 1.23030e-01
9.36600e+03 1.22870e-01
9.36700e+03 1.22705e-01
9.36800e+03 1.22541e-01
9.36900e+03 1.22375e-01
9.37000e+03 1.22211e-01
9.37100e+03 1.22052e-01
9.37200e+03 1.21887e-01
9.37300e+03 1.21723e-01
9.37400e+03 1.21558e-01
9.37500e+03 1.21395e-01
9.37600e+03 1.21230e-01
9.37700e+03 1.21061e-01
9.37800e+03 1.20891e-01
9.37900e+03 1.20723e-01
9.38000e+03 1.20553e-01
9.38100e+03 1.20383e-01
9.38200e+03 1.20207e-01
9.38300e+03 1.20030e-01
9.38400e+03 1.19855e-01
9.38500e+03 1.19678e-01
9.38600e+03 1.19503e-01
9.38700e+03 1.19321e-01
9.38800e+03 1.19138e-01
9.38900e+03 1.18955e-01
9.39000e+03 1.18773e-01
9.39100e+03 1.18595e-01
9.39200e+03 1.18409e-01
9.39300e+03 1.18223e-01
9.39400e+03 1.18037e-01
9.39500e+03 1.17851e-01
9.39600e+03 1.17665e-01
9.39700e+03 1.17471e-01
9.39800e+03 1.17277e-01
9.39900e+03 1.17082e-01
9.40000e+03 1.16889e-01
9.40100e+03 1.16663e-01
9.40200e+03 1.16427e-01
9.40300e+03 1.16193e-01
9.40400e+03 1.15958e-01
9.40500e+03 1.15723e-01
9.40600e+03 1.15489e-01
9.40700e+03 1.15245e-01
9.40800e+03 1.15001e-01
9.40900e+03 1.14757e-01
9.41000e+03 1.14513e-01
9.41100e+03 1.14274e-01
9.41200e+03 1.14023e-01
9.41300e+03 1.13772e-01
9.41400e+03 1.13522e-01
9.41500e+03 1.13272e-01
9.41600e+03 1.13022e-01
9.41700e+03 1.12761e-01
9.41800e+03 1.12499e-01
9.41900e+03 1.12238e-01
9.42000e+03 1.11977e-01
9.42100e+03 1.11703e-01
9.42200e+03 1.11415e-01
9.42300e+03 1.11127e-01
9.42400e+03 1.10840e-01
9.42500e+03 1.10554e-01
9.42600e+03 1.10268e-01
9.42700e+03 1.09968e-01
9.42800e+03 1.09668e-01
9.42900e+03 1.09370e-01
9.43000e+03 1.09070e-01
9.43100e+03 1.08781e-01
9.43200e+03 1.08477e-01
9.43300e+03 1.08174e-01
9.43400e+03 1.07870e-01
9.43500e+03 1.07568e-01
9.43600e+03 1.07266e-01
9.43700e+03 1.06947e-01
9.43800e+03 1.06629e-01
9.43900e+03 1.06312e-01
9.44000e+03 1.05996e-01
9.44100e+03 1.05684e-01
9.44200e+03 1.05355e-01
9.44300e+03 1.05027e-01
9.44400e+03 1.04699e-01
9.44500e+03 1.04372e-01
9.44600e+03 1.04046e-01
9.44700e+03 1.03700e-01
9.44800e+03 1.03357e-01
9.44900e+03 1.03014e-01
9.45000e+03 1.02671e-01
9.45100e+03 1.02322e-01
9.45200e+03 1.01954e-01
9.45300e+03 1.01587e-01
9.45400e+03 1.01221e-01
9.45500e+03 1.00856e-01
9.45600e+03 1.00491e-01
9.45700e+03 1.00107e-01
9.45800e+03 9.97224e-02
9.45900e+03 9.93411e-02
9.46000e+03 9.89588e-02
9.46100e+03 9.85819e-02
9.46200e+03 9.81846e-02
9.46300e+03 9.77887e-02
9.46400e+03 9.73940e-02
9.46500e+03 9.69988e-02
9.46600e+03 9.66056e-02
9.46700e+03 9.61914e-02
9.46800e+03 9.57780e-02
9.46900e+03 9.53654e-02
9.47000e+03 9.49540e-02
9.47100e+03 9.45439e-02
9.47200e+03 9.41127e-02
9.47300e+03 9.36815e-02
9.47400e+03 9.32528e-02
9.47500e+03 9.28241e-02
9.47600e+03 9.23966e-02
9.47700e+03 9.19484e-02
9.47800e+03 9.15006e-02
9.47900e+03 9.10549e-02
9.48000e+03 9.06089e-02
9.48100e+03 9.01634e-02
9.48200e+03 8.96961e-02
9.48300e+03 8.92313e-02
9.48400e+03 8.87663e-02
9.48500e+03 8.83028e-02
9.48600e+03 8.78401e-02
9.48700e+03 8.73576e-02
9.48800e+03 8.68764e-02
9.48900e+03 8.63956e-02
9.49000e+03 8.59162e-02
9.49100e+03 8.54327e-02
9.49200e+03 8.49302e-02
9.49300e+03 8.44287e-02
9.49400e+03 8.39281e-02
9.49500e+03 8.34286e-02
9.49600e+03 8.29313e-02
9.49700e+03 8.24146e-02
9.49800e+03 8.18991e-02
9.49900e+03 8.13851e-02
9.50000e+03 8.08721e-02
9.50100e+03 8.03661e-02
9.50200e+03 7.98421e-02
9.50300e+03 7.93189e-02
9.50400e+03 7.87976e-02
9.50500e+03 7.82776e-02
9.50600e+03 7.77590e-02
9.50700e+03 7.72232e-02
9.50800e+03 7.66892e-02
9.50900e+03 7.61572e-02
9.51000e+03 7.56257e-02
9.51100e+03 7.50984e-02
9.51200e+03 7.45557e-02
9.51300e+03 7.40146e-02
9.51400e+03 7.34746e-02
9.51500e+03 7.29360e-02
9.51600e+03 7.23990e-02
9.51700e+03 7.18486e-02
9.51800e+03 7.13003e-02
9.51900e+03 7.07524e-02
9.52000e+03 7.02073e-02
9.52100e+03 6.96586e-02
9.52200e+03 6.90997e-02
9.52300e+03 6.85421e-02
9.52400e+03 6.79862e-02
9.52500e+03 6.74326e-02
9.52600e+03 6.68789e-02
9.52700e+03 6.63172e-02
9.52800e+03 6.57566e-02
9.52900e+03 6.51980e-02
9.53000e+03 6.46405e-02
9.53100e+03 6.40866e-02
9.53200e+03 6.35263e-02
9.53300e+03 6.29671e-02
9.53400e+03 6.24104e-02
9.53500e+03 6.18543e-02
9.53600e+03 6.13001e-02
9.53700e+03 6.07411e-02
9.53800e+03 6.01836e-02
9.53900e+03 5.96272e-02
9.54000e+03 5.90733e-02
9.54100e+03 5.85153e-02
9.54200e+03 5.79566e-02
9.54300e+03 5.73986e-02
9.54400e+03 5.68423e-02
9.54500e+03 5.62878e-02
9.54600e+03 5.57345e-02
9.54700e+03 5.51816e-02
9.54800e+03 5.46305e-02
9.54900e+03 5.40803e-02
9.55000e+03 5.35319e-02
9.55100e+03 5.29896e-02
9.55200e+03 5.24495e-02
9.55300e+03 5.19109e-02
9.55400e+03 5.13733e-02
9.55500e+03 5.08374e-02
9.55600e+03 5.03032e-02
9.55700e+03 4.97730e-02
9.55800e+03 4.92444e-02
9.55900e+03 4.87175e-02
9.56000e+03 4.81909e-02
9.56100e+03 4.76643e-02
9.56200e+03 4.71445e-02
9.56300e+03 4.66256e-02
9.56400e+03 4.61083e-02
9.56500e+03 4.55925e-02
9.56600e+03 4.50781e-02
9.56700e+03 4.45712e-02
9.56800e+03 4.40666e-02
9.56900e+03 4.35630e-02
9.57000e+03 4.30612e-02
9.57100e+03 4.25610e-02
9.57200e+03 4.20715e-02
9.57300e+03 4.15826e-02
9.57400e+03 4.10953e-02
9.57500e+03 4.06094e-02
9.57600e+03 4.01252e-02
9.57700e+03 3.96515e-02
9.57800e+03 3.91796e-02
9.57900e+03 3.87086e-02
9.58000e+03 3.82390e-02
9.58100e+03 3.77670e-02
9.58200e+03 3.73072e-02
9.58300e+03 3.68484e-02
9.58400e+03 3.63916e-02
9.58500e+03 3.59359e-02
9.58600e+03 3.54814e-02
9.58700e+03 3.50402e-02
9.58800e+03 3.46007e-02
9.58900e+03 3.41621e-02
9.59000e+03 3.37251e-02
9.59100e+03 3.32941e-02
9.59200e+03 3.28772e-02
9.59300e+03 3.24611e-02
9.59400e+03 3.20463e-02
9.59500e+03 3.16328e-02
9.59600e+03 3.12204e-02
9.59700e+03 3.08225e-02
9.59800e+03 3.04254e-02
9.59900e+03 3.00298e-02
9.60000e+03 2.96352e-02
9.60100e+03 2.92424e-02
9.60200e+03 2.88647e-02
9.60300e+03 2.84881e-02
9.60400e+03 2.81122e-02
9.60500e+03 2.77380e-02
9.60600e+03 2.73640e-02
9.60700e+03 2.70056e-02
9.60800e+03 2.66481e-02
9.60900e+03 2.62915e-02
9.61000e+03 2.59360e-02
9.61100e+03 2.55799e-02
9.61200e+03 2.52387e-02
9.61300e+03 2.48989e-02
9.61400e+03 2.45596e-02
9.61500e+03 2.42218e-02
9.61600e+03 2.38847e-02
9.61700e+03 2.35627e-02
9.61800e+03 2.32414e-02
9.61900e+03 2.29212e-02
9.62000e+03 2.26019e-02
9.62100e+03 2.22831e-02
9.62200e+03 2.19786e-02
9.62300e+03 2.16754e-02
9.62400e+03 2.13728e-02
9.62500e+03 2.10713e-02
9.62600e+03 2.07709e-02
9.62700e+03 2.04846e-02
9.62800e+03 2.01992e-02
9.62900e+03 1.99150e-02
9.63000e+03 1.96313e-02
9.63100e+03 1.93499e-02
9.63200e+03 1.90823e-02
9.63300e+03 1.88157e-02
9.63400e+03 1.85500e-02
9.63500e+03 1.82847e-02
9.63600e+03 1.80206e-02
9.63700e+03 1.77698e-02
9.63800e+03 1.75197e-02
9.63900e+03 1.72705e-02
9.64000e+03 1.70218e-02
9.64100e+03 1.67727e-02
9.64200e+03 1.65367e-02
9.64300e+03 1.63013e-02
9.64400e+03 1.60667e-02
9.64500e+03 1.58330e-02
9.64600e+03 1.55997e-02
9.64700e+03 1.53791e-02
9.64800e+03 1.51593e-02
9.64900e+03 1.49399e-02
9.65000e+03 1.47213e-02
9.65100e+03 1.45048e-02
9.65200e+03 1.43003e-02
9.65300e+03 1.40964e-02
9.65400e+03 1.38930e-02
9.65500e+03 1.36903e-02
9.65600e+03 1.34882e-02
9.65700e+03 1.32972e-02
9.65800e+03 1.31069e-02
9.65900e+03 1.29173e-02
9.66000e+03 1.27280e-02
9.66100e+03 1.25387e-02
9.66200e+03 1.23601e-02
9.66300e+03 1.21820e-02
9.66400e+03 1.20045e-02
9.66500e+03 1.18275e-02
9.66600e+03 1.16512e-02
9.66700e+03 1.14849e-02
9.66800e+03 1.13191e-02
9.66900e+03 1.11540e-02
9.67000e+03 1.09893e-02
9.67100e+03 1.08250e-02
9.67200e+03 1.06703e-02
9.67300e+03 1.05161e-02
9.67400e+03 1.03623e-02
9.67500e+03 1.02091e-02
9.67600e+03 1.00563e-02
9.67700e+03 9.91245e-03
9.67800e+03 9.76905e-03
9.67900e+03 9.62605e-03
9.68000e+03 9.48363e-03
9.68100e+03 9.34195e-03
9.68200e+03 9.20836e-03
9.68300e+03 9.07547e-03
9.68400e+03 8.94290e-03
9.68500e+03 8.81068e-03
9.68600e+03 8.67895e-03
9.68700e+03 8.55509e-03
9.68800e+03 8.43147e-03
9.68900e+03 8.30845e-03
9.69000e+03 8.18563e-03
9.69100e+03 8.06353e-03
9.69200e+03 7.94872e-03
9.69300e+03 7.83423e-03
9.69400e+03 7.72011e-03
9.69500e+03 7.60644e-03
9.69600e+03 7.49299e-03
9.69700e+03 7.38644e-03
9.69800e+03 7.28019e-03
9.69900e+03 7.17427e-03
9.70000e+03 7.06869e-03
9.70100e+03 6.96343e-03
9.70200e+03 6.86443e-03
9.70300e+03 6.76579e-03
9.70400e+03 6.66746e-03
9.70500e+03 6.56950e-03
9.70600e+03 6.47181e-03
9.70700e+03 6.38001e-03
9.70800e+03 6.28843e-03
9.70900e+03 6.19727e-03
9.71000e+03 6.10633e-03
9.71100e+03 6.01542e-03
9.71200e+03 5.92993e-03
9.71300e+03 5.84472e-03
9.71400e+03 5.75984e-03
9.71500e+03 5.67517e-03
9.71600e+03 5.59093e-03
9.71700e+03 5.51160e-03
9.71800e+03 5.43265e-03
9.71900e+03 5.35392e-03
9.72000e+03 5.27550e-03
9.72100e+03 5.19751e-03
9.72200e+03 5.12424e-03
9.72300e+03 5.05115e-03
9.72400e+03 4.97843e-03
9.72500e+03 4.90586e-03
9.72600e+03 4.83356e-03
9.72700e+03 4.76563e-03
9.72800e+03 4.69792e-03
9.72900e+03 4.63041e-03
9.73000e+03 4.56319e-03
9.73100e+03 4.49606e-03
9.73200e+03 4.43303e-03
9.73300e+03 4.37022e-03
9.73400e+03 4.30759e-03
9.73500e+03 4.24520e-03
9.73600e+03 4.18299e-03
9.73700e+03 4.12453e-03
9.73800e+03 4.06627e-03
9.73900e+03 4.00820e-03
9.74000e+03 3.95034e-03
9.74100e+03 3.89268e-03
9.74200e+03 3.83839e-03
9.74300e+03 3.78435e-03
9.74400e+03 3.73048e-03
9.74500e+03 3.67677e-03
9.74600e+03 3.62327e-03
9.74700e+03 3.57295e-03
9.74800e+03 3.52283e-03
9.74900e+03 3.47288e-03
9.75000e+03 3.42308e-03
9.75100e+03 3.37358e-03
9.75200e+03 3.32699e-03
9.75300e+03 3.28058e-03
9.75400e+03 3.23426e-03
9.75500e+03 3.18818e-03
9.75600e+03 3.14227e-03
9.75700e+03 3.09904e-03
9.75800e+03 3.05597e-03
9.75900e+03 3.01305e-03
9.76000e+03 2.97029e-03
9.76100e+03 2.92774e-03
9.76200e+03 2.88764e-03
9.76300e+03 2.84772e-03
9.76400e+03 2.80794e-03
9.76500e+03 2.76828e-03
9.76600e+03 2.72877e-03
9.76700e+03 2.69160e-03
9.76800e+03 2.65456e-03
9.76900e+03 2.61761e-03
9.77000e+03 2.58082e-03
9.77100e+03 2.54390e-03
9.77200e+03 2.50913e-03
9.77300e+03 2.47447e-03
9.77400e+03 2.43998e-03
9.77500e+03 2.40558e-03
9.77600e+03 2.37132e-03
9.77700e+03 2.33903e-03
9.77800e+03 2.30689e-03
9.77900e+03 2.27486e-03
9.78000e+03 2.24297e-03
9.78100e+03 2.21143e-03
9.78200e+03 2.18180e-03
9.78300e+03 2.15219e-03
9.78400e+03 2.12272e-03
9.78500e+03 2.09335e-03
9.78600e+03 2.06412e-03
9.78700e+03 2.03653e-03
9.78800e+03 2.00907e-03
9.78900e+03 1.98166e-03
9.79000e+03 1.95442e-03
9.79100e+03 1.92715e-03
9.79200e+03 1.90146e-03
9.79300e+03 1.87585e-03
9.79400e+03 1.85036e-03
9.79500e+03 1.82492e-03
9.79600e+03 1.79963e-03
9.79700e+03 1.77575e-03
9.79800e+03 1.75196e-03
9.79900e+03 1.72826e-03
9.80000e+03 1.70463e-03
9.80100e+03 1.68241e-03
9.80200e+03 1.66149e-03
9.80300e+03 1.64062e-03
9.80400e+03 1.61981e-03
9.80500e+03 1.59904e-03
9.80600e+03 1.57833e-03
9.80700e+03 1.55883e-03
9.80800e+03 1.53935e-03
9.80900e+03 1.51993e-03
9.81000e+03 1.50058e-03
9.81100e+03 1.48129e-03
9.81200e+03 1.46311e-03
9.81300e+03 1.44499e-03
9.81400e+03 1.42691e-03
9.81500e+03 1.40888e-03
9.81600e+03 1.39089e-03
9.81700e+03 1.37393e-03
9.81800e+03 1.35700e-03
9.81900e+03 1.34014e-03
9.82000e+03 1.32331e-03
9.82100e+03 1.30646e-03
9.82200e+03 1.29056e-03
9.82300e+03 1.27472e-03
9.82400e+03 1.25890e-03
9.82500e+03 1.24313e-03
9.82600e+03 1.22742e-03
9.82700e+03 1.21257e-03
9.82800e+03 1.19778e-03
9.82900e+03 1.18301e-03
9.83000e+03 1.16828e-03
9.83100e+03 1.15358e-03
9.83200e+03 1.13969e-03
9.83300e+03 1.12583e-03
9.83400e+03 1.11202e-03
9.83500e+03 1.09823e-03
9.83600e+03 1.08450e-03
9.83700e+03 1.07153e-03
9.83800e+03 1.05860e-03
9.83900e+03 1.04569e-03
9.84000e+03 1.03281e-03
9.84100e+03 1.01997e-03
9.84200e+03 1.00783e-03
9.84300e+03 9.95707e-04
9.84400e+03 9.83639e-04
9.84500e+03 9.71596e-04
9.84600e+03 9.59579e-04
9.84700e+03 9.48230e-04
9.84800e+03 9.36928e-04
9.84900e+03 9.25627e-04
9.85000e+03 9.14372e-04
9.85100e+03 9.03184e-04
9.85200e+03 8.92609e-04
9.85300e+03 8.82069e-04
9.85400e+03 8.71544e-04
9.85500e+03 8.61047e-04
9.85600e+03 8.50593e-04
9.85700e+03 8.40694e-04
9.85800e+03 8.30822e-04
9.85900e+03 8.20984e-04
9.86000e+03 8.11173e-04
9.86100e+03 8.01375e-04
9.86200e+03 7.92098e-04
9.86300e+03 7.82860e-04
9.86400e+03 7.73628e-04
9.86500e+03 7.64436e-04
9.86600e+03 7.55269e-04
9.86700e+03 7.46586e-04
9.86800e+03 7.37934e-04
9.86900e+03 7.29300e-04
9.87000e+03 7.20691e-04
9.87100e+03 7.12127e-04
9.87200e+03 7.04024e-04
9.87300e+03 6.95943e-04
9.87400e+03 6.87873e-04
9.87500e+03 6.79831e-04
9.87600e+03 6.71818e-04
9.87700e+03 6.64223e-04
9.87800e+03 6.56654e-04
9.87900e+03 6.49101e-04
9.88000e+03 6.41564e-04
9.88100e+03 6.34001e-04
9.88200e+03 6.26824e-04
9.88300e+03 6.19656e-04
9.88400e+03 6.12522e-04
9.88500e+03 6.05413e-04
9.88600e+03 5.98327e-04
9.88700e+03 5.91597e-04
9.88800e+03 5.84891e-04
9.88900e+03 5.78202e-04
9.89000e+03 5.71537e-04
9.89100e+03 5.64998e-04
9.89200e+03 5.58777e-04
9.89300e+03 5.52584e-04
9.89400e+03 5.46408e-04
9.89500e+03 5.40238e-04
9.89600e+03 5.34101e-04
9.89700e+03 5.28274e-04
9.89800e+03 5.22463e-04
9.89900e+03 5.16673e-04
9.90000e+03 5.10881e-04
9.90100e+03 5.05038e-04
9.90200e+03 4.99487e-04
9.90300e+03 4.93943e-04
9.90400e+03 4.88425e-04
9.90500e+03 4.82925e-04
9.90600e+03 4.77437e-04
9.90700e+03 4.72229e-04
9.90800e+03 4.67032e-04
9.90900e+03 4.61856e-04
9.91000e+03 4.56692e-04
9.91100e+03 4.51580e-04
9.91200e+03 4.46724e-04
9.91300e+03 4.41886e-04
9.91400e+03 4.37054e-04
9.91500e+03 4.32245e-04
9.91600e+03 4.27446e-04
9.91700e+03 4.22886e-04
9.91800e+03 4.18346e-04
9.91900e+03 4.13809e-04
9.92000e+03 4.09288e-04
9.92100e+03 4.04781e-04
9.92200e+03 4.00493e-04
9.92300e+03 3.96224e-04
9.92400e+03 3.91965e-04
9.92500e+03 3.87718e-04
9.92600e+03 3.83485e-04
9.92700e+03 3.79454e-04
9.92800e+03 3.75438e-04
9.92900e+03 3.71439e-04
9.93000e+03 3.67444e-04
9.93100e+03 3.63451e-04
9.93200e+03 3.59645e-04
9.93300e+03 3.55853e-04
9.93400e+03 3.52069e-04
9.93500e+03 3.48301e-04
9.93600e+03 3.44541e-04
9.93700e+03 3.40968e-04
9.93800e+03 3.37403e-04
9.93900e+03 3.33842e-04
9.94000e+03 3.30299e-04
9.94100e+03 3.26783e-04
9.94200e+03 3.23427e-04
9.94300e+03 3.20089e-04
9.94400e+03 3.16760e-04
9.94500e+03 3.13442e-04
9.94600e+03 3.10132e-04
9.94700e+03 3.06977e-04
9.94800e+03 3.03835e-04
9.94900e+03 3.00696e-04
9.95000e+03 2.97573e-04
9.95100e+03 2.94442e-04
9.95200e+03 2.91454e-04
9.95300e+03 2.88476e-04
9.95400e+03 2.85511e-04
9.95500e+03 2.82550e-04
9.95600e+03 2.79599e-04
9.95700e+03 2.76786e-04
9.95800e+03 2.73983e-04
9.95900e+03 2.71189e-04
9.96000e+03 2.68403e-04
9.96100e+03 2.65639e-04
9.96200e+03 2.63000e-04
9.96300e+03 2.60369e-04
9.96400e+03 2.57749e-04
9.96500e+03 2.55137e-04
9.96600e+03 2.52530e-04
9.96700e+03 2.50043e-04
9.96800e+03 2.47565e-04
9.96900e+03 2.45094e-04
9.97000e+03 2.42632e-04
9.97100e+03 2.40172e-04
9.97200e+03 2.37821e-04
9.97300e+03 2.35480e-04
9.97400e+03 2.33146e-04
9.97500e+03 2.30818e-04
9.97600e+03 2.28498e-04
9.97700e+03 2.26282e-04
9.97800e+03 2.24070e-04
9.97900e+03 2.21871e-04
9.98000e+03 2.19676e-04
9.98100e+03 2.17490e-04
9.98200e+03 2.15405e-04
9.98300e+03 2.13321e-04
9.98400e+03 2.11245e-04
9.98500e+03 2.09178e-04
9.98600e+03 2.07116e-04
9.98700e+03 2.05144e-04
9.98800e+03 2.03181e-04
9.98900e+03 2.01220e-04
9.99000e+03 1.99265e-04
9.99100e+03 1.97329e-04
9.99200e+03 1.95470e-04
9.99300e+03 1.93620e-04
9.99400e+03 1.91779e-04
9.99500e+03 1.89939e-04
9.99600e+03 1.88108e-04
9.99700e+03 1.86356e-04
9.99800e+03 1.84607e-04
9.99900e+03 1.82863e-04
1.00000e+04 1.81128e-04
1.00010e+04 1.79487e-04
1.00020e+04 1.77917e-04
1.00030e+04 1.76351e-04
1.00040e+04 1.74791e-04
1.00050e+04 1.73233e-04
1.00060e+04 1.71682e-04
1.00070e+04 1.70197e-04
1.00080e+04 1.68716e-04
1.00090e+04 1.67239e-04
1.00100e+04 1.65766e-04
1.00110e+04 1.64292e-04
1.00120e+04 1.62882e-04
1.00130e+04 1.61475e-04
1.00140e+04 1.60073e-04
1.00150e+04 1.58674e-04
1.00160e+04 1.57279e-04
1.00170e+04 1.55944e-04
1.00180e+04 1.54612e-04
1.00190e+04 1.53284e-04
1.00200e+04 1.51960e-04
1.00210e+04 1.50653e-04
1.00220e+04 1.49402e-04
1.00230e+04 1.48153e-04
1.00240e+04 1.46909e-04
1.00250e+04 1.45667e-04
1.00260e+04 1.44428e-04
1.00270e+04 1.43242e-04
1.00280e+04 1.42059e-04
1.00290e+04 1.40879e-04
1.00300e+04 1.39703e-04
1.00310e+04 1.38523e-04
1.00320e+04 1.37393e-04
1.00330e+04 1.36265e-04
1.00340e+04 1.35141e-04
1.00350e+04 1.34020e-04
1.00360e+04 1.32902e-04
1.00370e+04 1.31830e-04
1.00380e+04 1.30761e-04
1.00390e+04 1.29694e-04
1.00400e+04 1.28631e-04
1.00410e+04 1.27572e-04
1.00420e+04 1.26556e-04
1.00430e+04 1.25543e-04
1.00440e+04 1.24532e-04
1.00450e+04 1.23525e-04
1.00460e+04 1.22520e-04
1.00470e+04 1.21555e-04
1.00480e+04 1.20594e-04
1.00490e+04 1.19634e-04
1.00500e+04 1.18678e-04
1.00510e+04 1.17723e-04
1.00520e+04 1.16806e-04
1.00530e+04 1.15891e-04
1.00540e+04 1.14979e-04
1.00550e+04 1.14069e-04
1.00560e+04 1.13162e-04
1.00570e+04 1.12291e-04
1.00580e+04 1.11422e-04
1.00590e+04 1.10556e-04
1.00600e+04 1.09692e-04
1.00610e+04 1.08826e-04
1.00620e+04 1.07995e-04
1.00630e+04 1.07166e-04
1.00640e+04 1.06338e-04
1.00650e+04 1.05514e-04
1.00660e+04 1.04691e-04
1.00670e+04 1.03901e-04
1.00680e+04 1.03112e-04
1.00690e+04 1.02326e-04
1.00700e+04 1.01542e-04
1.00710e+04 1.00762e-04
1.00720e+04 1.00012e-04
1.00730e+04 9.92641e-05
1.00740e+04 9.85182e-05
1.00750e+04 9.77742e-05
1.00760e+04 9.70324e-05
1.00770e+04 9.63187e-05
1.00780e+04 9.56071e-05
1.00790e+04 9.48972e-05
1.00800e+04 9.41896e-05
1.00810e+04 9.34821e-05
1.00820e+04 9.28012e-05
1.00830e+04 9.21223e-05
1.00840e+04 9.14451e-05
1.00850e+04 9.07699e-05
1.00860e+04 9.00966e-05
1.00870e+04 8.94481e-05
1.00880e+04 8.88017e-05
1.00890e+04 8.81570e-05
1.00900e+04 8.75139e-05
1.00910e+04 8.68761e-05
1.00920e+04 8.62619e-05
1.00930e+04 8.56492e-05
1.00940e+04 8.50382e-05
1.00950e+04 8.44289e-05
1.00960e+04 8.38212e-05
1.00970e+04 8.32355e-05
1.00980e+04 8.26515e-05
1.00990e+04 8.20690e-05
1.01000e+04 8.14882e-05
1.01010e+04 8.09007e-05
1.01020e+04 8.03338e-05
1.01030e+04 7.97687e-05
1.01040e+04 7.92052e-05
1.01050e+04 7.86434e-05
1.01060e+04 7.80833e-05
1.01070e+04 7.75427e-05
1.01080e+04 7.70036e-05
1.01090e+04 7.64663e-05
1.01100e+04 7.59304e-05
1.01110e+04 7.54045e-05
1.01120e+04 7.48968e-05
1.01130e+04 7.43907e-05
1.01140e+04 7.38858e-05
1.01150e+04 7.33824e-05
1.01160e+04 7.28803e-05
1.01170e+04 7.23956e-05
1.01180e+04 7.19122e-05
1.01190e+04 7.14300e-05
1.01200e+04 7.09492e-05
1.01210e+04 7.04638e-05
1.01220e+04 6.99947e-05
1.01230e+04 6.95272e-05
1.01240e+04 6.90607e-05
1.01250e+04 6.85957e-05
1.01260e+04 6.81323e-05
1.01270e+04 6.76840e-05
1.01280e+04 6.72371e-05
1.01290e+04 6.67914e-05
1.01300e+04 6.63470e-05
1.01310e+04 6.59082e-05
1.01320e+04 6.54839e-05
1.01330e+04 6.50608e-05
1.01340e+04 6.46387e-05
1.01350e+04 6.42177e-05
1.01360e+04 6.37981e-05
1.01370e+04 6.33920e-05
1.01380e+04 6.29871e-05
1.01390e+04 6.25832e-05
1.01400e+04 6.21805e-05
1.01410e+04 6.17758e-05
1.01420e+04 6.13838e-05
1.01430e+04 6.09931e-05
1.01440e+04 6.06033e-05
1.01450e+04 6.02147e-05
1.01460e+04 5.98274e-05
1.01470e+04 5.94520e-05
1.01480e+04 5.90776e-05
1.01490e+04 5.87045e-05
1.01500e+04 5.83322e-05
1.01510e+04 5.79605e-05
1.01520e+04 5.76001e-05
1.01530e+04 5.72406e-05
1.01540e+04 5.68824e-05
1.01550e+04 5.65249e-05
1.01560e+04 5.61687e-05
1.01570e+04 5.58232e-05
1.01580e+04 5.54787e-05
1.01590e+04 5.51351e-05
1.01600e+04 5.47927e-05
1.01610e+04 5.44509e-05
1.01620e+04 5.41194e-05
1.01630e+04 5.37888e-05
1.01640e+04 5.34592e-05
1.01650e+04 5.31304e-05
1.01660e+04 5.28029e-05
1.01670e+04 5.24847e-05
1.01680e+04 5.21674e-05
1.01690e+04 5.18511e-05
1.01700e+04 5.15357e-05
1.01710e+04 5.12265e-05
1.01720e+04 5.09263e-05
1.01730e+04 5.06269e-05
1.01740e+04 5.03283e-05
1.01750e+04 5.00306e-05
1.01760e+04 4.97336e-05
1.01770e+04 4.94451e-05
1.01780e+04 4.91573e-05
1.01790e+04 4.88704e-05
1.01800e+04 4.85843e-05
1.01810e+04 4.82930e-05
1.01820e+04 4.80099e-05
1.01830e+04 4.77275e-05
1.01840e+04 4.74461e-05
1.01850e+04 4.71654e-05
1.01860e+04 4.68856e-05
1.01870e+04 4.66133e-05
1.01880e+04 4.63418e-05
1.01890e+04 4.60711e-05
1.01900e+04 4.58012e-05
1.01910e+04 4.55329e-05
1.01920e+04 4.52718e-05
1.01930e+04 4.50114e-05
1.01940e+04 4.47518e-05
1.01950e+04 4.44929e-05
1.01960e+04 4.42348e-05
1.01970e+04 4.39833e-05
1.01980e+04 4.37327e-05
1.01990e+04 4.34827e-05
1.02000e+04 4.32333e-05
1.02010e+04 4.30131e-05
1.02020e+04 4.27992e-05
1.02030e+04 4.25857e-05
1.02040e+04 4.23726e-05
1.02050e+04 4.21601e-05
1.02060e+04 4.19481e-05
1.02070e+04 4.17419e-05
1.02080e+04 4.15361e-05
1.02090e+04 4.13310e-05
1.02100e+04 4.11262e-05
1.02110e+04 4.09240e-05
1.02120e+04 4.07270e-05
1.02130e+04 4.05307e-05
1.02140e+04 4.03348e-05
1.02150e+04 4.01392e-05
1.02160e+04 3.99441e-05
1.02170e+04 3.97544e-05
1.02180e+04 3.95650e-05
1.02190e+04 3.93760e-05
1.02200e+04 3.91873e-05
1.02210e+04 3.89937e-05
1.02220e+04 3.88051e-05
1.02230e+04 3.86168e-05
1.02240e+04 3.84291e-05
1.02250e+04 3.82419e-05
1.02260e+04 3.80550e-05
1.02270e+04 3.78728e-05
1.02280e+04 3.76912e-05
1.02290e+04 3.75100e-05
1.02300e+04 3.73291e-05
1.02310e+04 3.71532e-05
1.02320e+04 3.69816e-05
1.02330e+04 3.68106e-05
