# Filter name : HST/ACS_WFC.F555W
# Description : F555W filter for HST ACS_WFC
# Photometric system : ACS-WFC
# FilterType : photon
# Band name : ------
# Observatory : HST
# Instrument : ACS
# Comments : Response calculated using the stsynphot python package by STScI. In particular, function stsynphot.band("acs,wfc1,f555w"). Please, take a look to stsynphot documentation and HST instrument documentation
# 
4.46600e+03 7.46731e-05
4.46700e+03 7.64087e-05
4.46800e+03 7.81444e-05
4.46900e+03 7.98804e-05
4.47000e+03 8.16166e-05
4.47100e+03 8.33444e-05
4.47200e+03 8.50718e-05
4.47300e+03 8.67991e-05
4.47400e+03 8.85264e-05
4.47500e+03 9.02535e-05
4.47600e+03 9.19804e-05
4.47700e+03 9.37071e-05
4.47800e+03 9.54337e-05
4.47900e+03 9.71600e-05
4.48000e+03 9.88863e-05
4.48100e+03 1.06080e-04
4.48200e+03 1.13273e-04
4.48300e+03 1.20464e-04
4.48400e+03 1.27653e-04
4.48500e+03 1.34841e-04
4.48600e+03 1.42027e-04
4.48700e+03 1.49212e-04
4.48800e+03 1.56395e-04
4.48900e+03 1.63576e-04
4.49000e+03 1.70757e-04
4.49100e+03 1.77951e-04
4.49200e+03 1.85145e-04
4.49300e+03 1.92338e-04
4.49400e+03 1.99532e-04
4.49500e+03 2.06724e-04
4.49600e+03 2.13917e-04
4.49700e+03 2.21109e-04
4.49800e+03 2.28301e-04
4.49900e+03 2.35493e-04
4.50000e+03 2.42684e-04
4.50100e+03 2.49854e-04
4.50200e+03 2.57022e-04
4.50300e+03 2.64189e-04
4.50400e+03 2.71353e-04
4.50500e+03 2.78517e-04
4.50600e+03 2.85678e-04
4.50700e+03 2.92839e-04
4.50800e+03 2.99997e-04
4.50900e+03 3.07154e-04
4.51000e+03 3.14310e-04
4.51100e+03 3.21474e-04
4.51200e+03 3.28636e-04
4.51300e+03 3.35797e-04
4.51400e+03 3.42958e-04
4.51500e+03 3.50117e-04
4.51600e+03 3.57275e-04
4.51700e+03 3.64432e-04
4.51800e+03 3.71587e-04
4.51900e+03 3.78741e-04
4.52000e+03 3.85894e-04
4.52100e+03 4.10617e-04
4.52200e+03 4.35342e-04
4.52300e+03 4.60068e-04
4.52400e+03 4.84795e-04
4.52500e+03 5.09523e-04
4.52600e+03 5.34252e-04
4.52700e+03 5.58982e-04
4.52800e+03 5.83713e-04
4.52900e+03 6.08444e-04
4.53000e+03 6.33178e-04
4.53100e+03 6.57832e-04
4.53200e+03 6.82480e-04
4.53300e+03 7.07123e-04
4.53400e+03 7.31761e-04
4.53500e+03 7.56394e-04
4.53600e+03 7.81023e-04
4.53700e+03 8.05646e-04
4.53800e+03 8.30262e-04
4.53900e+03 8.54875e-04
4.54000e+03 8.79484e-04
4.54100e+03 9.04130e-04
4.54200e+03 9.28779e-04
4.54300e+03 9.53424e-04
4.54400e+03 9.78064e-04
4.54500e+03 1.00270e-03
4.54600e+03 1.02734e-03
4.54700e+03 1.05197e-03
4.54800e+03 1.07660e-03
4.54900e+03 1.10123e-03
4.55000e+03 1.12585e-03
4.55100e+03 1.15034e-03
4.55200e+03 1.17482e-03
4.55300e+03 1.19929e-03
4.55400e+03 1.22376e-03
4.55500e+03 1.24821e-03
4.55600e+03 1.27266e-03
4.55700e+03 1.29710e-03
4.55800e+03 1.32153e-03
4.55900e+03 1.34595e-03
4.56000e+03 1.37036e-03
4.56100e+03 1.49321e-03
4.56200e+03 1.61606e-03
4.56300e+03 1.73891e-03
4.56400e+03 1.86175e-03
4.56500e+03 1.98460e-03
4.56600e+03 2.10744e-03
4.56700e+03 2.23029e-03
4.56800e+03 2.35313e-03
4.56900e+03 2.47597e-03
4.57000e+03 2.59881e-03
4.57100e+03 2.72136e-03
4.57200e+03 2.84387e-03
4.57300e+03 2.96636e-03
4.57400e+03 3.08883e-03
4.57500e+03 3.21125e-03
4.57600e+03 3.33366e-03
4.57700e+03 3.45604e-03
4.57800e+03 3.57839e-03
4.57900e+03 3.70071e-03
4.58000e+03 3.82300e-03
4.58100e+03 3.95497e-03
4.58200e+03 4.08691e-03
4.58300e+03 4.21881e-03
4.58400e+03 4.35068e-03
4.58500e+03 4.48251e-03
4.58600e+03 4.61431e-03
4.58700e+03 4.74607e-03
4.58800e+03 4.87779e-03
4.58900e+03 5.00949e-03
4.59000e+03 5.14114e-03
4.59100e+03 5.30851e-03
4.59200e+03 5.47587e-03
4.59300e+03 5.64325e-03
4.59400e+03 5.81060e-03
4.59500e+03 5.97798e-03
4.59600e+03 6.14533e-03
4.59700e+03 6.31268e-03
4.59800e+03 6.48004e-03
4.59900e+03 6.64739e-03
4.60000e+03 6.81474e-03
4.60100e+03 7.04541e-03
4.60200e+03 7.27605e-03
4.60300e+03 7.50665e-03
4.60400e+03 7.73720e-03
4.60500e+03 7.96774e-03
4.60600e+03 8.19823e-03
4.60700e+03 8.42868e-03
4.60800e+03 8.65913e-03
4.60900e+03 8.88952e-03
4.61000e+03 9.11991e-03
4.61100e+03 9.40935e-03
4.61200e+03 9.69871e-03
4.61300e+03 9.98798e-03
4.61400e+03 1.02772e-02
4.61500e+03 1.05663e-02
4.61600e+03 1.08554e-02
4.61700e+03 1.11443e-02
4.61800e+03 1.14332e-02
4.61900e+03 1.17220e-02
4.62000e+03 1.20107e-02
4.62100e+03 1.23926e-02
4.62200e+03 1.27744e-02
4.62300e+03 1.31563e-02
4.62400e+03 1.35382e-02
4.62500e+03 1.39200e-02
4.62600e+03 1.43019e-02
4.62700e+03 1.46837e-02
4.62800e+03 1.50656e-02
4.62900e+03 1.54475e-02
4.63000e+03 1.58294e-02
4.63100e+03 1.63008e-02
4.63200e+03 1.67722e-02
4.63300e+03 1.72434e-02
4.63400e+03 1.77146e-02
4.63500e+03 1.81857e-02
4.63600e+03 1.86566e-02
4.63700e+03 1.91274e-02
4.63800e+03 1.95982e-02
4.63900e+03 2.00688e-02
4.64000e+03 2.05393e-02
4.64100e+03 2.11378e-02
4.64200e+03 2.17362e-02
4.64300e+03 2.23345e-02
4.64400e+03 2.29327e-02
4.64500e+03 2.35309e-02
4.64600e+03 2.41290e-02
4.64700e+03 2.47270e-02
4.64800e+03 2.53249e-02
4.64900e+03 2.59227e-02
4.65000e+03 2.65205e-02
4.65100e+03 2.72575e-02
4.65200e+03 2.79946e-02
4.65300e+03 2.87315e-02
4.65400e+03 2.94683e-02
4.65500e+03 3.02051e-02
4.65600e+03 3.09417e-02
4.65700e+03 3.16784e-02
4.65800e+03 3.24149e-02
4.65900e+03 3.31514e-02
4.66000e+03 3.38877e-02
4.66100e+03 3.47440e-02
4.66200e+03 3.56002e-02
4.66300e+03 3.64564e-02
4.66400e+03 3.73125e-02
4.66500e+03 3.81686e-02
4.66600e+03 3.90247e-02
4.66700e+03 3.98807e-02
4.66800e+03 4.07366e-02
4.66900e+03 4.15925e-02
4.67000e+03 4.24484e-02
4.67100e+03 4.33981e-02
4.67200e+03 4.43476e-02
4.67300e+03 4.52971e-02
4.67400e+03 4.62464e-02
4.67500e+03 4.71957e-02
4.67600e+03 4.81449e-02
4.67700e+03 4.90938e-02
4.67800e+03 5.00428e-02
4.67900e+03 5.09915e-02
4.68000e+03 5.19403e-02
4.68100e+03 5.30481e-02
4.68200e+03 5.41559e-02
4.68300e+03 5.52637e-02
4.68400e+03 5.63711e-02
4.68500e+03 5.74786e-02
4.68600e+03 5.85859e-02
4.68700e+03 5.96932e-02
4.68800e+03 6.08003e-02
4.68900e+03 6.19073e-02
4.69000e+03 6.30143e-02
4.69100e+03 6.45573e-02
4.69200e+03 6.61002e-02
4.69300e+03 6.76431e-02
4.69400e+03 6.91857e-02
4.69500e+03 7.07284e-02
4.69600e+03 7.22707e-02
4.69700e+03 7.38130e-02
4.69800e+03 7.53552e-02
4.69900e+03 7.68972e-02
4.70000e+03 7.84391e-02
4.70100e+03 7.97076e-02
4.70200e+03 8.09759e-02
4.70300e+03 8.22443e-02
4.70400e+03 8.35128e-02
4.70500e+03 8.47813e-02
4.70600e+03 8.60498e-02
4.70700e+03 8.73183e-02
4.70800e+03 8.85867e-02
4.70900e+03 8.98552e-02
4.71000e+03 9.11236e-02
4.71100e+03 9.24178e-02
4.71200e+03 9.37116e-02
4.71300e+03 9.50051e-02
4.71400e+03 9.62984e-02
4.71500e+03 9.75910e-02
4.71600e+03 9.88832e-02
4.71700e+03 1.00175e-01
4.71800e+03 1.01466e-01
4.71900e+03 1.02757e-01
4.72000e+03 1.04048e-01
4.72100e+03 1.05432e-01
4.72200e+03 1.06815e-01
4.72300e+03 1.08199e-01
4.72400e+03 1.09583e-01
4.72500e+03 1.10966e-01
4.72600e+03 1.12350e-01
4.72700e+03 1.13733e-01
4.72800e+03 1.15116e-01
4.72900e+03 1.16500e-01
4.73000e+03 1.17883e-01
4.73100e+03 1.19144e-01
4.73200e+03 1.20404e-01
4.73300e+03 1.21665e-01
4.73400e+03 1.22926e-01
4.73500e+03 1.24186e-01
4.73600e+03 1.25446e-01
4.73700e+03 1.26706e-01
4.73800e+03 1.27966e-01
4.73900e+03 1.29226e-01
4.74000e+03 1.30486e-01
4.74100e+03 1.31856e-01
4.74200e+03 1.33225e-01
4.74300e+03 1.34594e-01
4.74400e+03 1.35963e-01
4.74500e+03 1.37331e-01
4.74600e+03 1.38699e-01
4.74700e+03 1.40067e-01
4.74800e+03 1.41435e-01
4.74900e+03 1.42802e-01
4.75000e+03 1.44169e-01
4.75100e+03 1.45676e-01
4.75200e+03 1.47183e-01
4.75300e+03 1.48690e-01
4.75400e+03 1.50197e-01
4.75500e+03 1.51704e-01
4.75600e+03 1.53212e-01
4.75700e+03 1.54719e-01
4.75800e+03 1.56227e-01
4.75900e+03 1.57734e-01
4.76000e+03 1.59242e-01
4.76100e+03 1.60499e-01
4.76200e+03 1.61755e-01
4.76300e+03 1.63012e-01
4.76400e+03 1.64268e-01
4.76500e+03 1.65524e-01
4.76600e+03 1.66780e-01
4.76700e+03 1.68036e-01
4.76800e+03 1.69292e-01
4.76900e+03 1.70547e-01
4.77000e+03 1.71803e-01
4.77100e+03 1.73308e-01
4.77200e+03 1.74814e-01
4.77300e+03 1.76320e-01
4.77400e+03 1.77826e-01
4.77500e+03 1.79333e-01
4.77600e+03 1.80839e-01
4.77700e+03 1.82345e-01
4.77800e+03 1.83852e-01
4.77900e+03 1.85358e-01
4.78000e+03 1.86865e-01
4.78100e+03 1.88355e-01
4.78200e+03 1.89846e-01
4.78300e+03 1.91336e-01
4.78400e+03 1.92826e-01
4.78500e+03 1.94315e-01
4.78600e+03 1.95805e-01
4.78700e+03 1.97294e-01
4.78800e+03 1.98783e-01
4.78900e+03 2.00273e-01
4.79000e+03 2.01761e-01
4.79100e+03 2.03256e-01
4.79200e+03 2.04750e-01
4.79300e+03 2.06244e-01
4.79400e+03 2.07738e-01
4.79500e+03 2.09232e-01
4.79600e+03 2.10725e-01
4.79700e+03 2.12219e-01
4.79800e+03 2.13713e-01
4.79900e+03 2.15206e-01
4.80000e+03 2.16700e-01
4.80100e+03 2.17888e-01
4.80200e+03 2.19075e-01
4.80300e+03 2.20263e-01
4.80400e+03 2.21451e-01
4.80500e+03 2.22639e-01
4.80600e+03 2.23827e-01
4.80700e+03 2.25015e-01
4.80800e+03 2.26203e-01
4.80900e+03 2.27391e-01
4.81000e+03 2.28579e-01
4.81100e+03 2.29967e-01
4.81200e+03 2.31355e-01
4.81300e+03 2.32743e-01
4.81400e+03 2.34131e-01
4.81500e+03 2.35520e-01
4.81600e+03 2.36908e-01
4.81700e+03 2.38296e-01
4.81800e+03 2.39684e-01
4.81900e+03 2.41073e-01
4.82000e+03 2.42462e-01
4.82100e+03 2.43660e-01
4.82200e+03 2.44859e-01
4.82300e+03 2.46057e-01
4.82400e+03 2.47256e-01
4.82500e+03 2.48455e-01
4.82600e+03 2.49654e-01
4.82700e+03 2.50854e-01
4.82800e+03 2.52053e-01
4.82900e+03 2.53252e-01
4.83000e+03 2.54452e-01
4.83100e+03 2.55619e-01
4.83200e+03 2.56785e-01
4.83300e+03 2.57952e-01
4.83400e+03 2.59119e-01
4.83500e+03 2.60286e-01
4.83600e+03 2.61453e-01
4.83700e+03 2.62620e-01
4.83800e+03 2.63787e-01
4.83900e+03 2.64956e-01
4.84000e+03 2.66124e-01
4.84100e+03 2.66942e-01
4.84200e+03 2.67761e-01
4.84300e+03 2.68579e-01
4.84400e+03 2.69398e-01
4.84500e+03 2.70216e-01
4.84600e+03 2.71034e-01
4.84700e+03 2.71852e-01
4.84800e+03 2.72670e-01
4.84900e+03 2.73488e-01
4.85000e+03 2.74306e-01
4.85100e+03 2.75397e-01
4.85200e+03 2.76488e-01
4.85300e+03 2.77579e-01
4.85400e+03 2.78670e-01
4.85500e+03 2.79760e-01
4.85600e+03 2.80850e-01
4.85700e+03 2.81941e-01
4.85800e+03 2.83031e-01
4.85900e+03 2.84121e-01
4.86000e+03 2.85211e-01
4.86100e+03 2.85680e-01
4.86200e+03 2.86150e-01
4.86300e+03 2.86619e-01
4.86400e+03 2.87089e-01
4.86500e+03 2.87559e-01
4.86600e+03 2.88029e-01
4.86700e+03 2.88499e-01
4.86800e+03 2.88969e-01
4.86900e+03 2.89440e-01
4.87000e+03 2.89910e-01
4.87100e+03 2.90495e-01
4.87200e+03 2.91079e-01
4.87300e+03 2.91664e-01
4.87400e+03 2.92249e-01
4.87500e+03 2.92834e-01
4.87600e+03 2.93419e-01
4.87700e+03 2.94003e-01
4.87800e+03 2.94588e-01
4.87900e+03 2.95173e-01
4.88000e+03 2.95757e-01
4.88100e+03 2.96314e-01
4.88200e+03 2.96870e-01
4.88300e+03 2.97428e-01
4.88400e+03 2.97984e-01
4.88500e+03 2.98541e-01
4.88600e+03 2.99098e-01
4.88700e+03 2.99655e-01
4.88800e+03 3.00212e-01
4.88900e+03 3.00768e-01
4.89000e+03 3.01325e-01
4.89100e+03 3.01716e-01
4.89200e+03 3.02107e-01
4.89300e+03 3.02498e-01
4.89400e+03 3.02889e-01
4.89500e+03 3.03281e-01
4.89600e+03 3.03672e-01
4.89700e+03 3.04063e-01
4.89800e+03 3.04455e-01
4.89900e+03 3.04847e-01
4.90000e+03 3.05238e-01
4.90100e+03 3.05554e-01
4.90200e+03 3.05869e-01
4.90300e+03 3.06184e-01
4.90400e+03 3.06500e-01
4.90500e+03 3.06815e-01
4.90600e+03 3.07131e-01
4.90700e+03 3.07446e-01
4.90800e+03 3.07761e-01
4.90900e+03 3.08077e-01
4.91000e+03 3.08392e-01
4.91100e+03 3.08775e-01
4.91200e+03 3.09157e-01
4.91300e+03 3.09541e-01
4.91400e+03 3.09924e-01
4.91500e+03 3.10307e-01
4.91600e+03 3.10690e-01
4.91700e+03 3.11074e-01
4.91800e+03 3.11457e-01
4.91900e+03 3.11840e-01
4.92000e+03 3.12224e-01
4.92100e+03 3.12470e-01
4.92200e+03 3.12716e-01
4.92300e+03 3.12961e-01
4.92400e+03 3.13207e-01
4.92500e+03 3.13453e-01
4.92600e+03 3.13699e-01
4.92700e+03 3.13944e-01
4.92800e+03 3.14190e-01
4.92900e+03 3.14437e-01
4.93000e+03 3.14682e-01
4.93100e+03 3.14992e-01
4.93200e+03 3.15302e-01
4.93300e+03 3.15612e-01
4.93400e+03 3.15922e-01
4.93500e+03 3.16232e-01
4.93600e+03 3.16542e-01
4.93700e+03 3.16852e-01
4.93800e+03 3.17163e-01
4.93900e+03 3.17473e-01
4.94000e+03 3.17783e-01
4.94100e+03 3.17552e-01
4.94200e+03 3.17322e-01
4.94300e+03 3.17091e-01
4.94400e+03 3.16860e-01
4.94500e+03 3.16629e-01
4.94600e+03 3.16399e-01
4.94700e+03 3.16167e-01
4.94800e+03 3.15935e-01
4.94900e+03 3.15704e-01
4.95000e+03 3.15473e-01
4.95100e+03 3.16450e-01
4.95200e+03 3.17428e-01
4.95300e+03 3.18404e-01
4.95400e+03 3.19381e-01
4.95500e+03 3.20358e-01
4.95600e+03 3.21334e-01
4.95700e+03 3.22311e-01
4.95800e+03 3.23287e-01
4.95900e+03 3.24264e-01
4.96000e+03 3.25240e-01
4.96100e+03 3.25482e-01
4.96200e+03 3.25723e-01
4.96300e+03 3.25965e-01
4.96400e+03 3.26207e-01
4.96500e+03 3.26449e-01
4.96600e+03 3.26691e-01
4.96700e+03 3.26933e-01
4.96800e+03 3.27175e-01
4.96900e+03 3.27417e-01
4.97000e+03 3.27659e-01
4.97100e+03 3.28530e-01
4.97200e+03 3.29399e-01
4.97300e+03 3.30270e-01
4.97400e+03 3.31140e-01
4.97500e+03 3.32010e-01
4.97600e+03 3.32881e-01
4.97700e+03 3.33752e-01
4.97800e+03 3.34623e-01
4.97900e+03 3.35494e-01
4.98000e+03 3.36365e-01
4.98100e+03 3.36418e-01
4.98200e+03 3.36471e-01
4.98300e+03 3.36523e-01
4.98400e+03 3.36576e-01
4.98500e+03 3.36629e-01
4.98600e+03 3.36681e-01
4.98700e+03 3.36734e-01
4.98800e+03 3.36787e-01
4.98900e+03 3.36840e-01
4.99000e+03 3.36893e-01
4.99100e+03 3.37382e-01
4.99200e+03 3.37871e-01
4.99300e+03 3.38362e-01
4.99400e+03 3.38851e-01
4.99500e+03 3.39341e-01
4.99600e+03 3.39832e-01
4.99700e+03 3.40322e-01
4.99800e+03 3.40812e-01
4.99900e+03 3.41302e-01
5.00000e+03 3.41793e-01
5.00100e+03 3.42256e-01
5.00200e+03 3.42718e-01
5.00300e+03 3.43180e-01
5.00400e+03 3.43642e-01
5.00500e+03 3.44104e-01
5.00600e+03 3.44567e-01
5.00700e+03 3.45029e-01
5.00800e+03 3.45493e-01
5.00900e+03 3.45955e-01
5.01000e+03 3.46418e-01
5.01100e+03 3.46698e-01
5.01200e+03 3.46977e-01
5.01300e+03 3.47257e-01
5.01400e+03 3.47538e-01
5.01500e+03 3.47819e-01
5.01600e+03 3.48100e-01
5.01700e+03 3.48380e-01
5.01800e+03 3.48659e-01
5.01900e+03 3.48941e-01
5.02000e+03 3.49221e-01
5.02100e+03 3.49251e-01
5.02200e+03 3.49281e-01
5.02300e+03 3.49313e-01
5.02400e+03 3.49343e-01
5.02500e+03 3.49374e-01
5.02600e+03 3.49404e-01
5.02700e+03 3.49434e-01
5.02800e+03 3.49465e-01
5.02900e+03 3.49494e-01
5.03000e+03 3.49525e-01
5.03100e+03 3.49883e-01
5.03200e+03 3.50242e-01
5.03300e+03 3.50601e-01
5.03400e+03 3.50960e-01
5.03500e+03 3.51319e-01
5.03600e+03 3.51678e-01
5.03700e+03 3.52036e-01
5.03800e+03 3.52396e-01
5.03900e+03 3.52754e-01
5.04000e+03 3.53113e-01
5.04100e+03 3.52926e-01
5.04200e+03 3.52737e-01
5.04300e+03 3.52548e-01
5.04400e+03 3.52360e-01
5.04500e+03 3.52172e-01
5.04600e+03 3.51983e-01
5.04700e+03 3.51794e-01
5.04800e+03 3.51605e-01
5.04900e+03 3.51416e-01
5.05000e+03 3.51227e-01
5.05100e+03 3.51625e-01
5.05200e+03 3.52022e-01
5.05300e+03 3.52419e-01
5.05400e+03 3.52817e-01
5.05500e+03 3.53214e-01
5.05600e+03 3.53611e-01
5.05700e+03 3.54009e-01
5.05800e+03 3.54406e-01
5.05900e+03 3.54804e-01
5.06000e+03 3.55202e-01
5.06100e+03 3.54687e-01
5.06200e+03 3.54172e-01
5.06300e+03 3.53657e-01
5.06400e+03 3.53141e-01
5.06500e+03 3.52626e-01
5.06600e+03 3.52110e-01
5.06700e+03 3.51594e-01
5.06800e+03 3.51077e-01
5.06900e+03 3.50561e-01
5.07000e+03 3.50044e-01
5.07100e+03 3.50229e-01
5.07200e+03 3.50413e-01
5.07300e+03 3.50597e-01
5.07400e+03 3.50782e-01
5.07500e+03 3.50966e-01
5.07600e+03 3.51151e-01
5.07700e+03 3.51335e-01
5.07800e+03 3.51521e-01
5.07900e+03 3.51705e-01
5.08000e+03 3.51889e-01
5.08100e+03 3.51435e-01
5.08200e+03 3.50981e-01
5.08300e+03 3.50527e-01
5.08400e+03 3.50073e-01
5.08500e+03 3.49619e-01
5.08600e+03 3.49164e-01
5.08700e+03 3.48709e-01
5.08800e+03 3.48254e-01
5.08900e+03 3.47800e-01
5.09000e+03 3.47345e-01
5.09100e+03 3.47195e-01
5.09200e+03 3.47045e-01
5.09300e+03 3.46895e-01
5.09400e+03 3.46745e-01
5.09500e+03 3.46595e-01
5.09600e+03 3.46445e-01
5.09700e+03 3.46295e-01
5.09800e+03 3.46145e-01
5.09900e+03 3.45994e-01
5.10000e+03 3.45843e-01
5.10100e+03 3.45685e-01
5.10200e+03 3.45526e-01
5.10300e+03 3.45367e-01
5.10400e+03 3.45208e-01
5.10500e+03 3.45048e-01
5.10600e+03 3.44889e-01
5.10700e+03 3.44730e-01
5.10800e+03 3.44570e-01
5.10900e+03 3.44410e-01
5.11000e+03 3.44250e-01
5.11100e+03 3.44209e-01
5.11200e+03 3.44168e-01
5.11300e+03 3.44126e-01
5.11400e+03 3.44085e-01
5.11500e+03 3.44044e-01
5.11600e+03 3.44003e-01
5.11700e+03 3.43961e-01
5.11800e+03 3.43920e-01
5.11900e+03 3.43878e-01
5.12000e+03 3.43836e-01
5.12100e+03 3.43820e-01
5.12200e+03 3.43805e-01
5.12300e+03 3.43789e-01
5.12400e+03 3.43773e-01
5.12500e+03 3.43756e-01
5.12600e+03 3.43741e-01
5.12700e+03 3.43725e-01
5.12800e+03 3.43708e-01
5.12900e+03 3.43692e-01
5.13000e+03 3.43676e-01
5.13100e+03 3.43564e-01
5.13200e+03 3.43452e-01
5.13300e+03 3.43341e-01
5.13400e+03 3.43229e-01
5.13500e+03 3.43117e-01
5.13600e+03 3.43005e-01
5.13700e+03 3.42894e-01
5.13800e+03 3.42782e-01
5.13900e+03 3.42670e-01
5.14000e+03 3.42558e-01
5.14100e+03 3.42479e-01
5.14200e+03 3.42399e-01
5.14300e+03 3.42321e-01
5.14400e+03 3.42241e-01
5.14500e+03 3.42162e-01
5.14600e+03 3.42083e-01
5.14700e+03 3.42003e-01
5.14800e+03 3.41922e-01
5.14900e+03 3.41843e-01
5.15000e+03 3.41763e-01
5.15100e+03 3.41810e-01
5.15200e+03 3.41857e-01
5.15300e+03 3.41905e-01
5.15400e+03 3.41951e-01
5.15500e+03 3.41999e-01
5.15600e+03 3.42045e-01
5.15700e+03 3.42093e-01
5.15800e+03 3.42139e-01
5.15900e+03 3.42186e-01
5.16000e+03 3.42233e-01
5.16100e+03 3.42488e-01
5.16200e+03 3.42742e-01
5.16300e+03 3.42996e-01
5.16400e+03 3.43251e-01
5.16500e+03 3.43505e-01
5.16600e+03 3.43760e-01
5.16700e+03 3.44014e-01
5.16800e+03 3.44269e-01
5.16900e+03 3.44524e-01
5.17000e+03 3.44778e-01
5.17100e+03 3.45133e-01
5.17200e+03 3.45488e-01
5.17300e+03 3.45842e-01
5.17400e+03 3.46197e-01
5.17500e+03 3.46552e-01
5.17600e+03 3.46907e-01
5.17700e+03 3.47262e-01
5.17800e+03 3.47617e-01
5.17900e+03 3.47971e-01
5.18000e+03 3.48327e-01
5.18100e+03 3.48253e-01
5.18200e+03 3.48180e-01
5.18300e+03 3.48107e-01
5.18400e+03 3.48033e-01
5.18500e+03 3.47959e-01
5.18600e+03 3.47885e-01
5.18700e+03 3.47811e-01
5.18800e+03 3.47737e-01
5.18900e+03 3.47663e-01
5.19000e+03 3.47589e-01
5.19100e+03 3.47941e-01
5.19200e+03 3.48293e-01
5.19300e+03 3.48645e-01
5.19400e+03 3.48997e-01
5.19500e+03 3.49349e-01
5.19600e+03 3.49702e-01
5.19700e+03 3.50054e-01
5.19800e+03 3.50406e-01
5.19900e+03 3.50759e-01
5.20000e+03 3.51111e-01
5.20100e+03 3.51113e-01
5.20200e+03 3.51113e-01
5.20300e+03 3.51114e-01
5.20400e+03 3.51115e-01
5.20500e+03 3.51115e-01
5.20600e+03 3.51115e-01
5.20700e+03 3.51116e-01
5.20800e+03 3.51116e-01
5.20900e+03 3.51117e-01
5.21000e+03 3.51118e-01
5.21100e+03 3.51443e-01
5.21200e+03 3.51768e-01
5.21300e+03 3.52093e-01
5.21400e+03 3.52418e-01
5.21500e+03 3.52744e-01
5.21600e+03 3.53070e-01
5.21700e+03 3.53395e-01
5.21800e+03 3.53721e-01
5.21900e+03 3.54047e-01
5.22000e+03 3.54373e-01
5.22100e+03 3.54396e-01
5.22200e+03 3.54418e-01
5.22300e+03 3.54441e-01
5.22400e+03 3.54464e-01
5.22500e+03 3.54487e-01
5.22600e+03 3.54509e-01
5.22700e+03 3.54532e-01
5.22800e+03 3.54554e-01
5.22900e+03 3.54577e-01
5.23000e+03 3.54599e-01
5.23100e+03 3.54857e-01
5.23200e+03 3.55115e-01
5.23300e+03 3.55373e-01
5.23400e+03 3.55630e-01
5.23500e+03 3.55888e-01
5.23600e+03 3.56146e-01
5.23700e+03 3.56404e-01
5.23800e+03 3.56662e-01
5.23900e+03 3.56920e-01
5.24000e+03 3.57178e-01
5.24100e+03 3.56966e-01
5.24200e+03 3.56756e-01
5.24300e+03 3.56544e-01
5.24400e+03 3.56333e-01
5.24500e+03 3.56122e-01
5.24600e+03 3.55910e-01
5.24700e+03 3.55698e-01
5.24800e+03 3.55487e-01
5.24900e+03 3.55275e-01
5.25000e+03 3.55063e-01
5.25100e+03 3.55034e-01
5.25200e+03 3.55005e-01
5.25300e+03 3.54977e-01
5.25400e+03 3.54949e-01
5.25500e+03 3.54920e-01
5.25600e+03 3.54891e-01
5.25700e+03 3.54862e-01
5.25800e+03 3.54834e-01
5.25900e+03 3.54806e-01
5.26000e+03 3.54776e-01
5.26100e+03 3.54873e-01
5.26200e+03 3.54969e-01
5.26300e+03 3.55066e-01
5.26400e+03 3.55162e-01
5.26500e+03 3.55259e-01
5.26600e+03 3.55356e-01
5.26700e+03 3.55451e-01
5.26800e+03 3.55547e-01
5.26900e+03 3.55644e-01
5.27000e+03 3.55740e-01
5.27100e+03 3.55609e-01
5.27200e+03 3.55477e-01
5.27300e+03 3.55346e-01
5.27400e+03 3.55214e-01
5.27500e+03 3.55082e-01
5.27600e+03 3.54949e-01
5.27700e+03 3.54817e-01
5.27800e+03 3.54686e-01
5.27900e+03 3.54553e-01
5.28000e+03 3.54420e-01
5.28100e+03 3.53895e-01
5.28200e+03 3.53371e-01
5.28300e+03 3.52845e-01
5.28400e+03 3.52320e-01
5.28500e+03 3.51795e-01
5.28600e+03 3.51270e-01
5.28700e+03 3.50744e-01
5.28800e+03 3.50219e-01
5.28900e+03 3.49693e-01
5.29000e+03 3.49167e-01
5.29100e+03 3.49322e-01
5.29200e+03 3.49474e-01
5.29300e+03 3.49628e-01
5.29400e+03 3.49781e-01
5.29500e+03 3.49935e-01
5.29600e+03 3.50088e-01
5.29700e+03 3.50241e-01
5.29800e+03 3.50395e-01
5.29900e+03 3.50548e-01
5.30000e+03 3.50702e-01
5.30100e+03 3.50277e-01
5.30200e+03 3.49852e-01
5.30300e+03 3.49425e-01
5.30400e+03 3.49000e-01
5.30500e+03 3.48575e-01
5.30600e+03 3.48149e-01
5.30700e+03 3.47723e-01
5.30800e+03 3.47296e-01
5.30900e+03 3.46870e-01
5.31000e+03 3.46444e-01
5.31100e+03 3.46478e-01
5.31200e+03 3.46512e-01
5.31300e+03 3.46546e-01
5.31400e+03 3.46580e-01
5.31500e+03 3.46614e-01
5.31600e+03 3.46647e-01
5.31700e+03 3.46681e-01
5.31800e+03 3.46715e-01
5.31900e+03 3.46748e-01
5.32000e+03 3.46782e-01
5.32100e+03 3.46395e-01
5.32200e+03 3.46010e-01
5.32300e+03 3.45624e-01
5.32400e+03 3.45238e-01
5.32500e+03 3.44851e-01
5.32600e+03 3.44465e-01
5.32700e+03 3.44079e-01
5.32800e+03 3.43693e-01
5.32900e+03 3.43306e-01
5.33000e+03 3.42920e-01
5.33100e+03 3.43091e-01
5.33200e+03 3.43264e-01
5.33300e+03 3.43435e-01
5.33400e+03 3.43607e-01
5.33500e+03 3.43779e-01
5.33600e+03 3.43950e-01
5.33700e+03 3.44123e-01
5.33800e+03 3.44295e-01
5.33900e+03 3.44467e-01
5.34000e+03 3.44639e-01
5.34100e+03 3.44407e-01
5.34200e+03 3.44176e-01
5.34300e+03 3.43944e-01
5.34400e+03 3.43711e-01
5.34500e+03 3.43479e-01
5.34600e+03 3.43248e-01
5.34700e+03 3.43015e-01
5.34800e+03 3.42782e-01
5.34900e+03 3.42550e-01
5.35000e+03 3.42316e-01
5.35100e+03 3.42313e-01
5.35200e+03 3.42309e-01
5.35300e+03 3.42305e-01
5.35400e+03 3.42301e-01
5.35500e+03 3.42297e-01
5.35600e+03 3.42293e-01
5.35700e+03 3.42289e-01
5.35800e+03 3.42285e-01
5.35900e+03 3.42281e-01
5.36000e+03 3.42276e-01
5.36100e+03 3.42254e-01
5.36200e+03 3.42231e-01
5.36300e+03 3.42209e-01
5.36400e+03 3.42185e-01
5.36500e+03 3.42163e-01
5.36600e+03 3.42139e-01
5.36700e+03 3.42117e-01
5.36800e+03 3.42094e-01
5.36900e+03 3.42071e-01
5.37000e+03 3.42047e-01
5.37100e+03 3.42464e-01
5.37200e+03 3.42882e-01
5.37300e+03 3.43299e-01
5.37400e+03 3.43717e-01
5.37500e+03 3.44134e-01
5.37600e+03 3.44551e-01
5.37700e+03 3.44969e-01
5.37800e+03 3.45386e-01
5.37900e+03 3.45804e-01
5.38000e+03 3.46221e-01
5.38100e+03 3.46276e-01
5.38200e+03 3.46331e-01
5.38300e+03 3.46385e-01
5.38400e+03 3.46440e-01
5.38500e+03 3.46495e-01
5.38600e+03 3.46549e-01
5.38700e+03 3.46604e-01
5.38800e+03 3.46659e-01
5.38900e+03 3.46713e-01
5.39000e+03 3.46768e-01
5.39100e+03 3.46974e-01
5.39200e+03 3.47179e-01
5.39300e+03 3.47386e-01
5.39400e+03 3.47591e-01
5.39500e+03 3.47797e-01
5.39600e+03 3.48003e-01
5.39700e+03 3.48208e-01
5.39800e+03 3.48414e-01
5.39900e+03 3.48620e-01
5.40000e+03 3.48825e-01
5.40100e+03 3.48934e-01
5.40200e+03 3.49043e-01
5.40300e+03 3.49151e-01
5.40400e+03 3.49259e-01
5.40500e+03 3.49367e-01
5.40600e+03 3.49476e-01
5.40700e+03 3.49584e-01
5.40800e+03 3.49691e-01
5.40900e+03 3.49800e-01
5.41000e+03 3.49908e-01
5.41100e+03 3.50050e-01
5.41200e+03 3.50193e-01
5.41300e+03 3.50336e-01
5.41400e+03 3.50478e-01
5.41500e+03 3.50621e-01
5.41600e+03 3.50763e-01
5.41700e+03 3.50905e-01
5.41800e+03 3.51048e-01
5.41900e+03 3.51189e-01
5.42000e+03 3.51332e-01
5.42100e+03 3.51706e-01
5.42200e+03 3.52082e-01
5.42300e+03 3.52458e-01
5.42400e+03 3.52833e-01
5.42500e+03 3.53207e-01
5.42600e+03 3.53582e-01
5.42700e+03 3.53958e-01
5.42800e+03 3.54333e-01
5.42900e+03 3.54707e-01
5.43000e+03 3.55083e-01
5.43100e+03 3.55309e-01
5.43200e+03 3.55535e-01
5.43300e+03 3.55760e-01
5.43400e+03 3.55986e-01
5.43500e+03 3.56212e-01
5.43600e+03 3.56438e-01
5.43700e+03 3.56665e-01
5.43800e+03 3.56890e-01
5.43900e+03 3.57116e-01
5.44000e+03 3.57342e-01
5.44100e+03 3.57466e-01
5.44200e+03 3.57589e-01
5.44300e+03 3.57714e-01
5.44400e+03 3.57836e-01
5.44500e+03 3.57960e-01
5.44600e+03 3.58084e-01
5.44700e+03 3.58208e-01
5.44800e+03 3.58331e-01
5.44900e+03 3.58454e-01
5.45000e+03 3.58578e-01
5.45100e+03 3.58462e-01
5.45200e+03 3.58344e-01
5.45300e+03 3.58228e-01
5.45400e+03 3.58111e-01
5.45500e+03 3.57994e-01
5.45600e+03 3.57877e-01
5.45700e+03 3.57760e-01
5.45800e+03 3.57643e-01
5.45900e+03 3.57526e-01
5.46000e+03 3.57408e-01
5.46100e+03 3.57695e-01
5.46200e+03 3.57982e-01
5.46300e+03 3.58269e-01
5.46400e+03 3.58556e-01
5.46500e+03 3.58842e-01
5.46600e+03 3.59129e-01
5.46700e+03 3.59416e-01
5.46800e+03 3.59702e-01
5.46900e+03 3.59989e-01
5.47000e+03 3.60275e-01
5.47100e+03 3.60379e-01
5.47200e+03 3.60481e-01
5.47300e+03 3.60585e-01
5.47400e+03 3.60688e-01
5.47500e+03 3.60791e-01
5.47600e+03 3.60893e-01
5.47700e+03 3.60995e-01
5.47800e+03 3.61098e-01
5.47900e+03 3.61200e-01
5.48000e+03 3.61303e-01
5.48100e+03 3.61281e-01
5.48200e+03 3.61259e-01
5.48300e+03 3.61238e-01
5.48400e+03 3.61216e-01
5.48500e+03 3.61194e-01
5.48600e+03 3.61172e-01
5.48700e+03 3.61150e-01
5.48800e+03 3.61128e-01
5.48900e+03 3.61105e-01
5.49000e+03 3.61083e-01
5.49100e+03 3.61529e-01
5.49200e+03 3.61976e-01
5.49300e+03 3.62422e-01
5.49400e+03 3.62868e-01
5.49500e+03 3.63315e-01
5.49600e+03 3.63761e-01
5.49700e+03 3.64207e-01
5.49800e+03 3.64653e-01
5.49900e+03 3.65100e-01
5.50000e+03 3.65546e-01
5.50100e+03 3.65061e-01
5.50200e+03 3.64575e-01
5.50300e+03 3.64090e-01
5.50400e+03 3.63604e-01
5.50500e+03 3.63118e-01
5.50600e+03 3.62631e-01
5.50700e+03 3.62145e-01
5.50800e+03 3.61658e-01
5.50900e+03 3.61170e-01
5.51000e+03 3.60683e-01
5.51100e+03 3.60604e-01
5.51200e+03 3.60524e-01
5.51300e+03 3.60444e-01
5.51400e+03 3.60364e-01
5.51500e+03 3.60285e-01
5.51600e+03 3.60205e-01
5.51700e+03 3.60125e-01
5.51800e+03 3.60046e-01
5.51900e+03 3.59965e-01
5.52000e+03 3.59885e-01
5.52100e+03 3.59661e-01
5.52200e+03 3.59435e-01
5.52300e+03 3.59210e-01
5.52400e+03 3.58985e-01
5.52500e+03 3.58760e-01
5.52600e+03 3.58534e-01
5.52700e+03 3.58309e-01
5.52800e+03 3.58083e-01
5.52900e+03 3.57857e-01
5.53000e+03 3.57631e-01
5.53100e+03 3.57532e-01
5.53200e+03 3.57432e-01
5.53300e+03 3.57332e-01
5.53400e+03 3.57232e-01
5.53500e+03 3.57131e-01
5.53600e+03 3.57031e-01
5.53700e+03 3.56931e-01
5.53800e+03 3.56831e-01
5.53900e+03 3.56730e-01
5.54000e+03 3.56629e-01
5.54100e+03 3.56249e-01
5.54200e+03 3.55869e-01
5.54300e+03 3.55489e-01
5.54400e+03 3.55109e-01
5.54500e+03 3.54729e-01
5.54600e+03 3.54348e-01
5.54700e+03 3.53967e-01
5.54800e+03 3.53587e-01
5.54900e+03 3.53206e-01
5.55000e+03 3.52826e-01
5.55100e+03 3.52925e-01
5.55200e+03 3.53024e-01
5.55300e+03 3.53123e-01
5.55400e+03 3.53221e-01
5.55500e+03 3.53320e-01
5.55600e+03 3.53420e-01
5.55700e+03 3.53519e-01
5.55800e+03 3.53618e-01
5.55900e+03 3.53717e-01
5.56000e+03 3.53815e-01
5.56100e+03 3.53231e-01
5.56200e+03 3.52647e-01
5.56300e+03 3.52063e-01
5.56400e+03 3.51478e-01
5.56500e+03 3.50894e-01
5.56600e+03 3.50309e-01
5.56700e+03 3.49724e-01
5.56800e+03 3.49139e-01
5.56900e+03 3.48554e-01
5.57000e+03 3.47969e-01
5.57100e+03 3.48044e-01
5.57200e+03 3.48120e-01
5.57300e+03 3.48195e-01
5.57400e+03 3.48270e-01
5.57500e+03 3.48344e-01
5.57600e+03 3.48420e-01
5.57700e+03 3.48494e-01
5.57800e+03 3.48569e-01
5.57900e+03 3.48643e-01
5.58000e+03 3.48718e-01
5.58100e+03 3.48308e-01
5.58200e+03 3.47897e-01
5.58300e+03 3.47488e-01
5.58400e+03 3.47078e-01
5.58500e+03 3.46666e-01
5.58600e+03 3.46256e-01
5.58700e+03 3.45845e-01
5.58800e+03 3.45434e-01
5.58900e+03 3.45023e-01
5.59000e+03 3.44612e-01
5.59100e+03 3.44399e-01
5.59200e+03 3.44186e-01
5.59300e+03 3.43973e-01
5.59400e+03 3.43761e-01
5.59500e+03 3.43547e-01
5.59600e+03 3.43334e-01
5.59700e+03 3.43121e-01
5.59800e+03 3.42907e-01
5.59900e+03 3.42693e-01
5.60000e+03 3.42479e-01
5.60100e+03 3.41958e-01
5.60200e+03 3.41437e-01
5.60300e+03 3.40915e-01
5.60400e+03 3.40394e-01
5.60500e+03 3.39872e-01
5.60600e+03 3.39350e-01
5.60700e+03 3.38828e-01
5.60800e+03 3.38305e-01
5.60900e+03 3.37783e-01
5.61000e+03 3.37259e-01
5.61100e+03 3.37138e-01
5.61200e+03 3.37016e-01
5.61300e+03 3.36894e-01
5.61400e+03 3.36771e-01
5.61500e+03 3.36649e-01
5.61600e+03 3.36527e-01
5.61700e+03 3.36404e-01
5.61800e+03 3.36282e-01
5.61900e+03 3.36159e-01
5.62000e+03 3.36036e-01
5.62100e+03 3.35747e-01
5.62200e+03 3.35458e-01
5.62300e+03 3.35168e-01
5.62400e+03 3.34880e-01
5.62500e+03 3.34590e-01
5.62600e+03 3.34301e-01
5.62700e+03 3.34012e-01
5.62800e+03 3.33723e-01
5.62900e+03 3.33434e-01
5.63000e+03 3.33145e-01
5.63100e+03 3.33431e-01
5.63200e+03 3.33718e-01
5.63300e+03 3.34005e-01
5.63400e+03 3.34292e-01
5.63500e+03 3.34579e-01
5.63600e+03 3.34867e-01
5.63700e+03 3.35154e-01
5.63800e+03 3.35441e-01
5.63900e+03 3.35728e-01
5.64000e+03 3.36015e-01
5.64100e+03 3.35448e-01
5.64200e+03 3.34881e-01
5.64300e+03 3.34314e-01
5.64400e+03 3.33747e-01
5.64500e+03 3.33179e-01
5.64600e+03 3.32612e-01
5.64700e+03 3.32043e-01
5.64800e+03 3.31476e-01
5.64900e+03 3.30908e-01
5.65000e+03 3.30340e-01
5.65100e+03 3.29847e-01
5.65200e+03 3.29354e-01
5.65300e+03 3.28862e-01
5.65400e+03 3.28369e-01
5.65500e+03 3.27876e-01
5.65600e+03 3.27383e-01
5.65700e+03 3.26890e-01
5.65800e+03 3.26397e-01
5.65900e+03 3.25904e-01
5.66000e+03 3.25411e-01
5.66100e+03 3.25403e-01
5.66200e+03 3.25394e-01
5.66300e+03 3.25386e-01
5.66400e+03 3.25377e-01
5.66500e+03 3.25369e-01
5.66600e+03 3.25361e-01
5.66700e+03 3.25353e-01
5.66800e+03 3.25344e-01
5.66900e+03 3.25336e-01
5.67000e+03 3.25328e-01
5.67100e+03 3.25246e-01
5.67200e+03 3.25165e-01
5.67300e+03 3.25085e-01
5.67400e+03 3.25004e-01
5.67500e+03 3.24922e-01
5.67600e+03 3.24841e-01
5.67700e+03 3.24761e-01
5.67800e+03 3.24679e-01
5.67900e+03 3.24599e-01
5.68000e+03 3.24517e-01
5.68100e+03 3.23837e-01
5.68200e+03 3.23157e-01
5.68300e+03 3.22477e-01
5.68400e+03 3.21797e-01
5.68500e+03 3.21116e-01
5.68600e+03 3.20434e-01
5.68700e+03 3.19754e-01
5.68800e+03 3.19072e-01
5.68900e+03 3.18390e-01
5.69000e+03 3.17709e-01
5.69100e+03 3.17479e-01
5.69200e+03 3.17250e-01
5.69300e+03 3.17021e-01
5.69400e+03 3.16791e-01
5.69500e+03 3.16563e-01
5.69600e+03 3.16333e-01
5.69700e+03 3.16104e-01
5.69800e+03 3.15875e-01
5.69900e+03 3.15645e-01
5.70000e+03 3.15416e-01
5.70100e+03 3.15299e-01
5.70200e+03 3.15183e-01
5.70300e+03 3.15068e-01
5.70400e+03 3.14951e-01
5.70500e+03 3.14835e-01
5.70600e+03 3.14718e-01
5.70700e+03 3.14603e-01
5.70800e+03 3.14486e-01
5.70900e+03 3.14370e-01
5.71000e+03 3.14254e-01
5.71100e+03 3.13942e-01
5.71200e+03 3.13630e-01
5.71300e+03 3.13319e-01
5.71400e+03 3.13007e-01
5.71500e+03 3.12695e-01
5.71600e+03 3.12384e-01
5.71700e+03 3.12072e-01
5.71800e+03 3.11761e-01
5.71900e+03 3.11449e-01
5.72000e+03 3.11138e-01
5.72100e+03 3.10253e-01
5.72200e+03 3.09370e-01
5.72300e+03 3.08486e-01
5.72400e+03 3.07603e-01
5.72500e+03 3.06719e-01
5.72600e+03 3.05836e-01
5.72700e+03 3.04953e-01
5.72800e+03 3.04071e-01
5.72900e+03 3.03188e-01
5.73000e+03 3.02305e-01
5.73100e+03 3.02447e-01
5.73200e+03 3.02587e-01
5.73300e+03 3.02729e-01
5.73400e+03 3.02871e-01
5.73500e+03 3.03012e-01
5.73600e+03 3.03154e-01
5.73700e+03 3.03296e-01
5.73800e+03 3.03438e-01
5.73900e+03 3.03581e-01
5.74000e+03 3.03723e-01
5.74100e+03 3.03108e-01
5.74200e+03 3.02496e-01
5.74300e+03 3.01882e-01
5.74400e+03 3.01268e-01
5.74500e+03 3.00655e-01
5.74600e+03 3.00041e-01
5.74700e+03 2.99428e-01
5.74800e+03 2.98815e-01
5.74900e+03 2.98202e-01
5.75000e+03 2.97589e-01
5.75100e+03 2.97315e-01
5.75200e+03 2.97040e-01
5.75300e+03 2.96765e-01
5.75400e+03 2.96489e-01
5.75500e+03 2.96215e-01
5.75600e+03 2.95939e-01
5.75700e+03 2.95665e-01
5.75800e+03 2.95389e-01
5.75900e+03 2.95113e-01
5.76000e+03 2.94839e-01
5.76100e+03 2.94361e-01
5.76200e+03 2.93885e-01
5.76300e+03 2.93409e-01
5.76400e+03 2.92932e-01
5.76500e+03 2.92456e-01
5.76600e+03 2.91980e-01
5.76700e+03 2.91504e-01
5.76800e+03 2.91028e-01
5.76900e+03 2.90552e-01
5.77000e+03 2.90075e-01
5.77100e+03 2.89831e-01
5.77200e+03 2.89586e-01
5.77300e+03 2.89341e-01
5.77400e+03 2.89097e-01
5.77500e+03 2.88851e-01
5.77600e+03 2.88606e-01
5.77700e+03 2.88361e-01
5.77800e+03 2.88116e-01
5.77900e+03 2.87871e-01
5.78000e+03 2.87626e-01
5.78100e+03 2.87257e-01
5.78200e+03 2.86886e-01
5.78300e+03 2.86517e-01
5.78400e+03 2.86146e-01
5.78500e+03 2.85777e-01
5.78600e+03 2.85407e-01
5.78700e+03 2.85037e-01
5.78800e+03 2.84667e-01
5.78900e+03 2.84297e-01
5.79000e+03 2.83927e-01
5.79100e+03 2.83798e-01
5.79200e+03 2.83668e-01
5.79300e+03 2.83538e-01
5.79400e+03 2.83409e-01
5.79500e+03 2.83279e-01
5.79600e+03 2.83150e-01
5.79700e+03 2.83021e-01
5.79800e+03 2.82891e-01
5.79900e+03 2.82762e-01
5.80000e+03 2.82632e-01
5.80100e+03 2.81933e-01
5.80200e+03 2.81233e-01
5.80300e+03 2.80533e-01
5.80400e+03 2.79833e-01
5.80500e+03 2.79133e-01
5.80600e+03 2.78433e-01
5.80700e+03 2.77734e-01
5.80800e+03 2.77034e-01
5.80900e+03 2.76335e-01
5.81000e+03 2.75635e-01
5.81100e+03 2.75427e-01
5.81200e+03 2.75218e-01
5.81300e+03 2.75010e-01
5.81400e+03 2.74801e-01
5.81500e+03 2.74592e-01
5.81600e+03 2.74384e-01
5.81700e+03 2.74175e-01
5.81800e+03 2.73966e-01
5.81900e+03 2.73757e-01
5.82000e+03 2.73549e-01
5.82100e+03 2.72845e-01
5.82200e+03 2.72141e-01
5.82300e+03 2.71437e-01
5.82400e+03 2.70733e-01
5.82500e+03 2.70028e-01
5.82600e+03 2.69323e-01
5.82700e+03 2.68619e-01
5.82800e+03 2.67913e-01
5.82900e+03 2.67209e-01
5.83000e+03 2.66503e-01
5.83100e+03 2.66168e-01
5.83200e+03 2.65834e-01
5.83300e+03 2.65499e-01
5.83400e+03 2.65164e-01
5.83500e+03 2.64830e-01
5.83600e+03 2.64495e-01
5.83700e+03 2.64160e-01
5.83800e+03 2.63826e-01
5.83900e+03 2.63491e-01
5.84000e+03 2.63157e-01
5.84100e+03 2.62570e-01
5.84200e+03 2.61983e-01
5.84300e+03 2.61396e-01
5.84400e+03 2.60810e-01
5.84500e+03 2.60223e-01
5.84600e+03 2.59636e-01
5.84700e+03 2.59049e-01
5.84800e+03 2.58462e-01
5.84900e+03 2.57875e-01
5.85000e+03 2.57288e-01
5.85100e+03 2.56949e-01
5.85200e+03 2.56610e-01
5.85300e+03 2.56271e-01
5.85400e+03 2.55933e-01
5.85500e+03 2.55593e-01
5.85600e+03 2.55254e-01
5.85700e+03 2.54916e-01
5.85800e+03 2.54577e-01
5.85900e+03 2.54239e-01
5.86000e+03 2.53900e-01
5.86100e+03 2.53243e-01
5.86200e+03 2.52586e-01
5.86300e+03 2.51929e-01
5.86400e+03 2.51271e-01
5.86500e+03 2.50613e-01
5.86600e+03 2.49955e-01
5.86700e+03 2.49297e-01
5.86800e+03 2.48638e-01
5.86900e+03 2.47979e-01
5.87000e+03 2.47321e-01
5.87100e+03 2.46935e-01
5.87200e+03 2.46549e-01
5.87300e+03 2.46164e-01
5.87400e+03 2.45778e-01
5.87500e+03 2.45392e-01
5.87600e+03 2.45007e-01
5.87700e+03 2.44621e-01
5.87800e+03 2.44235e-01
5.87900e+03 2.43850e-01
5.88000e+03 2.43464e-01
5.88100e+03 2.42662e-01
5.88200e+03 2.41860e-01
5.88300e+03 2.41057e-01
5.88400e+03 2.40254e-01
5.88500e+03 2.39451e-01
5.88600e+03 2.38648e-01
5.88700e+03 2.37844e-01
5.88800e+03 2.37041e-01
5.88900e+03 2.36237e-01
5.89000e+03 2.35433e-01
5.89100e+03 2.35038e-01
5.89200e+03 2.34644e-01
5.89300e+03 2.34250e-01
5.89400e+03 2.33855e-01
5.89500e+03 2.33461e-01
5.89600e+03 2.33066e-01
5.89700e+03 2.32671e-01
5.89800e+03 2.32276e-01
5.89900e+03 2.31881e-01
5.90000e+03 2.31486e-01
5.90100e+03 2.30709e-01
5.90200e+03 2.29930e-01
5.90300e+03 2.29153e-01
5.90400e+03 2.28375e-01
5.90500e+03 2.27597e-01
5.90600e+03 2.26818e-01
5.90700e+03 2.26040e-01
5.90800e+03 2.25262e-01
5.90900e+03 2.24484e-01
5.91000e+03 2.23705e-01
5.91100e+03 2.23230e-01
5.91200e+03 2.22755e-01
5.91300e+03 2.22279e-01
5.91400e+03 2.21804e-01
5.91500e+03 2.21329e-01
5.91600e+03 2.20853e-01
5.91700e+03 2.20378e-01
5.91800e+03 2.19903e-01
5.91900e+03 2.19428e-01
5.92000e+03 2.18953e-01
5.92100e+03 2.18332e-01
5.92200e+03 2.17711e-01
5.92300e+03 2.17090e-01
5.92400e+03 2.16468e-01
5.92500e+03 2.15847e-01
5.92600e+03 2.15224e-01
5.92700e+03 2.14602e-01
5.92800e+03 2.13980e-01
5.92900e+03 2.13357e-01
5.93000e+03 2.12735e-01
5.93100e+03 2.12501e-01
5.93200e+03 2.12267e-01
5.93300e+03 2.12034e-01
5.93400e+03 2.11800e-01
5.93500e+03 2.11566e-01
5.93600e+03 2.11332e-01
5.93700e+03 2.11099e-01
5.93800e+03 2.10865e-01
5.93900e+03 2.10631e-01
5.94000e+03 2.10397e-01
5.94100e+03 2.09978e-01
5.94200e+03 2.09559e-01
5.94300e+03 2.09140e-01
5.94400e+03 2.08721e-01
5.94500e+03 2.08302e-01
5.94600e+03 2.07882e-01
5.94700e+03 2.07463e-01
5.94800e+03 2.07043e-01
5.94900e+03 2.06624e-01
5.95000e+03 2.06204e-01
5.95100e+03 2.05614e-01
5.95200e+03 2.05022e-01
5.95300e+03 2.04431e-01
5.95400e+03 2.03840e-01
5.95500e+03 2.03249e-01
5.95600e+03 2.02657e-01
5.95700e+03 2.02065e-01
5.95800e+03 2.01473e-01
5.95900e+03 2.00881e-01
5.96000e+03 2.00289e-01
5.96100e+03 2.00024e-01
5.96200e+03 1.99760e-01
5.96300e+03 1.99495e-01
5.96400e+03 1.99230e-01
5.96500e+03 1.98965e-01
5.96600e+03 1.98700e-01
5.96700e+03 1.98435e-01
5.96800e+03 1.98170e-01
5.96900e+03 1.97905e-01
5.97000e+03 1.97640e-01
5.97100e+03 1.97535e-01
5.97200e+03 1.97431e-01
5.97300e+03 1.97326e-01
5.97400e+03 1.97222e-01
5.97500e+03 1.97117e-01
5.97600e+03 1.97012e-01
5.97700e+03 1.96908e-01
5.97800e+03 1.96803e-01
5.97900e+03 1.96699e-01
5.98000e+03 1.96594e-01
5.98100e+03 1.96390e-01
5.98200e+03 1.96187e-01
5.98300e+03 1.95983e-01
5.98400e+03 1.95779e-01
5.98500e+03 1.95575e-01
5.98600e+03 1.95371e-01
5.98700e+03 1.95167e-01
5.98800e+03 1.94963e-01
5.98900e+03 1.94758e-01
5.99000e+03 1.94554e-01
5.99100e+03 1.94451e-01
5.99200e+03 1.94348e-01
5.99300e+03 1.94245e-01
5.99400e+03 1.94142e-01
5.99500e+03 1.94039e-01
5.99600e+03 1.93935e-01
5.99700e+03 1.93832e-01
5.99800e+03 1.93729e-01
5.99900e+03 1.93625e-01
6.00000e+03 1.93522e-01
6.00100e+03 1.92873e-01
6.00200e+03 1.92223e-01
6.00300e+03 1.91573e-01
6.00400e+03 1.90923e-01
6.00500e+03 1.90273e-01
6.00600e+03 1.89622e-01
6.00700e+03 1.88972e-01
6.00800e+03 1.88321e-01
6.00900e+03 1.87669e-01
6.01000e+03 1.87018e-01
6.01100e+03 1.86445e-01
6.01200e+03 1.85872e-01
6.01300e+03 1.85299e-01
6.01400e+03 1.84725e-01
6.01500e+03 1.84152e-01
6.01600e+03 1.83579e-01
6.01700e+03 1.83005e-01
6.01800e+03 1.82431e-01
6.01900e+03 1.81857e-01
6.02000e+03 1.81283e-01
6.02100e+03 1.80000e-01
6.02200e+03 1.78716e-01
6.02300e+03 1.77431e-01
6.02400e+03 1.76146e-01
6.02500e+03 1.74860e-01
6.02600e+03 1.73575e-01
6.02700e+03 1.72288e-01
6.02800e+03 1.71001e-01
6.02900e+03 1.69714e-01
6.03000e+03 1.68426e-01
6.03100e+03 1.67148e-01
6.03200e+03 1.65870e-01
6.03300e+03 1.64591e-01
6.03400e+03 1.63311e-01
6.03500e+03 1.62030e-01
6.03600e+03 1.60749e-01
6.03700e+03 1.59467e-01
6.03800e+03 1.58185e-01
6.03900e+03 1.56902e-01
6.04000e+03 1.55618e-01
6.04100e+03 1.53761e-01
6.04200e+03 1.51905e-01
6.04300e+03 1.50047e-01
6.04400e+03 1.48189e-01
6.04500e+03 1.46331e-01
6.04600e+03 1.44473e-01
6.04700e+03 1.42614e-01
6.04800e+03 1.40755e-01
6.04900e+03 1.38895e-01
6.05000e+03 1.37035e-01
6.05100e+03 1.34817e-01
6.05200e+03 1.32598e-01
6.05300e+03 1.30379e-01
6.05400e+03 1.28158e-01
6.05500e+03 1.25937e-01
6.05600e+03 1.23716e-01
6.05700e+03 1.21493e-01
6.05800e+03 1.19270e-01
6.05900e+03 1.17047e-01
6.06000e+03 1.14822e-01
6.06100e+03 1.12554e-01
6.06200e+03 1.10285e-01
6.06300e+03 1.08015e-01
6.06400e+03 1.05744e-01
6.06500e+03 1.03473e-01
6.06600e+03 1.01201e-01
6.06700e+03 9.89277e-02
6.06800e+03 9.66542e-02
6.06900e+03 9.43796e-02
6.07000e+03 9.21043e-02
6.07100e+03 9.00980e-02
6.07200e+03 8.80912e-02
6.07300e+03 8.60841e-02
6.07400e+03 8.40762e-02
6.07500e+03 8.20684e-02
6.07600e+03 8.00598e-02
6.07700e+03 7.80507e-02
6.07800e+03 7.60413e-02
6.07900e+03 7.40315e-02
6.08000e+03 7.20211e-02
6.08100e+03 7.02451e-02
6.08200e+03 6.84683e-02
6.08300e+03 6.66909e-02
6.08400e+03 6.49128e-02
6.08500e+03 6.31342e-02
6.08600e+03 6.13548e-02
6.08700e+03 5.95746e-02
6.08800e+03 5.77941e-02
6.08900e+03 5.60127e-02
6.09000e+03 5.42306e-02
6.09100e+03 5.28868e-02
6.09200e+03 5.15427e-02
6.09300e+03 5.01981e-02
6.09400e+03 4.88533e-02
6.09500e+03 4.75079e-02
6.09600e+03 4.61623e-02
6.09700e+03 4.48163e-02
6.09800e+03 4.34698e-02
6.09900e+03 4.21230e-02
6.10000e+03 4.07758e-02
6.10100e+03 3.97221e-02
6.10200e+03 3.86684e-02
6.10300e+03 3.76142e-02
6.10400e+03 3.65599e-02
6.10500e+03 3.55052e-02
6.10600e+03 3.44502e-02
6.10700e+03 3.33951e-02
6.10800e+03 3.23396e-02
6.10900e+03 3.12839e-02
6.11000e+03 3.02279e-02
6.11100e+03 2.94788e-02
6.11200e+03 2.87293e-02
6.11300e+03 2.79795e-02
6.11400e+03 2.72294e-02
6.11500e+03 2.64789e-02
6.11600e+03 2.57281e-02
6.11700e+03 2.49769e-02
6.11800e+03 2.42254e-02
6.11900e+03 2.34736e-02
6.12000e+03 2.27214e-02
6.12100e+03 2.21475e-02
6.12200e+03 2.15734e-02
6.12300e+03 2.09991e-02
6.12400e+03 2.04247e-02
6.12500e+03 1.98501e-02
6.12600e+03 1.92753e-02
6.12700e+03 1.87003e-02
6.12800e+03 1.81252e-02
6.12900e+03 1.75498e-02
6.13000e+03 1.69743e-02
6.13100e+03 1.65516e-02
6.13200e+03 1.61287e-02
6.13300e+03 1.57056e-02
6.13400e+03 1.52825e-02
6.13500e+03 1.48591e-02
6.13600e+03 1.44356e-02
6.13700e+03 1.40120e-02
6.13800e+03 1.35883e-02
6.13900e+03 1.31644e-02
6.14000e+03 1.27404e-02
6.14100e+03 1.24183e-02
6.14200e+03 1.20961e-02
6.14300e+03 1.17738e-02
6.14400e+03 1.14514e-02
6.14500e+03 1.11288e-02
6.14600e+03 1.08062e-02
6.14700e+03 1.04834e-02
6.14800e+03 1.01605e-02
6.14900e+03 9.83749e-03
6.15000e+03 9.51436e-03
6.15100e+03 9.28794e-03
6.15200e+03 9.06146e-03
6.15300e+03 8.83493e-03
6.15400e+03 8.60836e-03
6.15500e+03 8.38173e-03
6.15600e+03 8.15505e-03
6.15700e+03 7.92833e-03
6.15800e+03 7.70156e-03
6.15900e+03 7.47475e-03
6.16000e+03 7.24789e-03
6.16100e+03 7.08204e-03
6.16200e+03 6.91615e-03
6.16300e+03 6.75019e-03
6.16400e+03 6.58416e-03
6.16500e+03 6.41806e-03
6.16600e+03 6.25190e-03
6.16700e+03 6.08565e-03
6.16800e+03 5.91935e-03
6.16900e+03 5.75298e-03
6.17000e+03 5.58655e-03
6.17100e+03 5.46278e-03
6.17200e+03 5.33897e-03
6.17300e+03 5.21512e-03
6.17400e+03 5.09121e-03
6.17500e+03 4.96727e-03
6.17600e+03 4.84327e-03
6.17700e+03 4.71923e-03
6.17800e+03 4.59515e-03
6.17900e+03 4.47101e-03
6.18000e+03 4.34684e-03
6.18100e+03 4.31629e-03
6.18200e+03 4.28575e-03
6.18300e+03 4.25519e-03
6.18400e+03 4.22462e-03
6.18500e+03 4.19404e-03
6.18600e+03 4.16346e-03
6.18700e+03 4.13285e-03
6.18800e+03 4.10224e-03
6.18900e+03 4.07162e-03
6.19000e+03 4.04099e-03
6.19100e+03 4.01045e-03
6.19200e+03 3.97990e-03
6.19300e+03 3.94935e-03
6.19400e+03 3.91877e-03
6.19500e+03 3.88819e-03
6.19600e+03 3.85759e-03
6.19700e+03 3.82699e-03
6.19800e+03 3.79637e-03
6.19900e+03 3.76574e-03
6.20000e+03 3.73509e-03
6.20100e+03 3.67813e-03
6.20200e+03 3.62115e-03
6.20300e+03 3.56417e-03
6.20400e+03 3.50718e-03
6.20500e+03 3.45018e-03
6.20600e+03 3.39317e-03
6.20700e+03 3.33615e-03
6.20800e+03 3.27913e-03
6.20900e+03 3.22209e-03
6.21000e+03 3.16505e-03
6.21100e+03 3.10803e-03
6.21200e+03 3.05098e-03
6.21300e+03 2.99394e-03
6.21400e+03 2.93687e-03
6.21500e+03 2.87981e-03
6.21600e+03 2.82273e-03
6.21700e+03 2.76564e-03
6.21800e+03 2.70855e-03
6.21900e+03 2.65145e-03
6.22000e+03 2.59434e-03
6.22100e+03 2.53748e-03
6.22200e+03 2.48060e-03
6.22300e+03 2.42371e-03
6.22400e+03 2.36678e-03
6.22500e+03 2.30984e-03
6.22600e+03 2.25289e-03
6.22700e+03 2.19591e-03
6.22800e+03 2.13891e-03
6.22900e+03 2.08188e-03
6.23000e+03 2.02484e-03
6.23100e+03 1.96759e-03
6.23200e+03 1.91032e-03
6.23300e+03 1.85305e-03
6.23400e+03 1.79576e-03
6.23500e+03 1.73847e-03
6.23600e+03 1.68117e-03
6.23700e+03 1.62387e-03
6.23800e+03 1.56655e-03
6.23900e+03 1.50923e-03
6.24000e+03 1.45189e-03
6.24100e+03 1.43128e-03
6.24200e+03 1.41066e-03
6.24300e+03 1.39003e-03
6.24400e+03 1.36940e-03
6.24500e+03 1.34876e-03
6.24600e+03 1.32812e-03
6.24700e+03 1.30747e-03
6.24800e+03 1.28682e-03
6.24900e+03 1.26616e-03
6.25000e+03 1.24550e-03
6.25100e+03 1.22480e-03
6.25200e+03 1.20410e-03
6.25300e+03 1.18340e-03
6.25400e+03 1.16268e-03
6.25500e+03 1.14197e-03
6.25600e+03 1.12125e-03
6.25700e+03 1.10053e-03
6.25800e+03 1.07980e-03
6.25900e+03 1.05907e-03
6.26000e+03 1.03833e-03
6.26100e+03 1.01763e-03
6.26200e+03 9.96910e-04
6.26300e+03 9.76188e-04
6.26400e+03 9.55463e-04
6.26500e+03 9.34729e-04
6.26600e+03 9.13994e-04
6.26700e+03 8.93253e-04
6.26800e+03 8.72505e-04
6.26900e+03 8.51755e-04
6.27000e+03 8.30997e-04
6.27100e+03 8.10293e-04
6.27200e+03 7.89581e-04
6.27300e+03 7.68862e-04
6.27400e+03 7.48134e-04
6.27500e+03 7.27397e-04
6.27600e+03 7.06652e-04
6.27700e+03 6.85900e-04
6.27800e+03 6.65139e-04
6.27900e+03 6.44369e-04
6.28000e+03 6.23592e-04
6.28100e+03 6.14962e-04
6.28200e+03 6.06331e-04
6.28300e+03 5.97699e-04
6.28400e+03 5.89066e-04
6.28500e+03 5.80431e-04
6.28600e+03 5.71795e-04
6.28700e+03 5.63160e-04
6.28800e+03 5.54521e-04
6.28900e+03 5.45883e-04
6.29000e+03 5.37243e-04
6.29100e+03 5.28617e-04
6.29200e+03 5.19991e-04
6.29300e+03 5.11362e-04
6.29400e+03 5.02732e-04
6.29500e+03 4.94101e-04
6.29600e+03 4.85467e-04
6.29700e+03 4.76831e-04
6.29800e+03 4.68195e-04
6.29900e+03 4.59557e-04
6.30000e+03 4.50918e-04
6.30100e+03 4.42270e-04
6.30200e+03 4.33623e-04
6.30300e+03 4.24974e-04
6.30400e+03 4.16323e-04
6.30500e+03 4.07672e-04
6.30600e+03 3.99018e-04
6.30700e+03 3.90363e-04
6.30800e+03 3.81707e-04
6.30900e+03 3.73049e-04
6.31000e+03 3.64391e-04
6.31100e+03 3.55755e-04
6.31200e+03 3.47116e-04
6.31300e+03 3.38475e-04
6.31400e+03 3.29831e-04
6.31500e+03 3.21185e-04
6.31600e+03 3.12537e-04
6.31700e+03 3.03885e-04
6.31800e+03 2.95231e-04
6.31900e+03 2.86574e-04
6.32000e+03 2.77915e-04
6.32100e+03 2.74434e-04
6.32200e+03 2.70952e-04
6.32300e+03 2.67470e-04
6.32400e+03 2.63986e-04
6.32500e+03 2.60502e-04
6.32600e+03 2.57016e-04
6.32700e+03 2.53529e-04
6.32800e+03 2.50041e-04
6.32900e+03 2.46553e-04
6.33000e+03 2.43062e-04
6.33100e+03 2.39576e-04
6.33200e+03 2.36088e-04
6.33300e+03 2.32599e-04
6.33400e+03 2.29109e-04
6.33500e+03 2.25617e-04
6.33600e+03 2.22125e-04
6.33700e+03 2.18631e-04
6.33800e+03 2.15136e-04
6.33900e+03 2.11640e-04
6.34000e+03 2.08142e-04
6.34100e+03 2.04614e-04
6.34200e+03 2.01086e-04
6.34300e+03 1.97557e-04
6.34400e+03 1.94029e-04
6.34500e+03 1.90500e-04
6.34600e+03 1.86971e-04
6.34700e+03 1.83442e-04
6.34800e+03 1.79913e-04
6.34900e+03 1.76384e-04
6.35000e+03 1.72854e-04
6.35100e+03 1.69344e-04
6.35200e+03 1.65833e-04
6.35300e+03 1.62321e-04
6.35400e+03 1.58808e-04
6.35500e+03 1.55294e-04
6.35600e+03 1.51779e-04
6.35700e+03 1.48264e-04
6.35800e+03 1.44746e-04
6.35900e+03 1.41229e-04
6.36000e+03 1.37710e-04
6.36100e+03 1.36101e-04
6.36200e+03 1.34491e-04
6.36300e+03 1.32881e-04
6.36400e+03 1.31271e-04
6.36500e+03 1.29660e-04
6.36600e+03 1.28050e-04
6.36700e+03 1.26439e-04
6.36800e+03 1.24828e-04
6.36900e+03 1.23216e-04
6.37000e+03 1.21604e-04
6.37100e+03 1.20007e-04
6.37200e+03 1.18410e-04
6.37300e+03 1.16811e-04
6.37400e+03 1.15212e-04
6.37500e+03 1.13613e-04
6.37600e+03 1.12012e-04
6.37700e+03 1.10411e-04
6.37800e+03 1.08810e-04
6.37900e+03 1.07207e-04
6.38000e+03 1.05604e-04
6.38100e+03 1.03995e-04
6.38200e+03 1.02384e-04
6.38300e+03 1.00774e-04
6.38400e+03 9.91627e-05
6.38500e+03 9.75510e-05
6.38600e+03 9.59388e-05
6.38700e+03 9.43264e-05
6.38800e+03 9.27134e-05
6.38900e+03 9.11000e-05
6.39000e+03 8.94858e-05
6.39100e+03 8.78655e-05
6.39200e+03 8.62447e-05
6.39300e+03 8.46240e-05
6.39400e+03 8.30026e-05
6.39500e+03 8.13811e-05
6.39600e+03 7.97594e-05
6.39700e+03 7.81375e-05
6.39800e+03 7.65154e-05
6.39900e+03 7.48928e-05
6.40000e+03 7.32704e-05
