# Filter name : HST/ACS_WFC.F660N
# Description : F660N filter for HST ACS_WFC
# Photometric system : ACS-WFC
# FilterType : photon
# Band name : ------
# Observatory : HST
# Instrument : ACS
# Comments : Response calculated using the stsynphot python package by STScI. In particular, function stsynphot.band("acs,wfc1,f660n"). Please, take a look to stsynphot documentation and HST instrument documentation
# 
6.51100e+03 7.24549e-05
6.51200e+03 7.78213e-05
6.51300e+03 8.31880e-05
6.51400e+03 8.85549e-05
6.51500e+03 9.39222e-05
6.51600e+03 9.92895e-05
6.51700e+03 1.04658e-04
6.51800e+03 1.10025e-04
6.51900e+03 1.15394e-04
6.52000e+03 1.20762e-04
6.52100e+03 1.26123e-04
6.52200e+03 1.31483e-04
6.52300e+03 1.36843e-04
6.52400e+03 1.42202e-04
6.52500e+03 1.47560e-04
6.52600e+03 1.52918e-04
6.52700e+03 1.58276e-04
6.52800e+03 1.63634e-04
6.52900e+03 1.68990e-04
6.53000e+03 1.74347e-04
6.53100e+03 1.79712e-04
6.53200e+03 1.85077e-04
6.53300e+03 1.90443e-04
6.53400e+03 1.95808e-04
6.53500e+03 2.01174e-04
6.53600e+03 2.06539e-04
6.53700e+03 2.11905e-04
6.53800e+03 2.17271e-04
6.53900e+03 2.22637e-04
6.54000e+03 2.28003e-04
6.54100e+03 3.52527e-04
6.54200e+03 4.77095e-04
6.54300e+03 6.01708e-04
6.54400e+03 7.26365e-04
6.54500e+03 8.51069e-04
6.54600e+03 9.75815e-04
6.54700e+03 1.10061e-03
6.54800e+03 1.22545e-03
6.54900e+03 1.35033e-03
6.55000e+03 1.47525e-03
6.55100e+03 1.59991e-03
6.55200e+03 1.72455e-03
6.55300e+03 1.84919e-03
6.55400e+03 1.97382e-03
6.55500e+03 2.09845e-03
6.55600e+03 2.15501e-03
6.55700e+03 2.21158e-03
6.55800e+03 2.26813e-03
6.55900e+03 2.32469e-03
6.56000e+03 2.38125e-03
6.56100e+03 2.97784e-03
6.56200e+03 3.57455e-03
6.56300e+03 4.17139e-03
6.56400e+03 4.76834e-03
6.56500e+03 5.36542e-03
6.56600e+03 7.42056e-03
6.56700e+03 9.47611e-03
6.56800e+03 1.15321e-02
6.56900e+03 1.35885e-02
6.57000e+03 1.56453e-02
6.57100e+03 2.29474e-02
6.57200e+03 3.02491e-02
6.57300e+03 3.75508e-02
6.57400e+03 4.48521e-02
6.57500e+03 5.21533e-02
6.57600e+03 6.92858e-02
6.57700e+03 8.64179e-02
6.57800e+03 1.03549e-01
6.57900e+03 1.20680e-01
6.58000e+03 1.37810e-01
6.58100e+03 1.60847e-01
6.58200e+03 1.83885e-01
6.58300e+03 2.06925e-01
6.58400e+03 2.29968e-01
6.58500e+03 2.53014e-01
6.58600e+03 2.67011e-01
6.58700e+03 2.81009e-01
6.58800e+03 2.95009e-01
6.58900e+03 3.09010e-01
6.59000e+03 3.23012e-01
6.59100e+03 3.29528e-01
6.59200e+03 3.36043e-01
6.59300e+03 3.42560e-01
6.59400e+03 3.49076e-01
6.59500e+03 3.55594e-01
6.59600e+03 3.53988e-01
6.59700e+03 3.52381e-01
6.59800e+03 3.50776e-01
6.59900e+03 3.49169e-01
6.60000e+03 3.47563e-01
6.60100e+03 3.46775e-01
6.60200e+03 3.45987e-01
6.60300e+03 3.45199e-01
6.60400e+03 3.44411e-01
6.60500e+03 3.43622e-01
6.60600e+03 3.34016e-01
6.60700e+03 3.24408e-01
6.60800e+03 3.14798e-01
6.60900e+03 3.05187e-01
6.61000e+03 2.95574e-01
6.61100e+03 2.78306e-01
6.61200e+03 2.61039e-01
6.61300e+03 2.43772e-01
6.61400e+03 2.26505e-01
6.61500e+03 2.09238e-01
6.61600e+03 1.88691e-01
6.61700e+03 1.68143e-01
6.61800e+03 1.47596e-01
6.61900e+03 1.27049e-01
6.62000e+03 1.06502e-01
6.62100e+03 9.40371e-02
6.62200e+03 8.15718e-02
6.62300e+03 6.91062e-02
6.62400e+03 5.66403e-02
6.62500e+03 4.41740e-02
6.62600e+03 3.88840e-02
6.62700e+03 3.35939e-02
6.62800e+03 2.83036e-02
6.62900e+03 2.30133e-02
6.63000e+03 1.77227e-02
6.63100e+03 1.58214e-02
6.63200e+03 1.39200e-02
6.63300e+03 1.20184e-02
6.63400e+03 1.01167e-02
6.63500e+03 8.21478e-03
6.63600e+03 7.40876e-03
6.63700e+03 6.60267e-03
6.63800e+03 5.79652e-03
6.63900e+03 4.99031e-03
6.64000e+03 4.18404e-03
6.64100e+03 3.95903e-03
6.64200e+03 3.73400e-03
6.64300e+03 3.50896e-03
6.64400e+03 3.28392e-03
6.64500e+03 3.05887e-03
6.64600e+03 2.94343e-03
6.64700e+03 2.82799e-03
6.64800e+03 2.71255e-03
6.64900e+03 2.59710e-03
6.65000e+03 2.48165e-03
6.65100e+03 2.35138e-03
6.65200e+03 2.22112e-03
6.65300e+03 2.09087e-03
6.65400e+03 1.96063e-03
6.65500e+03 1.83039e-03
6.65600e+03 1.71768e-03
6.65700e+03 1.60498e-03
6.65800e+03 1.49228e-03
6.65900e+03 1.37959e-03
6.66000e+03 1.26691e-03
6.66100e+03 1.15438e-03
6.66200e+03 1.04183e-03
6.66300e+03 9.29262e-04
6.66400e+03 8.16666e-04
6.66500e+03 7.04046e-04
6.66600e+03 5.91402e-04
6.66700e+03 4.78735e-04
6.66800e+03 3.66043e-04
6.66900e+03 2.53328e-04
6.67000e+03 1.40589e-04
6.67100e+03 1.37618e-04
6.67200e+03 1.34647e-04
6.67300e+03 1.31676e-04
6.67400e+03 1.28705e-04
6.67500e+03 1.25735e-04
6.67600e+03 1.22766e-04
6.67700e+03 1.19796e-04
6.67800e+03 1.16827e-04
6.67900e+03 1.13858e-04
6.68000e+03 1.10890e-04
6.68100e+03 1.07938e-04
6.68200e+03 1.04985e-04
6.68300e+03 1.02031e-04
6.68400e+03 9.90777e-05
6.68500e+03 9.61233e-05
6.68600e+03 9.31684e-05
6.68700e+03 9.02129e-05
6.68800e+03 8.72569e-05
6.68900e+03 8.43004e-05
6.69000e+03 8.13434e-05
6.69100e+03 7.83807e-05
6.69200e+03 7.54179e-05
6.69300e+03 7.24549e-05
