# Filter name : HST/ACS_WFC.F850LP
# Description : F850LP filter for HST ACS_WFC
# Photometric system : ACS-WFC
# FilterType : photon
# Band name : ------
# Observatory : HST
# Instrument : ACS
# Comments : Response calculated using the stsynphot python package by STScI. In particular, function stsynphot.band("acs,wfc1,f850lp"). Please, take a look to stsynphot documentation and HST instrument documentation
# 
7.77600e+03 5.02672e-05
7.77700e+03 5.10393e-05
7.77800e+03 5.18111e-05
7.77900e+03 5.25826e-05
7.78000e+03 5.33538e-05
7.78100e+03 5.41233e-05
7.78200e+03 5.48925e-05
7.78300e+03 5.56613e-05
7.78400e+03 5.64297e-05
7.78500e+03 5.71979e-05
7.78600e+03 5.79656e-05
7.78700e+03 5.87332e-05
7.78800e+03 5.95003e-05
7.78900e+03 6.02673e-05
7.79000e+03 6.10337e-05
7.79100e+03 6.17957e-05
7.79200e+03 6.25572e-05
7.79300e+03 6.33183e-05
7.79400e+03 6.40789e-05
7.79500e+03 6.48391e-05
7.79600e+03 6.55989e-05
7.79700e+03 6.63583e-05
7.79800e+03 6.71172e-05
7.79900e+03 6.78758e-05
7.80000e+03 6.86338e-05
7.80100e+03 7.01743e-05
7.80200e+03 7.17139e-05
7.80300e+03 7.32527e-05
7.80400e+03 7.47906e-05
7.80500e+03 7.63279e-05
7.80600e+03 7.78639e-05
7.80700e+03 7.93993e-05
7.80800e+03 8.09338e-05
7.80900e+03 8.24675e-05
7.81000e+03 8.40001e-05
7.81100e+03 8.55166e-05
7.81200e+03 8.70316e-05
7.81300e+03 8.85453e-05
7.81400e+03 9.00575e-05
7.81500e+03 9.15685e-05
7.81600e+03 9.30780e-05
7.81700e+03 9.45857e-05
7.81800e+03 9.60926e-05
7.81900e+03 9.75978e-05
7.82000e+03 9.91014e-05
7.82100e+03 1.00613e-04
7.82200e+03 1.02123e-04
7.82300e+03 1.03632e-04
7.82400e+03 1.05140e-04
7.82500e+03 1.06647e-04
7.82600e+03 1.08153e-04
7.82700e+03 1.09658e-04
7.82800e+03 1.11161e-04
7.82900e+03 1.12663e-04
7.83000e+03 1.14164e-04
7.83100e+03 1.15653e-04
7.83200e+03 1.17139e-04
7.83300e+03 1.18624e-04
7.83400e+03 1.20108e-04
7.83500e+03 1.21590e-04
7.83600e+03 1.23071e-04
7.83700e+03 1.24550e-04
7.83800e+03 1.26028e-04
7.83900e+03 1.27505e-04
7.84000e+03 1.28980e-04
7.84100e+03 1.32033e-04
7.84200e+03 1.35085e-04
7.84300e+03 1.38135e-04
7.84400e+03 1.41184e-04
7.84500e+03 1.44232e-04
7.84600e+03 1.47279e-04
7.84700e+03 1.50324e-04
7.84800e+03 1.53368e-04
7.84900e+03 1.56410e-04
7.85000e+03 1.59451e-04
7.85100e+03 1.62438e-04
7.85200e+03 1.65421e-04
7.85300e+03 1.68401e-04
7.85400e+03 1.71378e-04
7.85500e+03 1.74351e-04
7.85600e+03 1.77322e-04
7.85700e+03 1.80288e-04
7.85800e+03 1.83252e-04
7.85900e+03 1.86212e-04
7.86000e+03 1.89169e-04
7.86100e+03 1.92172e-04
7.86200e+03 1.95172e-04
7.86300e+03 1.98172e-04
7.86400e+03 2.01169e-04
7.86500e+03 2.04165e-04
7.86600e+03 2.07158e-04
7.86700e+03 2.10150e-04
7.86800e+03 2.13141e-04
7.86900e+03 2.16129e-04
7.87000e+03 2.19115e-04
7.87100e+03 2.22076e-04
7.87200e+03 2.25034e-04
7.87300e+03 2.27990e-04
7.87400e+03 2.30944e-04
7.87500e+03 2.33894e-04
7.87600e+03 2.36843e-04
7.87700e+03 2.39789e-04
7.87800e+03 2.42733e-04
7.87900e+03 2.45674e-04
7.88000e+03 2.48613e-04
7.88100e+03 2.54616e-04
7.88200e+03 2.60616e-04
7.88300e+03 2.66610e-04
7.88400e+03 2.72600e-04
7.88500e+03 2.78586e-04
7.88600e+03 2.84568e-04
7.88700e+03 2.90545e-04
7.88800e+03 2.96518e-04
7.88900e+03 3.02487e-04
7.89000e+03 3.08451e-04
7.89100e+03 3.14403e-04
7.89200e+03 3.20349e-04
7.89300e+03 3.26292e-04
7.89400e+03 3.32229e-04
7.89500e+03 3.38163e-04
7.89600e+03 3.44090e-04
7.89700e+03 3.50014e-04
7.89800e+03 3.55934e-04
7.89900e+03 3.61848e-04
7.90000e+03 3.67757e-04
7.90100e+03 3.73652e-04
7.90200e+03 3.79542e-04
7.90300e+03 3.85427e-04
7.90400e+03 3.91307e-04
7.90500e+03 3.97183e-04
7.90600e+03 4.03054e-04
7.90700e+03 4.08919e-04
7.90800e+03 4.14779e-04
7.90900e+03 4.20635e-04
7.91000e+03 4.26485e-04
7.91100e+03 4.32312e-04
7.91200e+03 4.38134e-04
7.91300e+03 4.43950e-04
7.91400e+03 4.49762e-04
7.91500e+03 4.55569e-04
7.91600e+03 4.61368e-04
7.91700e+03 4.67164e-04
7.91800e+03 4.72954e-04
7.91900e+03 4.78736e-04
7.92000e+03 4.84515e-04
7.92100e+03 4.96545e-04
7.92200e+03 5.08565e-04
7.92300e+03 5.20575e-04
7.92400e+03 5.32578e-04
7.92500e+03 5.44570e-04
7.92600e+03 5.56553e-04
7.92700e+03 5.68528e-04
7.92800e+03 5.80494e-04
7.92900e+03 5.92449e-04
7.93000e+03 6.04398e-04
7.93100e+03 6.16366e-04
7.93200e+03 6.28326e-04
7.93300e+03 6.40278e-04
7.93400e+03 6.52222e-04
7.93500e+03 6.64158e-04
7.93600e+03 6.76087e-04
7.93700e+03 6.88006e-04
7.93800e+03 6.99921e-04
7.93900e+03 7.11826e-04
7.94000e+03 7.23721e-04
7.94100e+03 7.35476e-04
7.94200e+03 7.47217e-04
7.94300e+03 7.58942e-04
7.94400e+03 7.70661e-04
7.94500e+03 7.82364e-04
7.94600e+03 7.94055e-04
7.94700e+03 8.05736e-04
7.94800e+03 8.17402e-04
7.94900e+03 8.29055e-04
7.95000e+03 8.40698e-04
7.95100e+03 8.52342e-04
7.95200e+03 8.63970e-04
7.95300e+03 8.75589e-04
7.95400e+03 8.87195e-04
7.95500e+03 8.98787e-04
7.95600e+03 9.10372e-04
7.95700e+03 9.21942e-04
7.95800e+03 9.33500e-04
7.95900e+03 9.45045e-04
7.96000e+03 9.56582e-04
7.96100e+03 9.81626e-04
7.96200e+03 1.00665e-03
7.96300e+03 1.03165e-03
7.96400e+03 1.05663e-03
7.96500e+03 1.08158e-03
7.96600e+03 1.10652e-03
7.96700e+03 1.13143e-03
7.96800e+03 1.15632e-03
7.96900e+03 1.18118e-03
7.97000e+03 1.20603e-03
7.97100e+03 1.23089e-03
7.97200e+03 1.25572e-03
7.97300e+03 1.28053e-03
7.97400e+03 1.30533e-03
7.97500e+03 1.33010e-03
7.97600e+03 1.35485e-03
7.97700e+03 1.37958e-03
7.97800e+03 1.40429e-03
7.97900e+03 1.42898e-03
7.98000e+03 1.45365e-03
7.98100e+03 1.47896e-03
7.98200e+03 1.50428e-03
7.98300e+03 1.52961e-03
7.98400e+03 1.55493e-03
7.98500e+03 1.58026e-03
7.98600e+03 1.60558e-03
7.98700e+03 1.63091e-03
7.98800e+03 1.65624e-03
7.98900e+03 1.68157e-03
7.99000e+03 1.70690e-03
7.99100e+03 1.73181e-03
7.99200e+03 1.75671e-03
7.99300e+03 1.78160e-03
7.99400e+03 1.80647e-03
7.99500e+03 1.83134e-03
7.99600e+03 1.85620e-03
7.99700e+03 1.88104e-03
7.99800e+03 1.90588e-03
7.99900e+03 1.93070e-03
8.00000e+03 1.95551e-03
8.00100e+03 2.06182e-03
8.00200e+03 2.16800e-03
8.00300e+03 2.27407e-03
8.00400e+03 2.38002e-03
8.00500e+03 2.48585e-03
8.00600e+03 2.59157e-03
8.00700e+03 2.69717e-03
8.00800e+03 2.80264e-03
8.00900e+03 2.90800e-03
8.01000e+03 3.01325e-03
8.01100e+03 3.07086e-03
8.01200e+03 3.12843e-03
8.01300e+03 3.18595e-03
8.01400e+03 3.24343e-03
8.01500e+03 3.30086e-03
8.01600e+03 3.35825e-03
8.01700e+03 3.41560e-03
8.01800e+03 3.47289e-03
8.01900e+03 3.53014e-03
8.02000e+03 3.58734e-03
8.02100e+03 3.65259e-03
8.02200e+03 3.71780e-03
8.02300e+03 3.78296e-03
8.02400e+03 3.84810e-03
8.02500e+03 3.91319e-03
8.02600e+03 3.97826e-03
8.02700e+03 4.04328e-03
8.02800e+03 4.10828e-03
8.02900e+03 4.17322e-03
8.03000e+03 4.23815e-03
8.03100e+03 4.32044e-03
8.03200e+03 4.40266e-03
8.03300e+03 4.48484e-03
8.03400e+03 4.56694e-03
8.03500e+03 4.64897e-03
8.03600e+03 4.73093e-03
8.03700e+03 4.81284e-03
8.03800e+03 4.89467e-03
8.03900e+03 4.97644e-03
8.04000e+03 5.05814e-03
8.04100e+03 5.15494e-03
8.04200e+03 5.25169e-03
8.04300e+03 5.34835e-03
8.04400e+03 5.44492e-03
8.04500e+03 5.54142e-03
8.04600e+03 5.63785e-03
8.04700e+03 5.73418e-03
8.04800e+03 5.83044e-03
8.04900e+03 5.92661e-03
8.05000e+03 6.02272e-03
8.05100e+03 6.12421e-03
8.05200e+03 6.22565e-03
8.05300e+03 6.32708e-03
8.05400e+03 6.42847e-03
8.05500e+03 6.52985e-03
8.05600e+03 6.63119e-03
8.05700e+03 6.73249e-03
8.05800e+03 6.83378e-03
8.05900e+03 6.93505e-03
8.06000e+03 7.03627e-03
8.06100e+03 7.16015e-03
8.06200e+03 7.28386e-03
8.06300e+03 7.40740e-03
8.06400e+03 7.53079e-03
8.06500e+03 7.65398e-03
8.06600e+03 7.77702e-03
8.06700e+03 7.89990e-03
8.06800e+03 8.02259e-03
8.06900e+03 8.14514e-03
8.07000e+03 8.26752e-03
8.07100e+03 8.40540e-03
8.07200e+03 8.54329e-03
8.07300e+03 8.68111e-03
8.07400e+03 8.81893e-03
8.07500e+03 8.95668e-03
8.07600e+03 9.09438e-03
8.07700e+03 9.23206e-03
8.07800e+03 9.36968e-03
8.07900e+03 9.50731e-03
8.08000e+03 9.64485e-03
8.08100e+03 9.85571e-03
8.08200e+03 1.00664e-02
8.08300e+03 1.02770e-02
8.08400e+03 1.04875e-02
8.08500e+03 1.06978e-02
8.08600e+03 1.09080e-02
8.08700e+03 1.11180e-02
8.08800e+03 1.13279e-02
8.08900e+03 1.15378e-02
8.09000e+03 1.17474e-02
8.09100e+03 1.19388e-02
8.09200e+03 1.21300e-02
8.09300e+03 1.23209e-02
8.09400e+03 1.25117e-02
8.09500e+03 1.27022e-02
8.09600e+03 1.28924e-02
8.09700e+03 1.30825e-02
8.09800e+03 1.32723e-02
8.09900e+03 1.34619e-02
8.10000e+03 1.36513e-02
8.10100e+03 1.39173e-02
8.10200e+03 1.41831e-02
8.10300e+03 1.44489e-02
8.10400e+03 1.47146e-02
8.10500e+03 1.49803e-02
8.10600e+03 1.52459e-02
8.10700e+03 1.55114e-02
8.10800e+03 1.57768e-02
8.10900e+03 1.60422e-02
8.11000e+03 1.63074e-02
8.11100e+03 1.65319e-02
8.11200e+03 1.67562e-02
8.11300e+03 1.69803e-02
8.11400e+03 1.72043e-02
8.11500e+03 1.74281e-02
8.11600e+03 1.76518e-02
8.11700e+03 1.78752e-02
8.11800e+03 1.80985e-02
8.11900e+03 1.83217e-02
8.12000e+03 1.85447e-02
8.12100e+03 1.88695e-02
8.12200e+03 1.91941e-02
8.12300e+03 1.95183e-02
8.12400e+03 1.98423e-02
8.12500e+03 2.01659e-02
8.12600e+03 2.04893e-02
8.12700e+03 2.08124e-02
8.12800e+03 2.11352e-02
8.12900e+03 2.14577e-02
8.13000e+03 2.17799e-02
8.13100e+03 2.20621e-02
8.13200e+03 2.23442e-02
8.13300e+03 2.26259e-02
8.13400e+03 2.29074e-02
8.13500e+03 2.31887e-02
8.13600e+03 2.34697e-02
8.13700e+03 2.37506e-02
8.13800e+03 2.40311e-02
8.13900e+03 2.43115e-02
8.14000e+03 2.45916e-02
8.14100e+03 2.49801e-02
8.14200e+03 2.53682e-02
8.14300e+03 2.57558e-02
8.14400e+03 2.61432e-02
8.14500e+03 2.65301e-02
8.14600e+03 2.69168e-02
8.14700e+03 2.73030e-02
8.14800e+03 2.76889e-02
8.14900e+03 2.80744e-02
8.15000e+03 2.84594e-02
8.15100e+03 2.88728e-02
8.15200e+03 2.92858e-02
8.15300e+03 2.96988e-02
8.15400e+03 3.01114e-02
8.15500e+03 3.05239e-02
8.15600e+03 3.09362e-02
8.15700e+03 3.13482e-02
8.15800e+03 3.17601e-02
8.15900e+03 3.21718e-02
8.16000e+03 3.25833e-02
8.16100e+03 3.30174e-02
8.16200e+03 3.34508e-02
8.16300e+03 3.38835e-02
8.16400e+03 3.43156e-02
8.16500e+03 3.47470e-02
8.16600e+03 3.51777e-02
8.16700e+03 3.56077e-02
8.16800e+03 3.60370e-02
8.16900e+03 3.64657e-02
8.17000e+03 3.68935e-02
8.17100e+03 3.73571e-02
8.17200e+03 3.78204e-02
8.17300e+03 3.82837e-02
8.17400e+03 3.87467e-02
8.17500e+03 3.92094e-02
8.17600e+03 3.96721e-02
8.17700e+03 4.01345e-02
8.17800e+03 4.05969e-02
8.17900e+03 4.10589e-02
8.18000e+03 4.15209e-02
8.18100e+03 4.20542e-02
8.18200e+03 4.25871e-02
8.18300e+03 4.31200e-02
8.18400e+03 4.36525e-02
8.18500e+03 4.41849e-02
8.18600e+03 4.47169e-02
8.18700e+03 4.52488e-02
8.18800e+03 4.57805e-02
8.18900e+03 4.63119e-02
8.19000e+03 4.68431e-02
8.19100e+03 4.73942e-02
8.19200e+03 4.79447e-02
8.19300e+03 4.84946e-02
8.19400e+03 4.90439e-02
8.19500e+03 4.95924e-02
8.19600e+03 5.01405e-02
8.19700e+03 5.06879e-02
8.19800e+03 5.12348e-02
8.19900e+03 5.17809e-02
8.20000e+03 5.23266e-02
8.20100e+03 5.29509e-02
8.20200e+03 5.35749e-02
8.20300e+03 5.41983e-02
8.20400e+03 5.48211e-02
8.20500e+03 5.54436e-02
8.20600e+03 5.60654e-02
8.20700e+03 5.66869e-02
8.20800e+03 5.73078e-02
8.20900e+03 5.79283e-02
8.21000e+03 5.85480e-02
8.21100e+03 5.90697e-02
8.21200e+03 5.95909e-02
8.21300e+03 6.01117e-02
8.21400e+03 6.06326e-02
8.21500e+03 6.11530e-02
8.21600e+03 6.16732e-02
8.21700e+03 6.21932e-02
8.21800e+03 6.27129e-02
8.21900e+03 6.32323e-02
8.22000e+03 6.37515e-02
8.22100e+03 6.44813e-02
8.22200e+03 6.52100e-02
8.22300e+03 6.59373e-02
8.22400e+03 6.66632e-02
8.22500e+03 6.73882e-02
8.22600e+03 6.81116e-02
8.22700e+03 6.88339e-02
8.22800e+03 6.95550e-02
8.22900e+03 7.02744e-02
8.23000e+03 7.09930e-02
8.23100e+03 7.15362e-02
8.23200e+03 7.20794e-02
8.23300e+03 7.26222e-02
8.23400e+03 7.31644e-02
8.23500e+03 7.37065e-02
8.23600e+03 7.42483e-02
8.23700e+03 7.47894e-02
8.23800e+03 7.53305e-02
8.23900e+03 7.58711e-02
8.24000e+03 7.64114e-02
8.24100e+03 7.70435e-02
8.24200e+03 7.76748e-02
8.24300e+03 7.83056e-02
8.24400e+03 7.89357e-02
8.24500e+03 7.95650e-02
8.24600e+03 8.01939e-02
8.24700e+03 8.08219e-02
8.24800e+03 8.14495e-02
8.24900e+03 8.20764e-02
8.25000e+03 8.27028e-02
8.25100e+03 8.35146e-02
8.25200e+03 8.43257e-02
8.25300e+03 8.51367e-02
8.25400e+03 8.59467e-02
8.25500e+03 8.67563e-02
8.25600e+03 8.75651e-02
8.25700e+03 8.83736e-02
8.25800e+03 8.91813e-02
8.25900e+03 8.99882e-02
8.26000e+03 9.07946e-02
8.26100e+03 9.16605e-02
8.26200e+03 9.25251e-02
8.26300e+03 9.33892e-02
8.26400e+03 9.42524e-02
8.26500e+03 9.51147e-02
8.26600e+03 9.59761e-02
8.26700e+03 9.68368e-02
8.26800e+03 9.76964e-02
8.26900e+03 9.85556e-02
8.27000e+03 9.94137e-02
8.27100e+03 1.00140e-01
8.27200e+03 1.00866e-01
8.27300e+03 1.01592e-01
8.27400e+03 1.02317e-01
8.27500e+03 1.03041e-01
8.27600e+03 1.03765e-01
8.27700e+03 1.04488e-01
8.27800e+03 1.05211e-01
8.27900e+03 1.05932e-01
8.28000e+03 1.06654e-01
8.28100e+03 1.07442e-01
8.28200e+03 1.08230e-01
8.28300e+03 1.09017e-01
8.28400e+03 1.09803e-01
8.28500e+03 1.10588e-01
8.28600e+03 1.11373e-01
8.28700e+03 1.12158e-01
8.28800e+03 1.12941e-01
8.28900e+03 1.13724e-01
8.29000e+03 1.14506e-01
8.29100e+03 1.15392e-01
8.29200e+03 1.16276e-01
8.29300e+03 1.17160e-01
8.29400e+03 1.18042e-01
8.29500e+03 1.18922e-01
8.29600e+03 1.19801e-01
8.29700e+03 1.20680e-01
8.29800e+03 1.21556e-01
8.29900e+03 1.22431e-01
8.30000e+03 1.23306e-01
8.30100e+03 1.24067e-01
8.30200e+03 1.24827e-01
8.30300e+03 1.25587e-01
8.30400e+03 1.26346e-01
8.30500e+03 1.27104e-01
8.30600e+03 1.27862e-01
8.30700e+03 1.28618e-01
8.30800e+03 1.29374e-01
8.30900e+03 1.30129e-01
8.31000e+03 1.30883e-01
8.31100e+03 1.31227e-01
8.31200e+03 1.31569e-01
8.31300e+03 1.31912e-01
8.31400e+03 1.32254e-01
8.31500e+03 1.32596e-01
8.31600e+03 1.32937e-01
8.31700e+03 1.33279e-01
8.31800e+03 1.33618e-01
8.31900e+03 1.33959e-01
8.32000e+03 1.34299e-01
8.32100e+03 1.35512e-01
8.32200e+03 1.36724e-01
8.32300e+03 1.37935e-01
8.32400e+03 1.39144e-01
8.32500e+03 1.40355e-01
8.32600e+03 1.41563e-01
8.32700e+03 1.42771e-01
8.32800e+03 1.43978e-01
8.32900e+03 1.45185e-01
8.33000e+03 1.46390e-01
8.33100e+03 1.47118e-01
8.33200e+03 1.47844e-01
8.33300e+03 1.48570e-01
8.33400e+03 1.49294e-01
8.33500e+03 1.50018e-01
8.33600e+03 1.50741e-01
8.33700e+03 1.51463e-01
8.33800e+03 1.52184e-01
8.33900e+03 1.52904e-01
8.34000e+03 1.53623e-01
8.34100e+03 1.54412e-01
8.34200e+03 1.55200e-01
8.34300e+03 1.55988e-01
8.34400e+03 1.56776e-01
8.34500e+03 1.57562e-01
8.34600e+03 1.58348e-01
8.34700e+03 1.59134e-01
8.34800e+03 1.59918e-01
8.34900e+03 1.60703e-01
8.35000e+03 1.61487e-01
8.35100e+03 1.61921e-01
8.35200e+03 1.62353e-01
8.35300e+03 1.62786e-01
8.35400e+03 1.63217e-01
8.35500e+03 1.63648e-01
8.35600e+03 1.64080e-01
8.35700e+03 1.64510e-01
8.35800e+03 1.64941e-01
8.35900e+03 1.65370e-01
8.36000e+03 1.65799e-01
8.36100e+03 1.66895e-01
8.36200e+03 1.67989e-01
8.36300e+03 1.69083e-01
8.36400e+03 1.70175e-01
8.36500e+03 1.71266e-01
8.36600e+03 1.72357e-01
8.36700e+03 1.73446e-01
8.36800e+03 1.74534e-01
8.36900e+03 1.75621e-01
8.37000e+03 1.76707e-01
8.37100e+03 1.77089e-01
8.37200e+03 1.77469e-01
8.37300e+03 1.77850e-01
8.37400e+03 1.78230e-01
8.37500e+03 1.78609e-01
8.37600e+03 1.78987e-01
8.37700e+03 1.79365e-01
8.37800e+03 1.79742e-01
8.37900e+03 1.80118e-01
8.38000e+03 1.80494e-01
8.38100e+03 1.81134e-01
8.38200e+03 1.81774e-01
8.38300e+03 1.82414e-01
8.38400e+03 1.83053e-01
8.38500e+03 1.83691e-01
8.38600e+03 1.84329e-01
8.38700e+03 1.84967e-01
8.38800e+03 1.85604e-01
8.38900e+03 1.86241e-01
8.39000e+03 1.86877e-01
8.39100e+03 1.87344e-01
8.39200e+03 1.87809e-01
8.39300e+03 1.88275e-01
8.39400e+03 1.88740e-01
8.39500e+03 1.89205e-01
8.39600e+03 1.89670e-01
8.39700e+03 1.90134e-01
8.39800e+03 1.90599e-01
8.39900e+03 1.91063e-01
8.40000e+03 1.91527e-01
8.40100e+03 1.92453e-01
8.40200e+03 1.93376e-01
8.40300e+03 1.94298e-01
8.40400e+03 1.95218e-01
8.40500e+03 1.96137e-01
8.40600e+03 1.97053e-01
8.40700e+03 1.97968e-01
8.40800e+03 1.98882e-01
8.40900e+03 1.99793e-01
8.41000e+03 2.00703e-01
8.41100e+03 2.01043e-01
8.41200e+03 2.01383e-01
8.41300e+03 2.01722e-01
8.41400e+03 2.02061e-01
8.41500e+03 2.02399e-01
8.41600e+03 2.02737e-01
8.41700e+03 2.03074e-01
8.41800e+03 2.03411e-01
8.41900e+03 2.03747e-01
8.42000e+03 2.04082e-01
8.42100e+03 2.03946e-01
8.42200e+03 2.03808e-01
8.42300e+03 2.03670e-01
8.42400e+03 2.03534e-01
8.42500e+03 2.03396e-01
8.42600e+03 2.03259e-01
8.42700e+03 2.03122e-01
8.42800e+03 2.02985e-01
8.42900e+03 2.02847e-01
8.43000e+03 2.02711e-01
8.43100e+03 2.03840e-01
8.43200e+03 2.04966e-01
8.43300e+03 2.06090e-01
8.43400e+03 2.07213e-01
8.43500e+03 2.08333e-01
8.43600e+03 2.09452e-01
8.43700e+03 2.10568e-01
8.43800e+03 2.11682e-01
8.43900e+03 2.12796e-01
8.44000e+03 2.13906e-01
8.44100e+03 2.14121e-01
8.44200e+03 2.14337e-01
8.44300e+03 2.14552e-01
8.44400e+03 2.14766e-01
8.44500e+03 2.14980e-01
8.44600e+03 2.15194e-01
8.44700e+03 2.15408e-01
8.44800e+03 2.15621e-01
8.44900e+03 2.15834e-01
8.45000e+03 2.16047e-01
8.45100e+03 2.16115e-01
8.45200e+03 2.16184e-01
8.45300e+03 2.16252e-01
8.45400e+03 2.16320e-01
8.45500e+03 2.16388e-01
8.45600e+03 2.16456e-01
8.45700e+03 2.16523e-01
8.45800e+03 2.16590e-01
8.45900e+03 2.16656e-01
8.46000e+03 2.16723e-01
8.46100e+03 2.17377e-01
8.46200e+03 2.18030e-01
8.46300e+03 2.18682e-01
8.46400e+03 2.19334e-01
8.46500e+03 2.19984e-01
8.46600e+03 2.20633e-01
8.46700e+03 2.21281e-01
8.46800e+03 2.21928e-01
8.46900e+03 2.22574e-01
8.47000e+03 2.23219e-01
8.47100e+03 2.23632e-01
8.47200e+03 2.24046e-01
8.47300e+03 2.24456e-01
8.47400e+03 2.24868e-01
8.47500e+03 2.25279e-01
8.47600e+03 2.25688e-01
8.47700e+03 2.26098e-01
8.47800e+03 2.26507e-01
8.47900e+03 2.26914e-01
8.48000e+03 2.27322e-01
8.48100e+03 2.27689e-01
8.48200e+03 2.28056e-01
8.48300e+03 2.28422e-01
8.48400e+03 2.28787e-01
8.48500e+03 2.29153e-01
8.48600e+03 2.29518e-01
8.48700e+03 2.29882e-01
8.48800e+03 2.30247e-01
8.48900e+03 2.30611e-01
8.49000e+03 2.30976e-01
8.49100e+03 2.31128e-01
8.49200e+03 2.31279e-01
8.49300e+03 2.31429e-01
8.49400e+03 2.31580e-01
8.49500e+03 2.31731e-01
8.49600e+03 2.31879e-01
8.49700e+03 2.32028e-01
8.49800e+03 2.32176e-01
8.49900e+03 2.32324e-01
8.50000e+03 2.32471e-01
8.50100e+03 2.32712e-01
8.50200e+03 2.32951e-01
8.50300e+03 2.33191e-01
8.50400e+03 2.33430e-01
8.50500e+03 2.33669e-01
8.50600e+03 2.33907e-01
8.50700e+03 2.34144e-01
8.50800e+03 2.34382e-01
8.50900e+03 2.34619e-01
8.51000e+03 2.34855e-01
8.51100e+03 2.35244e-01
8.51200e+03 2.35632e-01
8.51300e+03 2.36020e-01
8.51400e+03 2.36407e-01
8.51500e+03 2.36794e-01
8.51600e+03 2.37180e-01
8.51700e+03 2.37566e-01
8.51800e+03 2.37952e-01
8.51900e+03 2.38336e-01
8.52000e+03 2.38720e-01
8.52100e+03 2.38873e-01
8.52200e+03 2.39025e-01
8.52300e+03 2.39177e-01
8.52400e+03 2.39329e-01
8.52500e+03 2.39480e-01
8.52600e+03 2.39631e-01
8.52700e+03 2.39781e-01
8.52800e+03 2.39931e-01
8.52900e+03 2.40081e-01
8.53000e+03 2.40231e-01
8.53100e+03 2.40406e-01
8.53200e+03 2.40582e-01
8.53300e+03 2.40756e-01
8.53400e+03 2.40931e-01
8.53500e+03 2.41104e-01
8.53600e+03 2.41277e-01
8.53700e+03 2.41449e-01
8.53800e+03 2.41622e-01
8.53900e+03 2.41793e-01
8.54000e+03 2.41964e-01
8.54100e+03 2.42090e-01
8.54200e+03 2.42215e-01
8.54300e+03 2.42341e-01
8.54400e+03 2.42466e-01
8.54500e+03 2.42591e-01
8.54600e+03 2.42716e-01
8.54700e+03 2.42840e-01
8.54800e+03 2.42964e-01
8.54900e+03 2.43088e-01
8.55000e+03 2.43212e-01
8.55100e+03 2.43190e-01
8.55200e+03 2.43168e-01
8.55300e+03 2.43146e-01
8.55400e+03 2.43124e-01
8.55500e+03 2.43103e-01
8.55600e+03 2.43079e-01
8.55700e+03 2.43057e-01
8.55800e+03 2.43034e-01
8.55900e+03 2.43011e-01
8.56000e+03 2.42988e-01
8.56100e+03 2.43216e-01
8.56200e+03 2.43445e-01
8.56300e+03 2.43672e-01
8.56400e+03 2.43899e-01
8.56500e+03 2.44126e-01
8.56600e+03 2.44352e-01
8.56700e+03 2.44579e-01
8.56800e+03 2.44804e-01
8.56900e+03 2.45029e-01
8.57000e+03 2.45254e-01
8.57100e+03 2.45341e-01
8.57200e+03 2.45428e-01
8.57300e+03 2.45516e-01
8.57400e+03 2.45602e-01
8.57500e+03 2.45687e-01
8.57600e+03 2.45774e-01
8.57700e+03 2.45859e-01
8.57800e+03 2.45945e-01
8.57900e+03 2.46030e-01
8.58000e+03 2.46115e-01
8.58100e+03 2.46131e-01
8.58200e+03 2.46148e-01
8.58300e+03 2.46165e-01
8.58400e+03 2.46181e-01
8.58500e+03 2.46197e-01
8.58600e+03 2.46213e-01
8.58700e+03 2.46228e-01
8.58800e+03 2.46243e-01
8.58900e+03 2.46258e-01
8.59000e+03 2.46273e-01
8.59100e+03 2.46300e-01
8.59200e+03 2.46326e-01
8.59300e+03 2.46352e-01
8.59400e+03 2.46377e-01
8.59500e+03 2.46403e-01
8.59600e+03 2.46427e-01
8.59700e+03 2.46453e-01
8.59800e+03 2.46477e-01
8.59900e+03 2.46502e-01
8.60000e+03 2.46526e-01
8.60100e+03 2.46968e-01
8.60200e+03 2.47409e-01
8.60300e+03 2.47849e-01
8.60400e+03 2.48289e-01
8.60500e+03 2.48728e-01
8.60600e+03 2.49166e-01
8.60700e+03 2.49604e-01
8.60800e+03 2.50040e-01
8.60900e+03 2.50476e-01
8.61000e+03 2.50911e-01
8.61100e+03 2.50626e-01
8.61200e+03 2.50340e-01
8.61300e+03 2.50055e-01
8.61400e+03 2.49770e-01
8.61500e+03 2.49486e-01
8.61600e+03 2.49201e-01
8.61700e+03 2.48916e-01
8.61800e+03 2.48631e-01
8.61900e+03 2.48347e-01
8.62000e+03 2.48063e-01
8.62100e+03 2.48197e-01
8.62200e+03 2.48332e-01
8.62300e+03 2.48466e-01
8.62400e+03 2.48599e-01
8.62500e+03 2.48732e-01
8.62600e+03 2.48864e-01
8.62700e+03 2.48997e-01
8.62800e+03 2.49129e-01
8.62900e+03 2.49261e-01
8.63000e+03 2.49391e-01
8.63100e+03 2.48878e-01
8.63200e+03 2.48366e-01
8.63300e+03 2.47855e-01
8.63400e+03 2.47343e-01
8.63500e+03 2.46833e-01
8.63600e+03 2.46322e-01
8.63700e+03 2.45813e-01
8.63800e+03 2.45304e-01
8.63900e+03 2.44794e-01
8.64000e+03 2.44287e-01
8.64100e+03 2.44638e-01
8.64200e+03 2.44989e-01
8.64300e+03 2.45340e-01
8.64400e+03 2.45690e-01
8.64500e+03 2.46039e-01
8.64600e+03 2.46388e-01
8.64700e+03 2.46736e-01
8.64800e+03 2.47084e-01
8.64900e+03 2.47431e-01
8.65000e+03 2.47777e-01
8.65100e+03 2.47656e-01
8.65200e+03 2.47535e-01
8.65300e+03 2.47414e-01
8.65400e+03 2.47292e-01
8.65500e+03 2.47170e-01
8.65600e+03 2.47049e-01
8.65700e+03 2.46928e-01
8.65800e+03 2.46807e-01
8.65900e+03 2.46684e-01
8.66000e+03 2.46564e-01
8.66100e+03 2.46645e-01
8.66200e+03 2.46725e-01
8.66300e+03 2.46806e-01
8.66400e+03 2.46887e-01
8.66500e+03 2.46967e-01
8.66600e+03 2.47046e-01
8.66700e+03 2.47127e-01
8.66800e+03 2.47206e-01
8.66900e+03 2.47285e-01
8.67000e+03 2.47364e-01
8.67100e+03 2.47197e-01
8.67200e+03 2.47030e-01
8.67300e+03 2.46862e-01
8.67400e+03 2.46696e-01
8.67500e+03 2.46529e-01
8.67600e+03 2.46362e-01
8.67700e+03 2.46195e-01
8.67800e+03 2.46028e-01
8.67900e+03 2.45862e-01
8.68000e+03 2.45695e-01
8.68100e+03 2.45752e-01
8.68200e+03 2.45808e-01
8.68300e+03 2.45865e-01
8.68400e+03 2.45921e-01
8.68500e+03 2.45977e-01
8.68600e+03 2.46033e-01
8.68700e+03 2.46088e-01
8.68800e+03 2.46144e-01
8.68900e+03 2.46197e-01
8.69000e+03 2.46252e-01
8.69100e+03 2.46142e-01
8.69200e+03 2.46030e-01
8.69300e+03 2.45919e-01
8.69400e+03 2.45808e-01
8.69500e+03 2.45697e-01
8.69600e+03 2.45586e-01
8.69700e+03 2.45473e-01
8.69800e+03 2.45362e-01
8.69900e+03 2.45251e-01
8.70000e+03 2.45140e-01
8.70100e+03 2.45165e-01
8.70200e+03 2.45189e-01
8.70300e+03 2.45213e-01
8.70400e+03 2.45237e-01
8.70500e+03 2.45261e-01
8.70600e+03 2.45284e-01
8.70700e+03 2.45308e-01
8.70800e+03 2.45330e-01
8.70900e+03 2.45352e-01
8.71000e+03 2.45374e-01
8.71100e+03 2.45191e-01
8.71200e+03 2.45009e-01
8.71300e+03 2.44825e-01
8.71400e+03 2.44642e-01
8.71500e+03 2.44460e-01
8.71600e+03 2.44277e-01
8.71700e+03 2.44094e-01
8.71800e+03 2.43911e-01
8.71900e+03 2.43729e-01
8.72000e+03 2.43545e-01
8.72100e+03 2.43462e-01
8.72200e+03 2.43379e-01
8.72300e+03 2.43295e-01
8.72400e+03 2.43212e-01
8.72500e+03 2.43129e-01
8.72600e+03 2.43045e-01
8.72700e+03 2.42961e-01
8.72800e+03 2.42877e-01
8.72900e+03 2.42793e-01
8.73000e+03 2.42710e-01
8.73100e+03 2.42563e-01
8.73200e+03 2.42418e-01
8.73300e+03 2.42272e-01
8.73400e+03 2.42126e-01
8.73500e+03 2.41980e-01
8.73600e+03 2.41835e-01
8.73700e+03 2.41689e-01
8.73800e+03 2.41544e-01
8.73900e+03 2.41398e-01
8.74000e+03 2.41252e-01
8.74100e+03 2.41370e-01
8.74200e+03 2.41486e-01
8.74300e+03 2.41603e-01
8.74400e+03 2.41720e-01
8.74500e+03 2.41836e-01
8.74600e+03 2.41952e-01
8.74700e+03 2.42067e-01
8.74800e+03 2.42181e-01
8.74900e+03 2.42296e-01
8.75000e+03 2.42411e-01
8.75100e+03 2.42140e-01
8.75200e+03 2.41871e-01
8.75300e+03 2.41600e-01
8.75400e+03 2.41330e-01
8.75500e+03 2.41060e-01
8.75600e+03 2.40790e-01
8.75700e+03 2.40522e-01
8.75800e+03 2.40252e-01
8.75900e+03 2.39982e-01
8.76000e+03 2.39713e-01
8.76100e+03 2.39726e-01
8.76200e+03 2.39738e-01
8.76300e+03 2.39750e-01
8.76400e+03 2.39762e-01
8.76500e+03 2.39772e-01
8.76600e+03 2.39783e-01
8.76700e+03 2.39795e-01
8.76800e+03 2.39806e-01
8.76900e+03 2.39816e-01
8.77000e+03 2.39827e-01
8.77100e+03 2.39629e-01
8.77200e+03 2.39429e-01
8.77300e+03 2.39231e-01
8.77400e+03 2.39033e-01
8.77500e+03 2.38834e-01
8.77600e+03 2.38636e-01
8.77700e+03 2.38437e-01
8.77800e+03 2.38239e-01
8.77900e+03 2.38041e-01
8.78000e+03 2.37843e-01
8.78100e+03 2.37784e-01
8.78200e+03 2.37725e-01
8.78300e+03 2.37666e-01
8.78400e+03 2.37605e-01
8.78500e+03 2.37545e-01
8.78600e+03 2.37485e-01
8.78700e+03 2.37426e-01
8.78800e+03 2.37366e-01
8.78900e+03 2.37305e-01
8.79000e+03 2.37246e-01
8.79100e+03 2.37143e-01
8.79200e+03 2.37042e-01
8.79300e+03 2.36940e-01
8.79400e+03 2.36839e-01
8.79500e+03 2.36738e-01
8.79600e+03 2.36636e-01
8.79700e+03 2.36534e-01
8.79800e+03 2.36432e-01
8.79900e+03 2.36330e-01
8.80000e+03 2.36228e-01
8.80100e+03 2.36041e-01
8.80200e+03 2.35854e-01
8.80300e+03 2.35667e-01
8.80400e+03 2.35480e-01
8.80500e+03 2.35292e-01
8.80600e+03 2.35106e-01
8.80700e+03 2.34919e-01
8.80800e+03 2.34732e-01
8.80900e+03 2.34545e-01
8.81000e+03 2.34359e-01
8.81100e+03 2.34290e-01
8.81200e+03 2.34221e-01
8.81300e+03 2.34151e-01
8.81400e+03 2.34081e-01
8.81500e+03 2.34012e-01
8.81600e+03 2.33942e-01
8.81700e+03 2.33872e-01
8.81800e+03 2.33802e-01
8.81900e+03 2.33733e-01
8.82000e+03 2.33662e-01
8.82100e+03 2.33293e-01
8.82200e+03 2.32924e-01
8.82300e+03 2.32555e-01
8.82400e+03 2.32187e-01
8.82500e+03 2.31820e-01
8.82600e+03 2.31452e-01
8.82700e+03 2.31085e-01
8.82800e+03 2.30718e-01
8.82900e+03 2.30351e-01
8.83000e+03 2.29985e-01
8.83100e+03 2.29879e-01
8.83200e+03 2.29772e-01
8.83300e+03 2.29666e-01
8.83400e+03 2.29560e-01
8.83500e+03 2.29453e-01
8.83600e+03 2.29347e-01
8.83700e+03 2.29240e-01
8.83800e+03 2.29133e-01
8.83900e+03 2.29026e-01
8.84000e+03 2.28920e-01
8.84100e+03 2.29022e-01
8.84200e+03 2.29122e-01
8.84300e+03 2.29222e-01
8.84400e+03 2.29323e-01
8.84500e+03 2.29422e-01
8.84600e+03 2.29521e-01
8.84700e+03 2.29619e-01
8.84800e+03 2.29718e-01
8.84900e+03 2.29817e-01
8.85000e+03 2.29915e-01
8.85100e+03 2.29760e-01
8.85200e+03 2.29606e-01
8.85300e+03 2.29452e-01
8.85400e+03 2.29298e-01
8.85500e+03 2.29143e-01
8.85600e+03 2.28989e-01
8.85700e+03 2.28835e-01
8.85800e+03 2.28681e-01
8.85900e+03 2.28526e-01
8.86000e+03 2.28371e-01
8.86100e+03 2.28234e-01
8.86200e+03 2.28097e-01
8.86300e+03 2.27960e-01
8.86400e+03 2.27822e-01
8.86500e+03 2.27684e-01
8.86600e+03 2.27548e-01
8.86700e+03 2.27410e-01
8.86800e+03 2.27272e-01
8.86900e+03 2.27135e-01
8.87000e+03 2.26996e-01
8.87100e+03 2.26855e-01
8.87200e+03 2.26712e-01
8.87300e+03 2.26570e-01
8.87400e+03 2.26427e-01
8.87500e+03 2.26285e-01
8.87600e+03 2.26142e-01
8.87700e+03 2.26000e-01
8.87800e+03 2.25858e-01
8.87900e+03 2.25715e-01
8.88000e+03 2.25574e-01
8.88100e+03 2.25441e-01
8.88200e+03 2.25309e-01
8.88300e+03 2.25177e-01
8.88400e+03 2.25045e-01
8.88500e+03 2.24912e-01
8.88600e+03 2.24779e-01
8.88700e+03 2.24647e-01
8.88800e+03 2.24515e-01
8.88900e+03 2.24383e-01
8.89000e+03 2.24251e-01
8.89100e+03 2.24134e-01
8.89200e+03 2.24019e-01
8.89300e+03 2.23903e-01
8.89400e+03 2.23787e-01
8.89500e+03 2.23671e-01
8.89600e+03 2.23555e-01
8.89700e+03 2.23439e-01
8.89800e+03 2.23322e-01
8.89900e+03 2.23206e-01
8.90000e+03 2.23089e-01
8.90100e+03 2.22919e-01
8.90200e+03 2.22752e-01
8.90300e+03 2.22582e-01
8.90400e+03 2.22413e-01
8.90500e+03 2.22243e-01
8.90600e+03 2.22074e-01
8.90700e+03 2.21905e-01
8.90800e+03 2.21736e-01
8.90900e+03 2.21567e-01
8.91000e+03 2.21398e-01
8.91100e+03 2.21137e-01
8.91200e+03 2.20877e-01
8.91300e+03 2.20617e-01
8.91400e+03 2.20355e-01
8.91500e+03 2.20095e-01
8.91600e+03 2.19835e-01
8.91700e+03 2.19575e-01
8.91800e+03 2.19315e-01
8.91900e+03 2.19055e-01
8.92000e+03 2.18797e-01
8.92100e+03 2.18754e-01
8.92200e+03 2.18711e-01
8.92300e+03 2.18669e-01
8.92400e+03 2.18626e-01
8.92500e+03 2.18582e-01
8.92600e+03 2.18539e-01
8.92700e+03 2.18496e-01
8.92800e+03 2.18452e-01
8.92900e+03 2.18408e-01
8.93000e+03 2.18365e-01
8.93100e+03 2.18279e-01
8.93200e+03 2.18194e-01
8.93300e+03 2.18109e-01
8.93400e+03 2.18024e-01
8.93500e+03 2.17938e-01
8.93600e+03 2.17852e-01
8.93700e+03 2.17767e-01
8.93800e+03 2.17681e-01
8.93900e+03 2.17596e-01
8.94000e+03 2.17509e-01
8.94100e+03 2.17331e-01
8.94200e+03 2.17154e-01
8.94300e+03 2.16975e-01
8.94400e+03 2.16797e-01
8.94500e+03 2.16620e-01
8.94600e+03 2.16443e-01
8.94700e+03 2.16265e-01
8.94800e+03 2.16087e-01
8.94900e+03 2.15910e-01
8.95000e+03 2.15733e-01
8.95100e+03 2.15548e-01
8.95200e+03 2.15364e-01
8.95300e+03 2.15180e-01
8.95400e+03 2.14997e-01
8.95500e+03 2.14813e-01
8.95600e+03 2.14630e-01
8.95700e+03 2.14445e-01
8.95800e+03 2.14262e-01
8.95900e+03 2.14077e-01
8.96000e+03 2.13894e-01
8.96100e+03 2.13786e-01
8.96200e+03 2.13679e-01
8.96300e+03 2.13572e-01
8.96400e+03 2.13464e-01
8.96500e+03 2.13356e-01
8.96600e+03 2.13248e-01
8.96700e+03 2.13140e-01
8.96800e+03 2.13032e-01
8.96900e+03 2.12924e-01
8.97000e+03 2.12816e-01
8.97100e+03 2.12611e-01
8.97200e+03 2.12407e-01
8.97300e+03 2.12201e-01
8.97400e+03 2.11997e-01
8.97500e+03 2.11792e-01
8.97600e+03 2.11588e-01
8.97700e+03 2.11383e-01
8.97800e+03 2.11179e-01
8.97900e+03 2.10975e-01
8.98000e+03 2.10771e-01
8.98100e+03 2.10716e-01
8.98200e+03 2.10662e-01
8.98300e+03 2.10607e-01
8.98400e+03 2.10553e-01
8.98500e+03 2.10498e-01
8.98600e+03 2.10443e-01
8.98700e+03 2.10388e-01
8.98800e+03 2.10333e-01
8.98900e+03 2.10278e-01
8.99000e+03 2.10222e-01
8.99100e+03 2.10075e-01
8.99200e+03 2.09928e-01
8.99300e+03 2.09780e-01
8.99400e+03 2.09633e-01
8.99500e+03 2.09486e-01
8.99600e+03 2.09339e-01
8.99700e+03 2.09191e-01
8.99800e+03 2.09044e-01
8.99900e+03 2.08897e-01
9.00000e+03 2.08750e-01
9.00100e+03 2.08608e-01
9.00200e+03 2.08468e-01
9.00300e+03 2.08327e-01
9.00400e+03 2.08186e-01
9.00500e+03 2.08046e-01
9.00600e+03 2.07903e-01
9.00700e+03 2.07763e-01
9.00800e+03 2.07621e-01
9.00900e+03 2.07480e-01
9.01000e+03 2.07340e-01
9.01100e+03 2.07079e-01
9.01200e+03 2.06817e-01
9.01300e+03 2.06558e-01
9.01400e+03 2.06298e-01
9.01500e+03 2.06038e-01
9.01600e+03 2.05778e-01
9.01700e+03 2.05518e-01
9.01800e+03 2.05258e-01
9.01900e+03 2.04999e-01
9.02000e+03 2.04740e-01
9.02100e+03 2.04664e-01
9.02200e+03 2.04590e-01
9.02300e+03 2.04517e-01
9.02400e+03 2.04441e-01
9.02500e+03 2.04366e-01
9.02600e+03 2.04291e-01
9.02700e+03 2.04216e-01
9.02800e+03 2.04141e-01
9.02900e+03 2.04066e-01
9.03000e+03 2.03989e-01
9.03100e+03 2.03761e-01
9.03200e+03 2.03532e-01
9.03300e+03 2.03304e-01
9.03400e+03 2.03074e-01
9.03500e+03 2.02845e-01
9.03600e+03 2.02615e-01
9.03700e+03 2.02386e-01
9.03800e+03 2.02157e-01
9.03900e+03 2.01928e-01
9.04000e+03 2.01699e-01
9.04100e+03 2.01585e-01
9.04200e+03 2.01470e-01
9.04300e+03 2.01356e-01
9.04400e+03 2.01242e-01
9.04500e+03 2.01127e-01
9.04600e+03 2.01012e-01
9.04700e+03 2.00898e-01
9.04800e+03 2.00784e-01
9.04900e+03 2.00669e-01
9.05000e+03 2.00554e-01
9.05100e+03 2.00371e-01
9.05200e+03 2.00187e-01
9.05300e+03 2.00004e-01
9.05400e+03 1.99821e-01
9.05500e+03 1.99638e-01
9.05600e+03 1.99455e-01
9.05700e+03 1.99272e-01
9.05800e+03 1.99089e-01
9.05900e+03 1.98907e-01
9.06000e+03 1.98723e-01
9.06100e+03 1.98567e-01
9.06200e+03 1.98411e-01
9.06300e+03 1.98255e-01
9.06400e+03 1.98099e-01
9.06500e+03 1.97944e-01
9.06600e+03 1.97789e-01
9.06700e+03 1.97633e-01
9.06800e+03 1.97476e-01
9.06900e+03 1.97320e-01
9.07000e+03 1.97164e-01
9.07100e+03 1.97036e-01
9.07200e+03 1.96910e-01
9.07300e+03 1.96783e-01
9.07400e+03 1.96656e-01
9.07500e+03 1.96528e-01
9.07600e+03 1.96399e-01
9.07700e+03 1.96273e-01
9.07800e+03 1.96145e-01
9.07900e+03 1.96016e-01
9.08000e+03 1.95889e-01
9.08100e+03 1.95782e-01
9.08200e+03 1.95675e-01
9.08300e+03 1.95568e-01
9.08400e+03 1.95460e-01
9.08500e+03 1.95352e-01
9.08600e+03 1.95244e-01
9.08700e+03 1.95137e-01
9.08800e+03 1.95029e-01
9.08900e+03 1.94921e-01
9.09000e+03 1.94813e-01
9.09100e+03 1.94548e-01
9.09200e+03 1.94282e-01
9.09300e+03 1.94017e-01
9.09400e+03 1.93752e-01
9.09500e+03 1.93487e-01
9.09600e+03 1.93222e-01
9.09700e+03 1.92958e-01
9.09800e+03 1.92694e-01
9.09900e+03 1.92429e-01
9.10000e+03 1.92166e-01
9.10100e+03 1.92125e-01
9.10200e+03 1.92084e-01
9.10300e+03 1.92043e-01
9.10400e+03 1.92002e-01
9.10500e+03 1.91959e-01
9.10600e+03 1.91917e-01
9.10700e+03 1.91875e-01
9.10800e+03 1.91834e-01
9.10900e+03 1.91792e-01
9.11000e+03 1.91749e-01
9.11100e+03 1.91547e-01
9.11200e+03 1.91345e-01
9.11300e+03 1.91144e-01
9.11400e+03 1.90942e-01
9.11500e+03 1.90741e-01
9.11600e+03 1.90539e-01
9.11700e+03 1.90338e-01
9.11800e+03 1.90136e-01
9.11900e+03 1.89935e-01
9.12000e+03 1.89733e-01
9.12100e+03 1.89632e-01
9.12200e+03 1.89531e-01
9.12300e+03 1.89429e-01
9.12400e+03 1.89327e-01
9.12500e+03 1.89226e-01
9.12600e+03 1.89123e-01
9.12700e+03 1.89022e-01
9.12800e+03 1.88918e-01
9.12900e+03 1.88817e-01
9.13000e+03 1.88714e-01
9.13100e+03 1.88457e-01
9.13200e+03 1.88199e-01
9.13300e+03 1.87941e-01
9.13400e+03 1.87685e-01
9.13500e+03 1.87426e-01
9.13600e+03 1.87169e-01
9.13700e+03 1.86913e-01
9.13800e+03 1.86656e-01
9.13900e+03 1.86400e-01
9.14000e+03 1.86144e-01
9.14100e+03 1.86045e-01
9.14200e+03 1.85947e-01
9.14300e+03 1.85848e-01
9.14400e+03 1.85749e-01
9.14500e+03 1.85650e-01
9.14600e+03 1.85552e-01
9.14700e+03 1.85452e-01
9.14800e+03 1.85353e-01
9.14900e+03 1.85254e-01
9.15000e+03 1.85155e-01
9.15100e+03 1.84967e-01
9.15200e+03 1.84779e-01
9.15300e+03 1.84591e-01
9.15400e+03 1.84403e-01
9.15500e+03 1.84215e-01
9.15600e+03 1.84027e-01
9.15700e+03 1.83840e-01
9.15800e+03 1.83652e-01
9.15900e+03 1.83463e-01
9.16000e+03 1.83276e-01
9.16100e+03 1.83340e-01
9.16200e+03 1.83405e-01
9.16300e+03 1.83468e-01
9.16400e+03 1.83531e-01
9.16500e+03 1.83594e-01
9.16600e+03 1.83656e-01
9.16700e+03 1.83718e-01
9.16800e+03 1.83780e-01
9.16900e+03 1.83841e-01
9.17000e+03 1.83902e-01
9.17100e+03 1.83473e-01
9.17200e+03 1.83045e-01
9.17300e+03 1.82617e-01
9.17400e+03 1.82189e-01
9.17500e+03 1.81762e-01
9.17600e+03 1.81336e-01
9.17700e+03 1.80910e-01
9.17800e+03 1.80483e-01
9.17900e+03 1.80059e-01
9.18000e+03 1.79634e-01
9.18100e+03 1.79527e-01
9.18200e+03 1.79420e-01
9.18300e+03 1.79312e-01
9.18400e+03 1.79204e-01
9.18500e+03 1.79096e-01
9.18600e+03 1.78989e-01
9.18700e+03 1.78880e-01
9.18800e+03 1.78772e-01
9.18900e+03 1.78664e-01
9.19000e+03 1.78555e-01
9.19100e+03 1.78403e-01
9.19200e+03 1.78249e-01
9.19300e+03 1.78096e-01
9.19400e+03 1.77942e-01
9.19500e+03 1.77790e-01
9.19600e+03 1.77637e-01
9.19700e+03 1.77483e-01
9.19800e+03 1.77329e-01
9.19900e+03 1.77176e-01
9.20000e+03 1.77023e-01
9.20100e+03 1.76942e-01
9.20200e+03 1.76861e-01
9.20300e+03 1.76781e-01
9.20400e+03 1.76700e-01
9.20500e+03 1.76619e-01
9.20600e+03 1.76538e-01
9.20700e+03 1.76456e-01
9.20800e+03 1.76375e-01
9.20900e+03 1.76294e-01
9.21000e+03 1.76212e-01
9.21100e+03 1.75945e-01
9.21200e+03 1.75678e-01
9.21300e+03 1.75413e-01
9.21400e+03 1.75146e-01
9.21500e+03 1.74880e-01
9.21600e+03 1.74614e-01
9.21700e+03 1.74349e-01
9.21800e+03 1.74083e-01
9.21900e+03 1.73818e-01
9.22000e+03 1.73553e-01
9.22100e+03 1.73498e-01
9.22200e+03 1.73442e-01
9.22300e+03 1.73387e-01
9.22400e+03 1.73331e-01
9.22500e+03 1.73276e-01
9.22600e+03 1.73220e-01
9.22700e+03 1.73163e-01
9.22800e+03 1.73107e-01
9.22900e+03 1.73052e-01
9.23000e+03 1.72994e-01
9.23100e+03 1.72802e-01
9.23200e+03 1.72611e-01
9.23300e+03 1.72420e-01
9.23400e+03 1.72227e-01
9.23500e+03 1.72036e-01
9.23600e+03 1.71844e-01
9.23700e+03 1.71652e-01
9.23800e+03 1.71462e-01
9.23900e+03 1.71270e-01
9.24000e+03 1.71080e-01
9.24100e+03 1.70973e-01
9.24200e+03 1.70867e-01
9.24300e+03 1.70762e-01
9.24400e+03 1.70655e-01
9.24500e+03 1.70550e-01
9.24600e+03 1.70444e-01
9.24700e+03 1.70338e-01
9.24800e+03 1.70232e-01
9.24900e+03 1.70125e-01
9.25000e+03 1.70018e-01
9.25100e+03 1.69798e-01
9.25200e+03 1.69577e-01
9.25300e+03 1.69356e-01
9.25400e+03 1.69137e-01
9.25500e+03 1.68916e-01
9.25600e+03 1.68696e-01
9.25700e+03 1.68476e-01
9.25800e+03 1.68255e-01
9.25900e+03 1.68036e-01
9.26000e+03 1.67816e-01
9.26100e+03 1.67774e-01
9.26200e+03 1.67733e-01
9.26300e+03 1.67692e-01
9.26400e+03 1.67650e-01
9.26500e+03 1.67609e-01
9.26600e+03 1.67567e-01
9.26700e+03 1.67524e-01
9.26800e+03 1.67481e-01
9.26900e+03 1.67438e-01
9.27000e+03 1.67395e-01
9.27100e+03 1.67247e-01
9.27200e+03 1.67098e-01
9.27300e+03 1.66949e-01
9.27400e+03 1.66800e-01
9.27500e+03 1.66651e-01
9.27600e+03 1.66502e-01
9.27700e+03 1.66352e-01
9.27800e+03 1.66203e-01
9.27900e+03 1.66054e-01
9.28000e+03 1.65906e-01
9.28100e+03 1.65761e-01
9.28200e+03 1.65615e-01
9.28300e+03 1.65470e-01
9.28400e+03 1.65325e-01
9.28500e+03 1.65179e-01
9.28600e+03 1.65034e-01
9.28700e+03 1.64889e-01
9.28800e+03 1.64744e-01
9.28900e+03 1.64599e-01
9.29000e+03 1.64453e-01
9.29100e+03 1.64322e-01
9.29200e+03 1.64192e-01
9.29300e+03 1.64062e-01
9.29400e+03 1.63931e-01
9.29500e+03 1.63800e-01
9.29600e+03 1.63670e-01
9.29700e+03 1.63539e-01
9.29800e+03 1.63409e-01
9.29900e+03 1.63278e-01
9.30000e+03 1.63146e-01
9.30100e+03 1.62975e-01
9.30200e+03 1.62803e-01
9.30300e+03 1.62632e-01
9.30400e+03 1.62461e-01
9.30500e+03 1.62290e-01
9.30600e+03 1.62118e-01
9.30700e+03 1.61947e-01
9.30800e+03 1.61776e-01
9.30900e+03 1.61603e-01
9.31000e+03 1.61433e-01
9.31100e+03 1.61203e-01
9.31200e+03 1.60974e-01
9.31300e+03 1.60744e-01
9.31400e+03 1.60515e-01
9.31500e+03 1.60286e-01
9.31600e+03 1.60057e-01
9.31700e+03 1.59827e-01
9.31800e+03 1.59599e-01
9.31900e+03 1.59370e-01
9.32000e+03 1.59142e-01
9.32100e+03 1.59034e-01
9.32200e+03 1.58927e-01
9.32300e+03 1.58819e-01
9.32400e+03 1.58711e-01
9.32500e+03 1.58604e-01
9.32600e+03 1.58496e-01
9.32700e+03 1.58388e-01
9.32800e+03 1.58280e-01
9.32900e+03 1.58173e-01
9.33000e+03 1.58064e-01
9.33100e+03 1.57959e-01
9.33200e+03 1.57853e-01
9.33300e+03 1.57750e-01
9.33400e+03 1.57645e-01
9.33500e+03 1.57540e-01
9.33600e+03 1.57434e-01
9.33700e+03 1.57328e-01
9.33800e+03 1.57222e-01
9.33900e+03 1.57117e-01
9.34000e+03 1.57012e-01
9.34100e+03 1.56831e-01
9.34200e+03 1.56650e-01
9.34300e+03 1.56470e-01
9.34400e+03 1.56289e-01
9.34500e+03 1.56107e-01
9.34600e+03 1.55928e-01
9.34700e+03 1.55747e-01
9.34800e+03 1.55566e-01
9.34900e+03 1.55385e-01
9.35000e+03 1.55206e-01
9.35100e+03 1.55033e-01
9.35200e+03 1.54862e-01
9.35300e+03 1.54689e-01
9.35400e+03 1.54518e-01
9.35500e+03 1.54345e-01
9.35600e+03 1.54173e-01
9.35700e+03 1.54001e-01
9.35800e+03 1.53829e-01
9.35900e+03 1.53657e-01
9.36000e+03 1.53484e-01
9.36100e+03 1.53367e-01
9.36200e+03 1.53250e-01
9.36300e+03 1.53133e-01
9.36400e+03 1.53015e-01
9.36500e+03 1.52897e-01
9.36600e+03 1.52779e-01
9.36700e+03 1.52662e-01
9.36800e+03 1.52544e-01
9.36900e+03 1.52425e-01
9.37000e+03 1.52308e-01
9.37100e+03 1.52116e-01
9.37200e+03 1.51924e-01
9.37300e+03 1.51734e-01
9.37400e+03 1.51542e-01
9.37500e+03 1.51352e-01
9.37600e+03 1.51159e-01
9.37700e+03 1.50969e-01
9.37800e+03 1.50778e-01
9.37900e+03 1.50588e-01
9.38000e+03 1.50396e-01
9.38100e+03 1.50267e-01
9.38200e+03 1.50139e-01
9.38300e+03 1.50010e-01
9.38400e+03 1.49882e-01
9.38500e+03 1.49752e-01
9.38600e+03 1.49623e-01
9.38700e+03 1.49495e-01
9.38800e+03 1.49366e-01
9.38900e+03 1.49236e-01
9.39000e+03 1.49107e-01
9.39100e+03 1.48859e-01
9.39200e+03 1.48609e-01
9.39300e+03 1.48360e-01
9.39400e+03 1.48112e-01
9.39500e+03 1.47863e-01
9.39600e+03 1.47614e-01
9.39700e+03 1.47367e-01
9.39800e+03 1.47118e-01
9.39900e+03 1.46870e-01
9.40000e+03 1.46622e-01
9.40100e+03 1.46489e-01
9.40200e+03 1.46355e-01
9.40300e+03 1.46221e-01
9.40400e+03 1.46087e-01
9.40500e+03 1.45953e-01
9.40600e+03 1.45819e-01
9.40700e+03 1.45685e-01
9.40800e+03 1.45550e-01
9.40900e+03 1.45415e-01
9.41000e+03 1.45280e-01
9.41100e+03 1.45029e-01
9.41200e+03 1.44777e-01
9.41300e+03 1.44525e-01
9.41400e+03 1.44274e-01
9.41500e+03 1.44023e-01
9.41600e+03 1.43772e-01
9.41700e+03 1.43521e-01
9.41800e+03 1.43270e-01
9.41900e+03 1.43020e-01
9.42000e+03 1.42770e-01
9.42100e+03 1.42622e-01
9.42200e+03 1.42474e-01
9.42300e+03 1.42325e-01
9.42400e+03 1.42177e-01
9.42500e+03 1.42028e-01
9.42600e+03 1.41880e-01
9.42700e+03 1.41731e-01
9.42800e+03 1.41582e-01
9.42900e+03 1.41435e-01
9.43000e+03 1.41285e-01
9.43100e+03 1.41089e-01
9.43200e+03 1.40893e-01
9.43300e+03 1.40697e-01
9.43400e+03 1.40500e-01
9.43500e+03 1.40305e-01
9.43600e+03 1.40108e-01
9.43700e+03 1.39911e-01
9.43800e+03 1.39716e-01
9.43900e+03 1.39520e-01
9.44000e+03 1.39325e-01
9.44100e+03 1.39163e-01
9.44200e+03 1.39003e-01
9.44300e+03 1.38843e-01
9.44400e+03 1.38682e-01
9.44500e+03 1.38520e-01
9.44600e+03 1.38360e-01
9.44700e+03 1.38198e-01
9.44800e+03 1.38038e-01
9.44900e+03 1.37877e-01
9.45000e+03 1.37716e-01
9.45100e+03 1.37459e-01
9.45200e+03 1.37202e-01
9.45300e+03 1.36946e-01
9.45400e+03 1.36690e-01
9.45500e+03 1.36435e-01
9.45600e+03 1.36179e-01
9.45700e+03 1.35924e-01
9.45800e+03 1.35668e-01
9.45900e+03 1.35415e-01
9.46000e+03 1.35160e-01
9.46100e+03 1.34997e-01
9.46200e+03 1.34833e-01
9.46300e+03 1.34670e-01
9.46400e+03 1.34508e-01
9.46500e+03 1.34343e-01
9.46600e+03 1.34181e-01
9.46700e+03 1.34017e-01
9.46800e+03 1.33854e-01
9.46900e+03 1.33690e-01
9.47000e+03 1.33527e-01
9.47100e+03 1.33351e-01
9.47200e+03 1.33174e-01
9.47300e+03 1.32996e-01
9.47400e+03 1.32820e-01
9.47500e+03 1.32642e-01
9.47600e+03 1.32466e-01
9.47700e+03 1.32289e-01
9.47800e+03 1.32111e-01
9.47900e+03 1.31936e-01
9.48000e+03 1.31758e-01
9.48100e+03 1.31580e-01
9.48200e+03 1.31400e-01
9.48300e+03 1.31222e-01
9.48400e+03 1.31043e-01
9.48500e+03 1.30864e-01
9.48600e+03 1.30684e-01
9.48700e+03 1.30506e-01
9.48800e+03 1.30328e-01
9.48900e+03 1.30148e-01
9.49000e+03 1.29970e-01
9.49100e+03 1.29742e-01
9.49200e+03 1.29516e-01
9.49300e+03 1.29290e-01
9.49400e+03 1.29063e-01
9.49500e+03 1.28836e-01
9.49600e+03 1.28611e-01
9.49700e+03 1.28385e-01
9.49800e+03 1.28159e-01
9.49900e+03 1.27933e-01
9.50000e+03 1.27708e-01
9.50100e+03 1.27484e-01
9.50200e+03 1.27261e-01
9.50300e+03 1.27037e-01
9.50400e+03 1.26814e-01
9.50500e+03 1.26591e-01
9.50600e+03 1.26369e-01
9.50700e+03 1.26145e-01
9.50800e+03 1.25923e-01
9.50900e+03 1.25701e-01
9.51000e+03 1.25479e-01
9.51100e+03 1.25261e-01
9.51200e+03 1.25043e-01
9.51300e+03 1.24825e-01
9.51400e+03 1.24607e-01
9.51500e+03 1.24389e-01
9.51600e+03 1.24172e-01
9.51700e+03 1.23954e-01
9.51800e+03 1.23737e-01
9.51900e+03 1.23520e-01
9.52000e+03 1.23304e-01
9.52100e+03 1.23081e-01
9.52200e+03 1.22858e-01
9.52300e+03 1.22636e-01
9.52400e+03 1.22414e-01
9.52500e+03 1.22194e-01
9.52600e+03 1.21971e-01
9.52700e+03 1.21751e-01
9.52800e+03 1.21529e-01
9.52900e+03 1.21309e-01
9.53000e+03 1.21088e-01
9.53100e+03 1.20872e-01
9.53200e+03 1.20656e-01
9.53300e+03 1.20439e-01
9.53400e+03 1.20225e-01
9.53500e+03 1.20009e-01
9.53600e+03 1.19794e-01
9.53700e+03 1.19579e-01
9.53800e+03 1.19364e-01
9.53900e+03 1.19149e-01
9.54000e+03 1.18935e-01
9.54100e+03 1.18787e-01
9.54200e+03 1.18640e-01
9.54300e+03 1.18492e-01
9.54400e+03 1.18345e-01
9.54500e+03 1.18198e-01
9.54600e+03 1.18050e-01
9.54700e+03 1.17902e-01
9.54800e+03 1.17755e-01
9.54900e+03 1.17607e-01
9.55000e+03 1.17459e-01
9.55100e+03 1.17321e-01
9.55200e+03 1.17183e-01
9.55300e+03 1.17045e-01
9.55400e+03 1.16906e-01
9.55500e+03 1.16767e-01
9.55600e+03 1.16629e-01
9.55700e+03 1.16490e-01
9.55800e+03 1.16352e-01
9.55900e+03 1.16213e-01
9.56000e+03 1.16073e-01
9.56100e+03 1.15928e-01
9.56200e+03 1.15785e-01
9.56300e+03 1.15640e-01
9.56400e+03 1.15496e-01
9.56500e+03 1.15352e-01
9.56600e+03 1.15207e-01
9.56700e+03 1.15061e-01
9.56800e+03 1.14917e-01
9.56900e+03 1.14772e-01
9.57000e+03 1.14628e-01
9.57100e+03 1.14484e-01
9.57200e+03 1.14344e-01
9.57300e+03 1.14201e-01
9.57400e+03 1.14058e-01
9.57500e+03 1.13915e-01
9.57600e+03 1.13774e-01
9.57700e+03 1.13631e-01
9.57800e+03 1.13489e-01
9.57900e+03 1.13346e-01
9.58000e+03 1.13203e-01
9.58100e+03 1.12998e-01
9.58200e+03 1.12794e-01
9.58300e+03 1.12588e-01
9.58400e+03 1.12385e-01
9.58500e+03 1.12180e-01
9.58600e+03 1.11975e-01
9.58700e+03 1.11771e-01
9.58800e+03 1.11567e-01
9.58900e+03 1.11363e-01
9.59000e+03 1.11160e-01
9.59100e+03 1.10972e-01
9.59200e+03 1.10785e-01
9.59300e+03 1.10597e-01
9.59400e+03 1.10410e-01
9.59500e+03 1.10223e-01
9.59600e+03 1.10036e-01
9.59700e+03 1.09849e-01
9.59800e+03 1.09661e-01
9.59900e+03 1.09475e-01
9.60000e+03 1.09288e-01
9.60100e+03 1.09104e-01
9.60200e+03 1.08921e-01
9.60300e+03 1.08739e-01
9.60400e+03 1.08556e-01
9.60500e+03 1.08374e-01
9.60600e+03 1.08190e-01
9.60700e+03 1.08009e-01
9.60800e+03 1.07827e-01
9.60900e+03 1.07644e-01
9.61000e+03 1.07462e-01
9.61100e+03 1.07274e-01
9.61200e+03 1.07085e-01
9.61300e+03 1.06898e-01
9.61400e+03 1.06708e-01
9.61500e+03 1.06521e-01
9.61600e+03 1.06333e-01
9.61700e+03 1.06146e-01
9.61800e+03 1.05957e-01
9.61900e+03 1.05770e-01
9.62000e+03 1.05582e-01
9.62100e+03 1.05415e-01
9.62200e+03 1.05245e-01
9.62300e+03 1.05077e-01
9.62400e+03 1.04908e-01
9.62500e+03 1.04740e-01
9.62600e+03 1.04572e-01
9.62700e+03 1.04403e-01
9.62800e+03 1.04235e-01
9.62900e+03 1.04068e-01
9.63000e+03 1.03899e-01
9.63100e+03 1.03737e-01
9.63200e+03 1.03575e-01
9.63300e+03 1.03415e-01
9.63400e+03 1.03254e-01
9.63500e+03 1.03092e-01
9.63600e+03 1.02931e-01
9.63700e+03 1.02770e-01
9.63800e+03 1.02608e-01
9.63900e+03 1.02448e-01
9.64000e+03 1.02286e-01
9.64100e+03 1.02116e-01
9.64200e+03 1.01948e-01
9.64300e+03 1.01779e-01
9.64400e+03 1.01610e-01
9.64500e+03 1.01441e-01
9.64600e+03 1.01272e-01
9.64700e+03 1.01103e-01
9.64800e+03 1.00935e-01
9.64900e+03 1.00766e-01
9.65000e+03 1.00597e-01
9.65100e+03 1.00438e-01
9.65200e+03 1.00280e-01
9.65300e+03 1.00121e-01
9.65400e+03 9.99626e-02
9.65500e+03 9.98042e-02
9.65600e+03 9.96463e-02
9.65700e+03 9.94866e-02
9.65800e+03 9.93286e-02
9.65900e+03 9.91705e-02
9.66000e+03 9.90111e-02
9.66100e+03 9.88235e-02
9.66200e+03 9.86364e-02
9.66300e+03 9.84493e-02
9.66400e+03 9.82622e-02
9.66500e+03 9.80747e-02
9.66600e+03 9.78883e-02
9.66700e+03 9.77019e-02
9.66800e+03 9.75151e-02
9.66900e+03 9.73293e-02
9.67000e+03 9.71436e-02
9.67100e+03 9.69561e-02
9.67200e+03 9.67703e-02
9.67300e+03 9.65845e-02
9.67400e+03 9.63976e-02
9.67500e+03 9.62124e-02
9.67600e+03 9.60262e-02
9.67700e+03 9.58405e-02
9.67800e+03 9.56549e-02
9.67900e+03 9.54687e-02
9.68000e+03 9.52838e-02
9.68100e+03 9.51018e-02
9.68200e+03 9.49175e-02
9.68300e+03 9.47361e-02
9.68400e+03 9.45537e-02
9.68500e+03 9.43707e-02
9.68600e+03 9.41882e-02
9.68700e+03 9.40069e-02
9.68800e+03 9.38240e-02
9.68900e+03 9.36433e-02
9.69000e+03 9.34604e-02
9.69100e+03 9.32813e-02
9.69200e+03 9.31028e-02
9.69300e+03 9.29238e-02
9.69400e+03 9.27448e-02
9.69500e+03 9.25669e-02
9.69600e+03 9.23873e-02
9.69700e+03 9.22095e-02
9.69800e+03 9.20311e-02
9.69900e+03 9.18527e-02
9.70000e+03 9.16743e-02
9.70100e+03 9.15173e-02
9.70200e+03 9.13597e-02
9.70300e+03 9.12025e-02
9.70400e+03 9.10453e-02
9.70500e+03 9.08887e-02
9.70600e+03 9.07314e-02
9.70700e+03 9.05746e-02
9.70800e+03 9.04166e-02
9.70900e+03 9.02603e-02
9.71000e+03 9.01027e-02
9.71100e+03 8.99412e-02
9.71200e+03 8.97792e-02
9.71300e+03 8.96171e-02
9.71400e+03 8.94555e-02
9.71500e+03 8.92928e-02
9.71600e+03 8.91323e-02
9.71700e+03 8.89694e-02
9.71800e+03 8.88083e-02
9.71900e+03 8.86465e-02
9.72000e+03 8.84851e-02
9.72100e+03 8.83268e-02
9.72200e+03 8.81689e-02
9.72300e+03 8.80099e-02
9.72400e+03 8.78531e-02
9.72500e+03 8.76945e-02
9.72600e+03 8.75364e-02
9.72700e+03 8.73789e-02
9.72800e+03 8.72212e-02
9.72900e+03 8.70630e-02
9.73000e+03 8.69059e-02
9.73100e+03 8.67460e-02
9.73200e+03 8.65878e-02
9.73300e+03 8.64296e-02
9.73400e+03 8.62708e-02
9.73500e+03 8.61124e-02
9.73600e+03 8.59534e-02
9.73700e+03 8.57950e-02
9.73800e+03 8.56365e-02
9.73900e+03 8.54779e-02
9.74000e+03 8.53193e-02
9.74100e+03 8.51498e-02
9.74200e+03 8.49785e-02
9.74300e+03 8.48090e-02
9.74400e+03 8.46388e-02
9.74500e+03 8.44682e-02
9.74600e+03 8.42980e-02
9.74700e+03 8.41279e-02
9.74800e+03 8.39583e-02
9.74900e+03 8.37887e-02
9.75000e+03 8.36186e-02
9.75100e+03 8.34515e-02
9.75200e+03 8.32838e-02
9.75300e+03 8.31166e-02
9.75400e+03 8.29478e-02
9.75500e+03 8.27806e-02
9.75600e+03 8.26140e-02
9.75700e+03 8.24462e-02
9.75800e+03 8.22790e-02
9.75900e+03 8.21117e-02
9.76000e+03 8.19445e-02
9.76100e+03 8.17794e-02
9.76200e+03 8.16124e-02
9.76300e+03 8.14466e-02
9.76400e+03 8.12808e-02
9.76500e+03 8.11144e-02
9.76600e+03 8.09485e-02
9.76700e+03 8.07833e-02
9.76800e+03 8.06179e-02
9.76900e+03 8.04514e-02
9.77000e+03 8.02861e-02
9.77100e+03 8.01125e-02
9.77200e+03 7.99388e-02
9.77300e+03 7.97647e-02
9.77400e+03 7.95921e-02
9.77500e+03 7.94180e-02
9.77600e+03 7.92445e-02
9.77700e+03 7.90709e-02
9.77800e+03 7.88980e-02
9.77900e+03 7.87250e-02
9.78000e+03 7.85526e-02
9.78100e+03 7.83989e-02
9.78200e+03 7.82479e-02
9.78300e+03 7.80940e-02
9.78400e+03 7.79416e-02
9.78500e+03 7.77887e-02
9.78600e+03 7.76370e-02
9.78700e+03 7.74839e-02
9.78800e+03 7.73319e-02
9.78900e+03 7.71782e-02
9.79000e+03 7.70273e-02
9.79100e+03 7.68709e-02
9.79200e+03 7.67158e-02
9.79300e+03 7.65599e-02
9.79400e+03 7.64052e-02
9.79500e+03 7.62486e-02
9.79600e+03 7.60944e-02
9.79700e+03 7.59389e-02
9.79800e+03 7.57840e-02
9.79900e+03 7.56284e-02
9.80000e+03 7.54728e-02
9.80100e+03 7.53760e-02
9.80200e+03 7.52791e-02
9.80300e+03 7.51823e-02
9.80400e+03 7.50860e-02
9.80500e+03 7.49891e-02
9.80600e+03 7.48920e-02
9.80700e+03 7.47956e-02
9.80800e+03 7.46980e-02
9.80900e+03 7.46003e-02
9.81000e+03 7.45037e-02
9.81100e+03 7.44082e-02
9.81200e+03 7.43120e-02
9.81300e+03 7.42164e-02
9.81400e+03 7.41206e-02
9.81500e+03 7.40249e-02
9.81600e+03 7.39291e-02
9.81700e+03 7.38333e-02
9.81800e+03 7.37363e-02
9.81900e+03 7.36410e-02
9.82000e+03 7.35450e-02
9.82100e+03 7.34265e-02
9.82200e+03 7.33074e-02
9.82300e+03 7.31888e-02
9.82400e+03 7.30698e-02
9.82500e+03 7.29508e-02
9.82600e+03 7.28329e-02
9.82700e+03 7.27139e-02
9.82800e+03 7.25955e-02
9.82900e+03 7.24760e-02
9.83000e+03 7.23570e-02
9.83100e+03 7.22373e-02
9.83200e+03 7.21163e-02
9.83300e+03 7.19954e-02
9.83400e+03 7.18751e-02
9.83500e+03 7.17537e-02
9.83600e+03 7.16335e-02
9.83700e+03 7.15133e-02
9.83800e+03 7.13932e-02
9.83900e+03 7.12718e-02
9.84000e+03 7.11506e-02
9.84100e+03 7.10297e-02
9.84200e+03 7.09077e-02
9.84300e+03 7.07852e-02
9.84400e+03 7.06638e-02
9.84500e+03 7.05420e-02
9.84600e+03 7.04196e-02
9.84700e+03 7.02977e-02
9.84800e+03 7.01771e-02
9.84900e+03 7.00543e-02
9.85000e+03 6.99325e-02
9.85100e+03 6.98135e-02
9.85200e+03 6.96946e-02
9.85300e+03 6.95763e-02
9.85400e+03 6.94568e-02
9.85500e+03 6.93374e-02
9.85600e+03 6.92191e-02
9.85700e+03 6.90997e-02
9.85800e+03 6.89803e-02
9.85900e+03 6.88615e-02
9.86000e+03 6.87428e-02
9.86100e+03 6.86389e-02
9.86200e+03 6.85344e-02
9.86300e+03 6.84310e-02
9.86400e+03 6.83259e-02
9.86500e+03 6.82219e-02
9.86600e+03 6.81179e-02
9.86700e+03 6.80133e-02
9.86800e+03 6.79092e-02
9.86900e+03 6.78045e-02
9.87000e+03 6.76998e-02
9.87100e+03 6.75970e-02
9.87200e+03 6.74948e-02
9.87300e+03 6.73926e-02
9.87400e+03 6.72891e-02
9.87500e+03 6.71862e-02
9.87600e+03 6.70838e-02
9.87700e+03 6.69809e-02
9.87800e+03 6.68785e-02
9.87900e+03 6.67755e-02
9.88000e+03 6.66718e-02
9.88100e+03 6.65633e-02
9.88200e+03 6.64538e-02
9.88300e+03 6.63430e-02
9.88400e+03 6.62334e-02
9.88500e+03 6.61243e-02
9.88600e+03 6.60153e-02
9.88700e+03 6.59051e-02
9.88800e+03 6.57953e-02
9.88900e+03 6.56851e-02
9.89000e+03 6.55754e-02
9.89100e+03 6.54779e-02
9.89200e+03 6.53779e-02
9.89300e+03 6.52791e-02
9.89400e+03 6.51803e-02
9.89500e+03 6.50802e-02
9.89600e+03 6.49819e-02
9.89700e+03 6.48829e-02
9.89800e+03 6.47839e-02
9.89900e+03 6.46855e-02
9.90000e+03 6.45846e-02
9.90100e+03 6.44636e-02
9.90200e+03 6.43420e-02
9.90300e+03 6.42192e-02
9.90400e+03 6.40977e-02
9.90500e+03 6.39762e-02
9.90600e+03 6.38542e-02
9.90700e+03 6.37328e-02
9.90800e+03 6.36108e-02
9.90900e+03 6.34894e-02
9.91000e+03 6.33675e-02
9.91100e+03 6.32508e-02
9.91200e+03 6.31341e-02
9.91300e+03 6.30180e-02
9.91400e+03 6.29008e-02
9.91500e+03 6.27848e-02
9.91600e+03 6.26681e-02
9.91700e+03 6.25515e-02
9.91800e+03 6.24361e-02
9.91900e+03 6.23190e-02
9.92000e+03 6.22024e-02
9.92100e+03 6.20858e-02
9.92200e+03 6.19687e-02
9.92300e+03 6.18528e-02
9.92400e+03 6.17363e-02
9.92500e+03 6.16198e-02
9.92600e+03 6.15034e-02
9.92700e+03 6.13863e-02
9.92800e+03 6.12699e-02
9.92900e+03 6.11540e-02
9.93000e+03 6.10370e-02
9.93100e+03 6.09183e-02
9.93200e+03 6.07984e-02
9.93300e+03 6.06791e-02
9.93400e+03 6.05593e-02
9.93500e+03 6.04400e-02
9.93600e+03 6.03202e-02
9.93700e+03 6.02016e-02
9.93800e+03 6.00824e-02
9.93900e+03 5.99621e-02
9.94000e+03 5.98430e-02
9.94100e+03 5.97439e-02
9.94200e+03 5.96436e-02
9.94300e+03 5.95443e-02
9.94400e+03 5.94451e-02
9.94500e+03 5.93458e-02
9.94600e+03 5.92459e-02
9.94700e+03 5.91459e-02
9.94800e+03 5.90464e-02
9.94900e+03 5.89457e-02
9.95000e+03 5.88462e-02
9.95100e+03 5.87430e-02
9.95200e+03 5.86391e-02
9.95300e+03 5.85353e-02
9.95400e+03 5.84321e-02
9.95500e+03 5.83279e-02
9.95600e+03 5.82236e-02
9.95700e+03 5.81199e-02
9.95800e+03 5.80161e-02
9.95900e+03 5.79122e-02
9.96000e+03 5.78083e-02
9.96100e+03 5.77070e-02
9.96200e+03 5.76053e-02
9.96300e+03 5.75034e-02
9.96400e+03 5.74020e-02
9.96500e+03 5.73006e-02
9.96600e+03 5.71986e-02
9.96700e+03 5.70965e-02
9.96800e+03 5.69949e-02
9.96900e+03 5.68928e-02
9.97000e+03 5.67911e-02
9.97100e+03 5.66880e-02
9.97200e+03 5.65844e-02
9.97300e+03 5.64813e-02
9.97400e+03 5.63781e-02
9.97500e+03 5.62743e-02
9.97600e+03 5.61705e-02
9.97700e+03 5.60671e-02
9.97800e+03 5.59627e-02
9.97900e+03 5.58598e-02
9.98000e+03 5.57558e-02
9.98100e+03 5.56338e-02
9.98200e+03 5.55129e-02
9.98300e+03 5.53904e-02
9.98400e+03 5.52685e-02
9.98500e+03 5.51471e-02
9.98600e+03 5.50253e-02
9.98700e+03 5.49035e-02
9.98800e+03 5.47822e-02
9.98900e+03 5.46598e-02
9.99000e+03 5.45376e-02
9.99100e+03 5.44185e-02
9.99200e+03 5.42978e-02
9.99300e+03 5.41776e-02
9.99400e+03 5.40586e-02
9.99500e+03 5.39379e-02
9.99600e+03 5.38184e-02
9.99700e+03 5.36989e-02
9.99800e+03 5.35783e-02
9.99900e+03 5.34579e-02
1.00000e+04 5.33385e-02
1.00010e+04 5.32451e-02
1.00020e+04 5.31514e-02
1.00030e+04 5.30578e-02
1.00040e+04 5.29646e-02
1.00050e+04 5.28709e-02
1.00060e+04 5.27778e-02
1.00070e+04 5.26844e-02
1.00080e+04 5.25912e-02
1.00090e+04 5.24978e-02
1.00100e+04 5.24045e-02
1.00110e+04 5.23096e-02
1.00120e+04 5.22148e-02
1.00130e+04 5.21200e-02
1.00140e+04 5.20252e-02
1.00150e+04 5.19305e-02
1.00160e+04 5.18359e-02
1.00170e+04 5.17411e-02
1.00180e+04 5.16464e-02
1.00190e+04 5.15517e-02
1.00200e+04 5.14572e-02
1.00210e+04 5.13790e-02
1.00220e+04 5.13011e-02
1.00230e+04 5.12230e-02
1.00240e+04 5.11450e-02
1.00250e+04 5.10668e-02
1.00260e+04 5.09887e-02
1.00270e+04 5.09105e-02
1.00280e+04 5.08322e-02
1.00290e+04 5.07540e-02
1.00300e+04 5.06758e-02
1.00310e+04 5.05954e-02
1.00320e+04 5.05149e-02
1.00330e+04 5.04345e-02
1.00340e+04 5.03540e-02
1.00350e+04 5.02735e-02
1.00360e+04 5.01930e-02
1.00370e+04 5.01125e-02
1.00380e+04 5.00319e-02
1.00390e+04 4.99513e-02
1.00400e+04 4.98708e-02
1.00410e+04 4.97906e-02
1.00420e+04 4.97104e-02
1.00430e+04 4.96302e-02
1.00440e+04 4.95500e-02
1.00450e+04 4.94697e-02
1.00460e+04 4.93895e-02
1.00470e+04 4.93092e-02
1.00480e+04 4.92287e-02
1.00490e+04 4.91484e-02
1.00500e+04 4.90680e-02
1.00510e+04 4.89870e-02
1.00520e+04 4.89061e-02
1.00530e+04 4.88250e-02
1.00540e+04 4.87438e-02
1.00550e+04 4.86628e-02
1.00560e+04 4.85818e-02
1.00570e+04 4.85006e-02
1.00580e+04 4.84194e-02
1.00590e+04 4.83383e-02
1.00600e+04 4.82570e-02
1.00610e+04 4.81653e-02
1.00620e+04 4.80737e-02
1.00630e+04 4.79821e-02
1.00640e+04 4.78904e-02
1.00650e+04 4.77989e-02
1.00660e+04 4.77073e-02
1.00670e+04 4.76157e-02
1.00680e+04 4.75241e-02
1.00690e+04 4.74325e-02
1.00700e+04 4.73410e-02
1.00710e+04 4.72503e-02
1.00720e+04 4.71596e-02
1.00730e+04 4.70690e-02
1.00740e+04 4.69784e-02
1.00750e+04 4.68876e-02
1.00760e+04 4.67970e-02
1.00770e+04 4.67064e-02
1.00780e+04 4.66158e-02
1.00790e+04 4.65251e-02
1.00800e+04 4.64345e-02
1.00810e+04 4.63431e-02
1.00820e+04 4.62517e-02
1.00830e+04 4.61605e-02
1.00840e+04 4.60691e-02
1.00850e+04 4.59777e-02
1.00860e+04 4.58864e-02
1.00870e+04 4.57950e-02
1.00880e+04 4.57038e-02
1.00890e+04 4.56125e-02
1.00900e+04 4.55212e-02
1.00910e+04 4.54317e-02
1.00920e+04 4.53423e-02
1.00930e+04 4.52528e-02
1.00940e+04 4.51633e-02
1.00950e+04 4.50739e-02
1.00960e+04 4.49843e-02
1.00970e+04 4.48948e-02
1.00980e+04 4.48054e-02
1.00990e+04 4.47159e-02
1.01000e+04 4.46264e-02
1.01010e+04 4.45428e-02
1.01020e+04 4.44590e-02
1.01030e+04 4.43753e-02
1.01040e+04 4.42916e-02
1.01050e+04 4.42078e-02
1.01060e+04 4.41241e-02
1.01070e+04 4.40402e-02
1.01080e+04 4.39564e-02
1.01090e+04 4.38726e-02
1.01100e+04 4.37888e-02
1.01110e+04 4.37097e-02
1.01120e+04 4.36306e-02
1.01130e+04 4.35516e-02
1.01140e+04 4.34724e-02
1.01150e+04 4.33932e-02
1.01160e+04 4.33139e-02
1.01170e+04 4.32347e-02
1.01180e+04 4.31554e-02
1.01190e+04 4.30761e-02
1.01200e+04 4.29967e-02
1.01210e+04 4.29137e-02
1.01220e+04 4.28306e-02
1.01230e+04 4.27476e-02
1.01240e+04 4.26645e-02
1.01250e+04 4.25814e-02
1.01260e+04 4.24984e-02
1.01270e+04 4.24152e-02
1.01280e+04 4.23320e-02
1.01290e+04 4.22488e-02
1.01300e+04 4.21656e-02
1.01310e+04 4.20851e-02
1.01320e+04 4.20046e-02
1.01330e+04 4.19240e-02
1.01340e+04 4.18434e-02
1.01350e+04 4.17627e-02
1.01360e+04 4.16820e-02
1.01370e+04 4.16013e-02
1.01380e+04 4.15205e-02
1.01390e+04 4.14397e-02
1.01400e+04 4.13589e-02
1.01410e+04 4.12642e-02
1.01420e+04 4.11695e-02
1.01430e+04 4.10749e-02
1.01440e+04 4.09802e-02
1.01450e+04 4.08856e-02
1.01460e+04 4.07911e-02
1.01470e+04 4.06965e-02
1.01480e+04 4.06019e-02
1.01490e+04 4.05074e-02
1.01500e+04 4.04128e-02
1.01510e+04 4.03179e-02
1.01520e+04 4.02229e-02
1.01530e+04 4.01279e-02
1.01540e+04 4.00331e-02
1.01550e+04 3.99381e-02
1.01560e+04 3.98433e-02
1.01570e+04 3.97484e-02
1.01580e+04 3.96536e-02
1.01590e+04 3.95588e-02
1.01600e+04 3.94641e-02
1.01610e+04 3.93692e-02
1.01620e+04 3.92744e-02
1.01630e+04 3.91796e-02
1.01640e+04 3.90849e-02
1.01650e+04 3.89901e-02
1.01660e+04 3.88955e-02
1.01670e+04 3.88008e-02
1.01680e+04 3.87061e-02
1.01690e+04 3.86115e-02
1.01700e+04 3.85170e-02
1.01710e+04 3.84264e-02
1.01720e+04 3.83358e-02
1.01730e+04 3.82453e-02
1.01740e+04 3.81548e-02
1.01750e+04 3.80643e-02
1.01760e+04 3.79738e-02
1.01770e+04 3.78833e-02
1.01780e+04 3.77928e-02
1.01790e+04 3.77023e-02
1.01800e+04 3.76119e-02
1.01810e+04 3.75246e-02
1.01820e+04 3.74374e-02
1.01830e+04 3.73502e-02
1.01840e+04 3.72630e-02
1.01850e+04 3.71759e-02
1.01860e+04 3.70888e-02
1.01870e+04 3.70015e-02
1.01880e+04 3.69143e-02
1.01890e+04 3.68271e-02
1.01900e+04 3.67399e-02
1.01910e+04 3.66534e-02
1.01920e+04 3.65669e-02
1.01930e+04 3.64804e-02
1.01940e+04 3.63939e-02
1.01950e+04 3.63074e-02
1.01960e+04 3.62208e-02
1.01970e+04 3.61342e-02
1.01980e+04 3.60477e-02
1.01990e+04 3.59612e-02
1.02000e+04 3.58745e-02
1.02010e+04 3.58116e-02
1.02020e+04 3.57487e-02
1.02030e+04 3.56858e-02
1.02040e+04 3.56228e-02
1.02050e+04 3.55598e-02
1.02060e+04 3.54968e-02
1.02070e+04 3.54338e-02
1.02080e+04 3.53708e-02
1.02090e+04 3.53079e-02
1.02100e+04 3.52449e-02
1.02110e+04 3.51836e-02
1.02120e+04 3.51221e-02
1.02130e+04 3.50608e-02
1.02140e+04 3.49994e-02
1.02150e+04 3.49380e-02
1.02160e+04 3.48765e-02
1.02170e+04 3.48152e-02
1.02180e+04 3.47537e-02
1.02190e+04 3.46923e-02
1.02200e+04 3.46308e-02
1.02210e+04 3.45626e-02
1.02220e+04 3.44945e-02
1.02230e+04 3.44264e-02
1.02240e+04 3.43583e-02
1.02250e+04 3.42902e-02
1.02260e+04 3.42222e-02
1.02270e+04 3.41540e-02
1.02280e+04 3.40860e-02
1.02290e+04 3.40179e-02
1.02300e+04 3.39499e-02
1.02310e+04 3.38858e-02
1.02320e+04 3.38218e-02
1.02330e+04 3.37579e-02
1.02340e+04 3.36939e-02
1.02350e+04 3.36297e-02
1.02360e+04 3.35658e-02
1.02370e+04 3.35017e-02
1.02380e+04 3.34376e-02
1.02390e+04 3.33736e-02
1.02400e+04 3.33094e-02
1.02410e+04 3.32462e-02
1.02420e+04 3.31828e-02
1.02430e+04 3.31194e-02
1.02440e+04 3.30560e-02
1.02450e+04 3.29926e-02
1.02460e+04 3.29292e-02
1.02470e+04 3.28657e-02
1.02480e+04 3.28024e-02
1.02490e+04 3.27389e-02
1.02500e+04 3.26755e-02
1.02510e+04 3.26093e-02
1.02520e+04 3.25431e-02
1.02530e+04 3.24769e-02
1.02540e+04 3.24106e-02
1.02550e+04 3.23444e-02
1.02560e+04 3.22782e-02
1.02570e+04 3.22119e-02
1.02580e+04 3.21457e-02
1.02590e+04 3.20795e-02
1.02600e+04 3.20133e-02
1.02610e+04 3.19456e-02
1.02620e+04 3.18779e-02
1.02630e+04 3.18101e-02
1.02640e+04 3.17425e-02
1.02650e+04 3.16748e-02
1.02660e+04 3.16071e-02
1.02670e+04 3.15395e-02
1.02680e+04 3.14718e-02
1.02690e+04 3.14040e-02
1.02700e+04 3.13364e-02
1.02710e+04 3.12729e-02
1.02720e+04 3.12095e-02
1.02730e+04 3.11461e-02
1.02740e+04 3.10826e-02
1.02750e+04 3.10192e-02
1.02760e+04 3.09557e-02
1.02770e+04 3.08923e-02
1.02780e+04 3.08288e-02
1.02790e+04 3.07653e-02
1.02800e+04 3.07018e-02
1.02810e+04 3.06349e-02
1.02820e+04 3.05680e-02
1.02830e+04 3.05012e-02
1.02840e+04 3.04343e-02
1.02850e+04 3.03675e-02
1.02860e+04 3.03006e-02
1.02870e+04 3.02336e-02
1.02880e+04 3.01669e-02
1.02890e+04 3.01000e-02
1.02900e+04 3.00332e-02
1.02910e+04 2.99691e-02
1.02920e+04 2.99051e-02
1.02930e+04 2.98410e-02
1.02940e+04 2.97770e-02
1.02950e+04 2.97129e-02
1.02960e+04 2.96488e-02
1.02970e+04 2.95847e-02
1.02980e+04 2.95206e-02
1.02990e+04 2.94565e-02
1.03000e+04 2.93924e-02
1.03010e+04 2.93272e-02
1.03020e+04 2.92621e-02
1.03030e+04 2.91968e-02
1.03040e+04 2.91316e-02
1.03050e+04 2.90664e-02
1.03060e+04 2.90013e-02
1.03070e+04 2.89360e-02
1.03080e+04 2.88708e-02
1.03090e+04 2.88056e-02
1.03100e+04 2.87403e-02
1.03110e+04 2.86751e-02
1.03120e+04 2.86099e-02
1.03130e+04 2.85447e-02
1.03140e+04 2.84795e-02
1.03150e+04 2.84142e-02
1.03160e+04 2.83490e-02
1.03170e+04 2.82837e-02
1.03180e+04 2.82186e-02
1.03190e+04 2.81532e-02
1.03200e+04 2.80879e-02
1.03210e+04 2.80238e-02
1.03220e+04 2.79598e-02
1.03230e+04 2.78957e-02
1.03240e+04 2.78314e-02
1.03250e+04 2.77674e-02
1.03260e+04 2.77031e-02
1.03270e+04 2.76390e-02
1.03280e+04 2.75748e-02
1.03290e+04 2.75106e-02
1.03300e+04 2.74464e-02
1.03310e+04 2.73799e-02
1.03320e+04 2.73135e-02
1.03330e+04 2.72471e-02
1.03340e+04 2.71806e-02
1.03350e+04 2.71141e-02
1.03360e+04 2.70478e-02
1.03370e+04 2.69814e-02
1.03380e+04 2.69149e-02
1.03390e+04 2.68484e-02
1.03400e+04 2.67820e-02
1.03410e+04 2.67181e-02
1.03420e+04 2.66541e-02
1.03430e+04 2.65902e-02
1.03440e+04 2.65262e-02
1.03450e+04 2.64623e-02
1.03460e+04 2.63982e-02
1.03470e+04 2.63343e-02
1.03480e+04 2.62702e-02
1.03490e+04 2.62062e-02
1.03500e+04 2.61422e-02
1.03510e+04 2.60755e-02
1.03520e+04 2.60087e-02
1.03530e+04 2.59421e-02
1.03540e+04 2.58754e-02
1.03550e+04 2.58087e-02
1.03560e+04 2.57420e-02
1.03570e+04 2.56753e-02
1.03580e+04 2.56086e-02
1.03590e+04 2.55419e-02
1.03600e+04 2.54752e-02
1.03610e+04 2.54124e-02
1.03620e+04 2.53495e-02
1.03630e+04 2.52867e-02
1.03640e+04 2.52238e-02
1.03650e+04 2.51608e-02
1.03660e+04 2.50980e-02
1.03670e+04 2.50350e-02
1.03680e+04 2.49722e-02
1.03690e+04 2.49091e-02
1.03700e+04 2.48462e-02
1.03710e+04 2.47792e-02
1.03720e+04 2.47124e-02
1.03730e+04 2.46457e-02
1.03740e+04 2.45788e-02
1.03750e+04 2.45119e-02
1.03760e+04 2.44451e-02
1.03770e+04 2.43782e-02
1.03780e+04 2.43113e-02
1.03790e+04 2.42445e-02
1.03800e+04 2.41777e-02
1.03810e+04 2.41106e-02
1.03820e+04 2.40437e-02
1.03830e+04 2.39768e-02
1.03840e+04 2.39097e-02
1.03850e+04 2.38428e-02
1.03860e+04 2.37758e-02
1.03870e+04 2.37089e-02
1.03880e+04 2.36419e-02
1.03890e+04 2.35749e-02
1.03900e+04 2.35080e-02
1.03910e+04 2.34380e-02
1.03920e+04 2.33681e-02
1.03930e+04 2.32982e-02
1.03940e+04 2.32284e-02
1.03950e+04 2.31584e-02
1.03960e+04 2.30886e-02
1.03970e+04 2.30187e-02
1.03980e+04 2.29490e-02
1.03990e+04 2.28792e-02
1.04000e+04 2.28093e-02
1.04010e+04 2.27590e-02
1.04020e+04 2.27086e-02
1.04030e+04 2.26582e-02
1.04040e+04 2.26079e-02
1.04050e+04 2.25575e-02
1.04060e+04 2.25071e-02
1.04070e+04 2.24568e-02
1.04080e+04 2.24064e-02
1.04090e+04 2.23561e-02
1.04100e+04 2.23057e-02
1.04110e+04 2.22547e-02
1.04120e+04 2.22036e-02
1.04130e+04 2.21525e-02
1.04140e+04 2.21014e-02
1.04150e+04 2.20504e-02
1.04160e+04 2.19993e-02
1.04170e+04 2.19483e-02
1.04180e+04 2.18973e-02
1.04190e+04 2.18462e-02
1.04200e+04 2.17952e-02
1.04210e+04 2.17478e-02
1.04220e+04 2.17004e-02
1.04230e+04 2.16531e-02
1.04240e+04 2.16055e-02
1.04250e+04 2.15581e-02
1.04260e+04 2.15108e-02
1.04270e+04 2.14633e-02
1.04280e+04 2.14159e-02
1.04290e+04 2.13685e-02
1.04300e+04 2.13210e-02
1.04310e+04 2.12719e-02
1.04320e+04 2.12228e-02
1.04330e+04 2.11736e-02
1.04340e+04 2.11246e-02
1.04350e+04 2.10754e-02
1.04360e+04 2.10264e-02
1.04370e+04 2.09772e-02
1.04380e+04 2.09281e-02
1.04390e+04 2.08791e-02
1.04400e+04 2.08299e-02
1.04410e+04 2.07838e-02
1.04420e+04 2.07377e-02
1.04430e+04 2.06916e-02
1.04440e+04 2.06455e-02
1.04450e+04 2.05993e-02
1.04460e+04 2.05531e-02
1.04470e+04 2.05070e-02
1.04480e+04 2.04608e-02
1.04490e+04 2.04146e-02
1.04500e+04 2.03683e-02
1.04510e+04 2.03195e-02
1.04520e+04 2.02706e-02
1.04530e+04 2.02217e-02
1.04540e+04 2.01728e-02
1.04550e+04 2.01239e-02
1.04560e+04 2.00752e-02
1.04570e+04 2.00262e-02
1.04580e+04 1.99773e-02
1.04590e+04 1.99285e-02
1.04600e+04 1.98795e-02
1.04610e+04 1.98286e-02
1.04620e+04 1.97777e-02
1.04630e+04 1.97269e-02
1.04640e+04 1.96759e-02
1.04650e+04 1.96251e-02
1.04660e+04 1.95743e-02
1.04670e+04 1.95234e-02
1.04680e+04 1.94726e-02
1.04690e+04 1.94217e-02
1.04700e+04 1.93709e-02
1.04710e+04 1.93199e-02
1.04720e+04 1.92690e-02
1.04730e+04 1.92180e-02
1.04740e+04 1.91670e-02
1.04750e+04 1.91160e-02
1.04760e+04 1.90651e-02
1.04770e+04 1.90141e-02
1.04780e+04 1.89632e-02
1.04790e+04 1.89123e-02
1.04800e+04 1.88614e-02
1.04810e+04 1.88086e-02
1.04820e+04 1.87558e-02
1.04830e+04 1.87029e-02
1.04840e+04 1.86501e-02
1.04850e+04 1.85973e-02
1.04860e+04 1.85446e-02
1.04870e+04 1.84919e-02
1.04880e+04 1.84391e-02
1.04890e+04 1.83865e-02
1.04900e+04 1.83337e-02
1.04910e+04 1.82838e-02
1.04920e+04 1.82340e-02
1.04930e+04 1.81843e-02
1.04940e+04 1.81344e-02
1.04950e+04 1.80846e-02
1.04960e+04 1.80348e-02
1.04970e+04 1.79849e-02
1.04980e+04 1.79351e-02
1.04990e+04 1.78853e-02
1.05000e+04 1.78354e-02
1.05010e+04 1.77865e-02
1.05020e+04 1.77375e-02
1.05030e+04 1.76885e-02
1.05040e+04 1.76395e-02
1.05050e+04 1.75905e-02
1.05060e+04 1.75416e-02
1.05070e+04 1.74926e-02
1.05080e+04 1.74437e-02
1.05090e+04 1.73946e-02
1.05100e+04 1.73456e-02
1.05110e+04 1.72974e-02
1.05120e+04 1.72492e-02
1.05130e+04 1.72011e-02
1.05140e+04 1.71528e-02
1.05150e+04 1.71046e-02
1.05160e+04 1.70564e-02
1.05170e+04 1.70082e-02
1.05180e+04 1.69599e-02
1.05190e+04 1.69117e-02
1.05200e+04 1.68635e-02
1.05210e+04 1.68147e-02
1.05220e+04 1.67660e-02
1.05230e+04 1.67172e-02
1.05240e+04 1.66685e-02
1.05250e+04 1.66198e-02
1.05260e+04 1.65709e-02
1.05270e+04 1.65222e-02
1.05280e+04 1.64735e-02
1.05290e+04 1.64248e-02
1.05300e+04 1.63759e-02
1.05310e+04 1.63259e-02
1.05320e+04 1.62757e-02
1.05330e+04 1.62257e-02
1.05340e+04 1.61755e-02
1.05350e+04 1.61254e-02
1.05360e+04 1.60753e-02
1.05370e+04 1.60252e-02
1.05380e+04 1.59752e-02
1.05390e+04 1.59251e-02
1.05400e+04 1.58751e-02
1.05410e+04 1.58245e-02
1.05420e+04 1.57739e-02
1.05430e+04 1.57234e-02
1.05440e+04 1.56728e-02
1.05450e+04 1.56223e-02
1.05460e+04 1.55718e-02
1.05470e+04 1.55213e-02
1.05480e+04 1.54708e-02
1.05490e+04 1.54203e-02
1.05500e+04 1.53699e-02
1.05510e+04 1.53217e-02
1.05520e+04 1.52734e-02
1.05530e+04 1.52252e-02
1.05540e+04 1.51770e-02
1.05550e+04 1.51288e-02
1.05560e+04 1.50805e-02
1.05570e+04 1.50324e-02
1.05580e+04 1.49841e-02
1.05590e+04 1.49359e-02
1.05600e+04 1.48876e-02
1.05610e+04 1.48395e-02
1.05620e+04 1.47914e-02
1.05630e+04 1.47432e-02
1.05640e+04 1.46951e-02
1.05650e+04 1.46470e-02
1.05660e+04 1.45989e-02
1.05670e+04 1.45508e-02
1.05680e+04 1.45026e-02
1.05690e+04 1.44545e-02
1.05700e+04 1.44063e-02
1.05710e+04 1.43563e-02
1.05720e+04 1.43063e-02
1.05730e+04 1.42563e-02
1.05740e+04 1.42062e-02
1.05750e+04 1.41562e-02
1.05760e+04 1.41062e-02
1.05770e+04 1.40562e-02
1.05780e+04 1.40062e-02
1.05790e+04 1.39562e-02
1.05800e+04 1.39062e-02
1.05810e+04 1.38568e-02
1.05820e+04 1.38075e-02
1.05830e+04 1.37582e-02
1.05840e+04 1.37087e-02
1.05850e+04 1.36595e-02
1.05860e+04 1.36101e-02
1.05870e+04 1.35607e-02
1.05880e+04 1.35114e-02
1.05890e+04 1.34622e-02
1.05900e+04 1.34128e-02
1.05910e+04 1.33642e-02
1.05920e+04 1.33157e-02
1.05930e+04 1.32671e-02
1.05940e+04 1.32186e-02
1.05950e+04 1.31700e-02
1.05960e+04 1.31214e-02
1.05970e+04 1.30729e-02
1.05980e+04 1.30243e-02
1.05990e+04 1.29757e-02
1.06000e+04 1.29272e-02
1.06010e+04 1.28921e-02
1.06020e+04 1.28571e-02
1.06030e+04 1.28220e-02
1.06040e+04 1.27868e-02
1.06050e+04 1.27518e-02
1.06060e+04 1.27167e-02
1.06070e+04 1.26816e-02
1.06080e+04 1.26464e-02
1.06090e+04 1.26114e-02
1.06100e+04 1.25762e-02
1.06110e+04 1.25398e-02
1.06120e+04 1.25036e-02
1.06130e+04 1.24672e-02
1.06140e+04 1.24310e-02
1.06150e+04 1.23947e-02
1.06160e+04 1.23583e-02
1.06170e+04 1.23220e-02
1.06180e+04 1.22857e-02
1.06190e+04 1.22494e-02
1.06200e+04 1.22131e-02
1.06210e+04 1.21779e-02
1.06220e+04 1.21427e-02
1.06230e+04 1.21076e-02
1.06240e+04 1.20723e-02
1.06250e+04 1.20371e-02
1.06260e+04 1.20020e-02
1.06270e+04 1.19667e-02
1.06280e+04 1.19316e-02
1.06290e+04 1.18963e-02
1.06300e+04 1.18611e-02
1.06310e+04 1.18254e-02
1.06320e+04 1.17898e-02
1.06330e+04 1.17541e-02
1.06340e+04 1.17184e-02
1.06350e+04 1.16827e-02
1.06360e+04 1.16470e-02
1.06370e+04 1.16114e-02
1.06380e+04 1.15758e-02
1.06390e+04 1.15401e-02
1.06400e+04 1.15044e-02
1.06410e+04 1.14688e-02
1.06420e+04 1.14331e-02
1.06430e+04 1.13974e-02
1.06440e+04 1.13618e-02
1.06450e+04 1.13260e-02
1.06460e+04 1.12905e-02
1.06470e+04 1.12548e-02
1.06480e+04 1.12192e-02
1.06490e+04 1.11834e-02
1.06500e+04 1.11478e-02
1.06510e+04 1.11120e-02
1.06520e+04 1.10763e-02
1.06530e+04 1.10403e-02
1.06540e+04 1.10046e-02
1.06550e+04 1.09688e-02
1.06560e+04 1.09329e-02
1.06570e+04 1.08972e-02
1.06580e+04 1.08613e-02
1.06590e+04 1.08256e-02
1.06600e+04 1.07897e-02
1.06610e+04 1.07542e-02
1.06620e+04 1.07185e-02
1.06630e+04 1.06829e-02
1.06640e+04 1.06473e-02
1.06650e+04 1.06116e-02
1.06660e+04 1.05759e-02
1.06670e+04 1.05402e-02
1.06680e+04 1.05047e-02
1.06690e+04 1.04690e-02
1.06700e+04 1.04335e-02
1.06710e+04 1.03981e-02
1.06720e+04 1.03629e-02
1.06730e+04 1.03275e-02
1.06740e+04 1.02923e-02
1.06750e+04 1.02570e-02
1.06760e+04 1.02217e-02
1.06770e+04 1.01865e-02
1.06780e+04 1.01511e-02
1.06790e+04 1.01159e-02
1.06800e+04 1.00806e-02
1.06810e+04 1.00445e-02
1.06820e+04 1.00084e-02
1.06830e+04 9.97232e-03
1.06840e+04 9.93619e-03
1.06850e+04 9.90007e-03
1.06860e+04 9.86413e-03
1.06870e+04 9.82798e-03
1.06880e+04 9.79194e-03
1.06890e+04 9.75586e-03
1.06900e+04 9.71985e-03
1.06910e+04 9.68417e-03
1.06920e+04 9.64849e-03
1.06930e+04 9.61288e-03
1.06940e+04 9.57711e-03
1.06950e+04 9.54150e-03
1.06960e+04 9.50586e-03
1.06970e+04 9.47015e-03
1.06980e+04 9.43458e-03
1.06990e+04 9.39889e-03
1.07000e+04 9.36327e-03
1.07010e+04 9.32744e-03
1.07020e+04 9.29178e-03
1.07030e+04 9.25596e-03
1.07040e+04 9.22020e-03
1.07050e+04 9.18451e-03
1.07060e+04 9.14871e-03
1.07070e+04 9.11293e-03
1.07080e+04 9.07725e-03
1.07090e+04 9.04153e-03
1.07100e+04 9.00576e-03
1.07110e+04 8.96922e-03
1.07120e+04 8.93252e-03
1.07130e+04 8.89590e-03
1.07140e+04 8.85934e-03
1.07150e+04 8.82279e-03
1.07160e+04 8.78621e-03
1.07170e+04 8.74964e-03
1.07180e+04 8.71309e-03
1.07190e+04 8.67649e-03
1.07200e+04 8.64007e-03
1.07210e+04 8.60452e-03
1.07220e+04 8.56897e-03
1.07230e+04 8.53348e-03
1.07240e+04 8.49800e-03
1.07250e+04 8.46241e-03
1.07260e+04 8.42699e-03
1.07270e+04 8.39142e-03
1.07280e+04 8.35591e-03
1.07290e+04 8.32040e-03
1.07300e+04 8.28496e-03
1.07310e+04 8.24944e-03
1.07320e+04 8.21397e-03
1.07330e+04 8.17853e-03
1.07340e+04 8.14313e-03
1.07350e+04 8.10765e-03
1.07360e+04 8.07215e-03
1.07370e+04 8.03673e-03
1.07380e+04 8.00120e-03
1.07390e+04 7.96578e-03
1.07400e+04 7.93038e-03
1.07410e+04 7.89434e-03
1.07420e+04 7.85842e-03
1.07430e+04 7.82240e-03
1.07440e+04 7.78651e-03
1.07450e+04 7.75052e-03
1.07460e+04 7.71459e-03
1.07470e+04 7.67867e-03
1.07480e+04 7.64271e-03
1.07490e+04 7.60681e-03
1.07500e+04 7.57087e-03
1.07510e+04 7.53613e-03
1.07520e+04 7.50133e-03
1.07530e+04 7.46647e-03
1.07540e+04 7.43173e-03
1.07550e+04 7.39693e-03
1.07560e+04 7.36213e-03
1.07570e+04 7.32728e-03
1.07580e+04 7.29259e-03
1.07590e+04 7.25769e-03
1.07600e+04 7.22289e-03
1.07610e+04 7.18702e-03
1.07620e+04 7.15120e-03
1.07630e+04 7.11529e-03
1.07640e+04 7.07956e-03
1.07650e+04 7.04367e-03
1.07660e+04 7.00790e-03
1.07670e+04 6.97208e-03
1.07680e+04 6.93622e-03
1.07690e+04 6.90043e-03
1.07700e+04 6.86465e-03
1.07710e+04 6.82917e-03
1.07720e+04 6.79381e-03
1.07730e+04 6.75834e-03
1.07740e+04 6.72300e-03
1.07750e+04 6.68749e-03
1.07760e+04 6.65204e-03
1.07770e+04 6.61666e-03
1.07780e+04 6.58123e-03
1.07790e+04 6.54581e-03
1.07800e+04 6.51044e-03
1.07810e+04 6.47532e-03
1.07820e+04 6.44031e-03
1.07830e+04 6.40524e-03
1.07840e+04 6.37030e-03
1.07850e+04 6.33523e-03
1.07860e+04 6.30024e-03
1.07870e+04 6.26524e-03
1.07880e+04 6.23019e-03
1.07890e+04 6.19509e-03
1.07900e+04 6.16010e-03
1.07910e+04 6.12498e-03
1.07920e+04 6.08981e-03
1.07930e+04 6.05471e-03
1.07940e+04 6.01960e-03
1.07950e+04 5.98456e-03
1.07960e+04 5.94940e-03
1.07970e+04 5.91420e-03
1.07980e+04 5.87911e-03
1.07990e+04 5.84402e-03
1.08000e+04 5.80889e-03
1.08010e+04 5.73303e-03
1.08020e+04 5.65763e-03
1.08030e+04 5.58273e-03
1.08040e+04 5.50830e-03
1.08050e+04 5.43436e-03
1.08060e+04 5.36081e-03
1.08070e+04 5.28783e-03
1.08080e+04 5.21532e-03
1.08090e+04 5.14323e-03
1.08100e+04 5.07158e-03
1.08110e+04 5.00012e-03
1.08120e+04 4.92925e-03
1.08130e+04 4.85868e-03
1.08140e+04 4.78872e-03
1.08150e+04 4.71921e-03
1.08160e+04 4.65013e-03
1.08170e+04 4.58163e-03
1.08180e+04 4.51357e-03
1.08190e+04 4.44594e-03
1.08200e+04 4.37888e-03
1.08210e+04 4.31216e-03
1.08220e+04 4.24593e-03
1.08230e+04 4.18021e-03
1.08240e+04 4.11496e-03
1.08250e+04 4.05019e-03
1.08260e+04 3.98592e-03
1.08270e+04 3.92211e-03
1.08280e+04 3.85880e-03
1.08290e+04 3.79596e-03
1.08300e+04 3.73361e-03
1.08310e+04 3.67191e-03
1.08320e+04 3.61068e-03
1.08330e+04 3.54992e-03
1.08340e+04 3.48964e-03
1.08350e+04 3.42984e-03
1.08360e+04 3.37051e-03
1.08370e+04 3.31167e-03
1.08380e+04 3.25329e-03
1.08390e+04 3.19539e-03
1.08400e+04 3.13796e-03
1.08410e+04 3.08122e-03
1.08420e+04 3.02496e-03
1.08430e+04 2.96916e-03
1.08440e+04 2.91383e-03
1.08450e+04 2.85896e-03
1.08460e+04 2.80456e-03
1.08470e+04 2.75063e-03
1.08480e+04 2.69717e-03
1.08490e+04 2.64416e-03
1.08500e+04 2.59164e-03
1.08510e+04 2.53928e-03
1.08520e+04 2.48741e-03
1.08530e+04 2.43602e-03
1.08540e+04 2.38509e-03
1.08550e+04 2.33465e-03
1.08560e+04 2.28469e-03
1.08570e+04 2.23522e-03
1.08580e+04 2.18621e-03
1.08590e+04 2.13768e-03
1.08600e+04 2.08963e-03
1.08610e+04 2.04215e-03
1.08620e+04 1.99515e-03
1.08630e+04 1.94863e-03
1.08640e+04 1.90257e-03
1.08650e+04 1.85698e-03
1.08660e+04 1.81188e-03
1.08670e+04 1.76724e-03
1.08680e+04 1.72307e-03
1.08690e+04 1.67937e-03
1.08700e+04 1.63614e-03
1.08710e+04 1.59342e-03
1.08720e+04 1.55119e-03
1.08730e+04 1.50940e-03
1.08740e+04 1.46810e-03
1.08750e+04 1.42726e-03
1.08760e+04 1.38689e-03
1.08770e+04 1.34699e-03
1.08780e+04 1.30756e-03
1.08790e+04 1.26861e-03
1.08800e+04 1.23011e-03
1.08810e+04 1.19205e-03
1.08820e+04 1.15444e-03
1.08830e+04 1.11732e-03
1.08840e+04 1.08067e-03
1.08850e+04 1.04449e-03
1.08860e+04 1.00878e-03
1.08870e+04 9.73539e-04
1.08880e+04 9.38772e-04
1.08890e+04 9.04471e-04
1.08900e+04 8.70649e-04
1.08910e+04 8.37258e-04
1.08920e+04 8.04342e-04
1.08930e+04 7.71901e-04
1.08940e+04 7.39930e-04
1.08950e+04 7.08426e-04
1.08960e+04 6.77404e-04
1.08970e+04 6.46849e-04
1.08980e+04 6.16769e-04
1.08990e+04 5.87162e-04
1.09000e+04 5.58029e-04
1.09010e+04 5.29402e-04
1.09020e+04 5.01242e-04
1.09030e+04 4.73552e-04
1.09040e+04 4.46329e-04
1.09050e+04 4.19574e-04
1.09060e+04 3.93285e-04
1.09070e+04 3.67466e-04
1.09080e+04 3.42113e-04
1.09090e+04 3.17228e-04
1.09100e+04 2.92810e-04
1.09110e+04 2.68835e-04
1.09120e+04 2.45330e-04
1.09130e+04 2.22299e-04
1.09140e+04 1.99736e-04
1.09150e+04 1.77647e-04
1.09160e+04 1.56027e-04
1.09170e+04 1.34879e-04
1.09180e+04 1.14201e-04
1.09190e+04 9.39938e-05
1.09200e+04 7.42558e-05
1.09210e+04 5.49943e-05
