# Filter name : HST/ACS_WFC.F892N
# Description : F892N filter for HST ACS_WFC
# Photometric system : ACS-WFC
# FilterType : photon
# Band name : ------
# Observatory : HST
# Instrument : ACS
# Comments : Response calculated using the stsynphot python package by STScI. In particular, function stsynphot.band("acs,wfc1,f892n"). Please, take a look to stsynphot documentation and HST instrument documentation
# 
8.68900e+03 4.42568e-05
8.69000e+03 4.51904e-05
8.69100e+03 4.61331e-05
8.69200e+03 4.70746e-05
8.69300e+03 4.80155e-05
8.69400e+03 4.89554e-05
8.69500e+03 4.98946e-05
8.69600e+03 5.08329e-05
8.69700e+03 5.17698e-05
8.69800e+03 5.27064e-05
8.69900e+03 5.36419e-05
8.70000e+03 5.45768e-05
8.70100e+03 5.54916e-05
8.70200e+03 5.64050e-05
8.70300e+03 5.73169e-05
8.70400e+03 5.82272e-05
8.70500e+03 5.91361e-05
8.70600e+03 6.00434e-05
8.70700e+03 6.09494e-05
8.70800e+03 6.18536e-05
8.70900e+03 6.27564e-05
8.71000e+03 6.36577e-05
8.71100e+03 7.02533e-05
8.71200e+03 7.68404e-05
8.71300e+03 8.34187e-05
8.71400e+03 8.99892e-05
8.71500e+03 9.65512e-05
8.71600e+03 1.03104e-04
8.71700e+03 1.09649e-04
8.71800e+03 1.16186e-04
8.71900e+03 1.22714e-04
8.72000e+03 1.29233e-04
8.72100e+03 1.35739e-04
8.72200e+03 1.42237e-04
8.72300e+03 1.48726e-04
8.72400e+03 1.55205e-04
8.72500e+03 1.61676e-04
8.72600e+03 1.68138e-04
8.72700e+03 1.74590e-04
8.72800e+03 1.81035e-04
8.72900e+03 1.87470e-04
8.73000e+03 1.93896e-04
8.73100e+03 2.00306e-04
8.73200e+03 2.06709e-04
8.73300e+03 2.13101e-04
8.73400e+03 2.19484e-04
8.73500e+03 2.25858e-04
8.73600e+03 2.32222e-04
8.73700e+03 2.38577e-04
8.73800e+03 2.44924e-04
8.73900e+03 2.51260e-04
8.74000e+03 2.57588e-04
8.74100e+03 2.63931e-04
8.74200e+03 2.70265e-04
8.74300e+03 2.76593e-04
8.74400e+03 2.82912e-04
8.74500e+03 2.89223e-04
8.74600e+03 2.95526e-04
8.74700e+03 3.01820e-04
8.74800e+03 3.08106e-04
8.74900e+03 3.14384e-04
8.75000e+03 3.20656e-04
8.75100e+03 3.47638e-04
8.75200e+03 3.74577e-04
8.75300e+03 4.01472e-04
8.75400e+03 4.28325e-04
8.75500e+03 4.55137e-04
8.75600e+03 4.81903e-04
8.75700e+03 5.08629e-04
8.75800e+03 5.35310e-04
8.75900e+03 5.61949e-04
8.76000e+03 5.88545e-04
8.76100e+03 6.15214e-04
8.76200e+03 6.41847e-04
8.76300e+03 6.68451e-04
8.76400e+03 6.95018e-04
8.76500e+03 7.21551e-04
8.76600e+03 7.48053e-04
8.76700e+03 7.74525e-04
8.76800e+03 8.00963e-04
8.76900e+03 8.27363e-04
8.77000e+03 8.53736e-04
8.77100e+03 8.79982e-04
8.77200e+03 9.06184e-04
8.77300e+03 9.32350e-04
8.77400e+03 9.58479e-04
8.77500e+03 9.84567e-04
8.77600e+03 1.04892e-03
8.77700e+03 1.11318e-03
8.77800e+03 1.17735e-03
8.77900e+03 1.24143e-03
8.78000e+03 1.30541e-03
8.78100e+03 1.39183e-03
8.78200e+03 1.47813e-03
8.78300e+03 1.56431e-03
8.78400e+03 1.65037e-03
8.78500e+03 1.73631e-03
8.78600e+03 1.85913e-03
8.78700e+03 1.98178e-03
8.78800e+03 2.10426e-03
8.78900e+03 2.22656e-03
8.79000e+03 2.34870e-03
8.79100e+03 2.51490e-03
8.79200e+03 2.68091e-03
8.79300e+03 2.84668e-03
8.79400e+03 3.01225e-03
8.79500e+03 3.17761e-03
8.79600e+03 3.44730e-03
8.79700e+03 3.71663e-03
8.79800e+03 3.98561e-03
8.79900e+03 4.25425e-03
8.80000e+03 4.52254e-03
8.80100e+03 4.87646e-03
8.80200e+03 5.22991e-03
8.80300e+03 5.58284e-03
8.80400e+03 5.93532e-03
8.80500e+03 6.28726e-03
8.80600e+03 6.90920e-03
8.80700e+03 7.53027e-03
8.80800e+03 8.15047e-03
8.80900e+03 8.76980e-03
8.81000e+03 9.38832e-03
8.81100e+03 1.01900e-02
8.81200e+03 1.09905e-02
8.81300e+03 1.17898e-02
8.81400e+03 1.25879e-02
8.81500e+03 1.33849e-02
8.81600e+03 1.47667e-02
8.81700e+03 1.61465e-02
8.81800e+03 1.75243e-02
8.81900e+03 1.89000e-02
8.82000e+03 2.02737e-02
8.82100e+03 2.22419e-02
8.82200e+03 2.42073e-02
8.82300e+03 2.61697e-02
8.82400e+03 2.81294e-02
8.82500e+03 3.00864e-02
8.82600e+03 3.64614e-02
8.82700e+03 4.28273e-02
8.82800e+03 4.91840e-02
8.82900e+03 5.55317e-02
8.83000e+03 6.18700e-02
8.83100e+03 6.72071e-02
8.83200e+03 7.25367e-02
8.83300e+03 7.78589e-02
8.83400e+03 8.31741e-02
8.83500e+03 8.84815e-02
8.83600e+03 9.44862e-02
8.83700e+03 1.00483e-01
8.83800e+03 1.06470e-01
8.83900e+03 1.12450e-01
8.84000e+03 1.18421e-01
8.84100e+03 1.27813e-01
8.84200e+03 1.37190e-01
8.84300e+03 1.46553e-01
8.84400e+03 1.55902e-01
8.84500e+03 1.65236e-01
8.84600e+03 1.70151e-01
8.84700e+03 1.75059e-01
8.84800e+03 1.79960e-01
8.84900e+03 1.84853e-01
8.85000e+03 1.89739e-01
8.85100e+03 1.93755e-01
8.85200e+03 1.97765e-01
8.85300e+03 2.01768e-01
8.85400e+03 2.05765e-01
8.85500e+03 2.09755e-01
8.85600e+03 2.07640e-01
8.85700e+03 2.05528e-01
8.85800e+03 2.03418e-01
8.85900e+03 2.01312e-01
8.86000e+03 1.99208e-01
8.86100e+03 1.99209e-01
8.86200e+03 1.99210e-01
8.86300e+03 1.99210e-01
8.86400e+03 1.99210e-01
8.86500e+03 1.99210e-01
8.86600e+03 1.98825e-01
8.86700e+03 1.98438e-01
8.86800e+03 1.98051e-01
8.86900e+03 1.97666e-01
8.87000e+03 1.97279e-01
8.87100e+03 1.94948e-01
8.87200e+03 1.92619e-01
8.87300e+03 1.90294e-01
8.87400e+03 1.87971e-01
8.87500e+03 1.85652e-01
8.87600e+03 1.85349e-01
8.87700e+03 1.85046e-01
8.87800e+03 1.84744e-01
8.87900e+03 1.84441e-01
8.88000e+03 1.84140e-01
8.88100e+03 1.86705e-01
8.88200e+03 1.89266e-01
8.88300e+03 1.91823e-01
8.88400e+03 1.94376e-01
8.88500e+03 1.96923e-01
8.88600e+03 1.96267e-01
8.88700e+03 1.95612e-01
8.88800e+03 1.94958e-01
8.88900e+03 1.94305e-01
8.89000e+03 1.93652e-01
8.89100e+03 1.97194e-01
8.89200e+03 2.00732e-01
8.89300e+03 2.04264e-01
8.89400e+03 2.07791e-01
8.89500e+03 2.11312e-01
8.89600e+03 2.10579e-01
8.89700e+03 2.09847e-01
8.89800e+03 2.09116e-01
8.89900e+03 2.08385e-01
8.90000e+03 2.07655e-01
8.90100e+03 2.08180e-01
8.90200e+03 2.08705e-01
8.90300e+03 2.09228e-01
8.90400e+03 2.09749e-01
8.90500e+03 2.10269e-01
8.90600e+03 2.10128e-01
8.90700e+03 2.09987e-01
8.90800e+03 2.09845e-01
8.90900e+03 2.09703e-01
8.91000e+03 2.09561e-01
8.91100e+03 2.11365e-01
8.91200e+03 2.13167e-01
8.91300e+03 2.14966e-01
8.91400e+03 2.16761e-01
8.91500e+03 2.18553e-01
8.91600e+03 2.15488e-01
8.91700e+03 2.12428e-01
8.91800e+03 2.09372e-01
8.91900e+03 2.06321e-01
8.92000e+03 2.03274e-01
8.92100e+03 2.05359e-01
8.92200e+03 2.07440e-01
8.92300e+03 2.09520e-01
8.92400e+03 2.11595e-01
8.92500e+03 2.13666e-01
8.92600e+03 2.11647e-01
8.92700e+03 2.09630e-01
8.92800e+03 2.07616e-01
8.92900e+03 2.05605e-01
8.93000e+03 2.03597e-01
8.93100e+03 2.03373e-01
8.93200e+03 2.03149e-01
8.93300e+03 2.02925e-01
8.93400e+03 2.02702e-01
8.93500e+03 2.02479e-01
8.93600e+03 2.03119e-01
8.93700e+03 2.03759e-01
8.93800e+03 2.04397e-01
8.93900e+03 2.05034e-01
8.94000e+03 2.05670e-01
8.94100e+03 2.04212e-01
8.94200e+03 2.02756e-01
8.94300e+03 2.01301e-01
8.94400e+03 1.99849e-01
8.94500e+03 1.98399e-01
8.94600e+03 1.98601e-01
8.94700e+03 1.98801e-01
8.94800e+03 1.99002e-01
8.94900e+03 1.99203e-01
8.95000e+03 1.99402e-01
8.95100e+03 1.99746e-01
8.95200e+03 2.00091e-01
8.95300e+03 2.00434e-01
8.95400e+03 2.00777e-01
8.95500e+03 2.01118e-01
8.95600e+03 1.99597e-01
8.95700e+03 1.98076e-01
8.95800e+03 1.96559e-01
8.95900e+03 1.95042e-01
8.96000e+03 1.93528e-01
8.96100e+03 1.93722e-01
8.96200e+03 1.93916e-01
8.96300e+03 1.94109e-01
8.96400e+03 1.94301e-01
8.96500e+03 1.94493e-01
8.96600e+03 1.95374e-01
8.96700e+03 1.96253e-01
8.96800e+03 1.97131e-01
8.96900e+03 1.98007e-01
8.97000e+03 1.98881e-01
8.97100e+03 1.99168e-01
8.97200e+03 1.99454e-01
8.97300e+03 1.99740e-01
8.97400e+03 2.00025e-01
8.97500e+03 2.00309e-01
8.97600e+03 1.99829e-01
8.97700e+03 1.99347e-01
8.97800e+03 1.98867e-01
8.97900e+03 1.98388e-01
8.98000e+03 1.97909e-01
8.98100e+03 1.92530e-01
8.98200e+03 1.87161e-01
8.98300e+03 1.81799e-01
8.98400e+03 1.76446e-01
8.98500e+03 1.71101e-01
8.98600e+03 1.63079e-01
8.98700e+03 1.55069e-01
8.98800e+03 1.47072e-01
8.98900e+03 1.39088e-01
8.99000e+03 1.31115e-01
8.99100e+03 1.22814e-01
8.99200e+03 1.14524e-01
8.99300e+03 1.06245e-01
8.99400e+03 9.79785e-02
8.99500e+03 8.97232e-02
8.99600e+03 8.27503e-02
8.99700e+03 7.57872e-02
8.99800e+03 6.88342e-02
8.99900e+03 6.18907e-02
9.00000e+03 5.49568e-02
9.00100e+03 5.02701e-02
9.00200e+03 4.55919e-02
9.00300e+03 4.09218e-02
9.00400e+03 3.62599e-02
9.00500e+03 3.16064e-02
9.00600e+03 2.91851e-02
9.00700e+03 2.67683e-02
9.00800e+03 2.43557e-02
9.00900e+03 2.19474e-02
9.01000e+03 1.95435e-02
9.01100e+03 1.78659e-02
9.01200e+03 1.61907e-02
9.01300e+03 1.45181e-02
9.01400e+03 1.28478e-02
9.01500e+03 1.11800e-02
9.01600e+03 1.04260e-02
9.01700e+03 9.67314e-03
9.01800e+03 8.92130e-03
9.01900e+03 8.17057e-03
9.02000e+03 7.42098e-03
9.02100e+03 6.86109e-03
9.02200e+03 6.30213e-03
9.02300e+03 5.74405e-03
9.02400e+03 5.18680e-03
9.02500e+03 4.63044e-03
9.02600e+03 4.35786e-03
9.02700e+03 4.08569e-03
9.02800e+03 3.81394e-03
9.02900e+03 3.54263e-03
9.03000e+03 3.27173e-03
9.03100e+03 3.06722e-03
9.03200e+03 2.86304e-03
9.03300e+03 2.65918e-03
9.03400e+03 2.45563e-03
9.03500e+03 2.25242e-03
9.03600e+03 2.13730e-03
9.03700e+03 2.02237e-03
9.03800e+03 1.90762e-03
9.03900e+03 1.79306e-03
9.04000e+03 1.67867e-03
9.04100e+03 1.59296e-03
9.04200e+03 1.50738e-03
9.04300e+03 1.42193e-03
9.04400e+03 1.33661e-03
9.04500e+03 1.25142e-03
9.04600e+03 1.21964e-03
9.04700e+03 1.18792e-03
9.04800e+03 1.15624e-03
9.04900e+03 1.12460e-03
9.05000e+03 1.09302e-03
9.05100e+03 1.06146e-03
9.05200e+03 1.02994e-03
9.05300e+03 9.98478e-04
9.05400e+03 9.67066e-04
9.05500e+03 9.35704e-04
9.05600e+03 9.04388e-04
9.05700e+03 8.73126e-04
9.05800e+03 8.41912e-04
9.05900e+03 8.10747e-04
9.06000e+03 7.79630e-04
9.06100e+03 7.48505e-04
9.06200e+03 7.17439e-04
9.06300e+03 6.86424e-04
9.06400e+03 6.55464e-04
9.06500e+03 6.24562e-04
9.06600e+03 5.93713e-04
9.06700e+03 5.62915e-04
9.06800e+03 5.32169e-04
9.06900e+03 5.01481e-04
9.07000e+03 4.70848e-04
9.07100e+03 4.62169e-04
9.07200e+03 4.53508e-04
9.07300e+03 4.44856e-04
9.07400e+03 4.36217e-04
9.07500e+03 4.27590e-04
9.07600e+03 4.18974e-04
9.07700e+03 4.10374e-04
9.07800e+03 4.01783e-04
9.07900e+03 3.93206e-04
9.08000e+03 3.84642e-04
9.08100e+03 3.76050e-04
9.08200e+03 3.67474e-04
9.08300e+03 3.58911e-04
9.08400e+03 3.50361e-04
9.08500e+03 3.41825e-04
9.08600e+03 3.33305e-04
9.08700e+03 3.24799e-04
9.08800e+03 3.16308e-04
9.08900e+03 3.07830e-04
9.09000e+03 2.99367e-04
9.09100e+03 2.90929e-04
9.09200e+03 2.82504e-04
9.09300e+03 2.74093e-04
9.09400e+03 2.65696e-04
9.09500e+03 2.57311e-04
9.09600e+03 2.48941e-04
9.09700e+03 2.40586e-04
9.09800e+03 2.32243e-04
9.09900e+03 2.23914e-04
9.10000e+03 2.15599e-04
9.10100e+03 2.07319e-04
9.10200e+03 1.99050e-04
9.10300e+03 1.90793e-04
9.10400e+03 1.82549e-04
9.10500e+03 1.74315e-04
9.10600e+03 1.66095e-04
9.10700e+03 1.57887e-04
9.10800e+03 1.49691e-04
9.10900e+03 1.41507e-04
9.11000e+03 1.33335e-04
9.11100e+03 1.30751e-04
9.11200e+03 1.28172e-04
9.11300e+03 1.25597e-04
9.11400e+03 1.23026e-04
9.11500e+03 1.20459e-04
9.11600e+03 1.17896e-04
9.11700e+03 1.15338e-04
9.11800e+03 1.12783e-04
9.11900e+03 1.10233e-04
9.12000e+03 1.07687e-04
9.12100e+03 1.05145e-04
9.12200e+03 1.02607e-04
9.12300e+03 1.00073e-04
9.12400e+03 9.75437e-05
9.12500e+03 9.50185e-05
9.12600e+03 9.24973e-05
9.12700e+03 8.99804e-05
9.12800e+03 8.74669e-05
9.12900e+03 8.49586e-05
9.13000e+03 8.24540e-05
9.13100e+03 7.99469e-05
9.13200e+03 7.74443e-05
9.13300e+03 7.49461e-05
9.13400e+03 7.24530e-05
9.13500e+03 6.99638e-05
9.13600e+03 6.74796e-05
9.13700e+03 6.50003e-05
9.13800e+03 6.25251e-05
9.13900e+03 6.00547e-05
9.14000e+03 5.75891e-05
9.14100e+03 5.51336e-05
9.14200e+03 5.26824e-05
9.14300e+03 5.02351e-05
9.14400e+03 4.77920e-05
9.14500e+03 4.53530e-05
