# Filter name : HST/ACS_WFC.FR505N
# Description : FR505N ramp filter for HST ACS_WFC at central wavelength
# Photometric system : ACS-WFC
# FilterType : photon
# Band name : ------
# Observatory : HST
# Instrument : ACS
# Comments : Response calculated using the stsynphot python package by STScI. In particular, function stsynphot.band("acs,wfc1,fr505n#5050"). Please, take a look to stsynphot documentation and HST instrument documentation
# 
4.73400e+03 5.89425e-05
4.73500e+03 6.00617e-05
4.73600e+03 6.11809e-05
4.73700e+03 6.23566e-05
4.73800e+03 6.35322e-05
4.73900e+03 6.47076e-05
4.74000e+03 6.58829e-05
4.74100e+03 6.70538e-05
4.74200e+03 6.82775e-05
4.74300e+03 6.95009e-05
4.74400e+03 7.07243e-05
4.74500e+03 7.19470e-05
4.74600e+03 7.31697e-05
4.74700e+03 7.44414e-05
4.74800e+03 7.57126e-05
4.74900e+03 7.69836e-05
4.75000e+03 7.82544e-05
4.75100e+03 7.95368e-05
4.75200e+03 8.08640e-05
4.75300e+03 8.21914e-05
4.75400e+03 8.35188e-05
4.75500e+03 8.48463e-05
4.75600e+03 8.61741e-05
4.75700e+03 8.75419e-05
4.75800e+03 8.89095e-05
4.75900e+03 9.02774e-05
4.76000e+03 9.16453e-05
4.76100e+03 9.30053e-05
4.76200e+03 9.43998e-05
4.76300e+03 9.57943e-05
4.76400e+03 9.71884e-05
4.76500e+03 9.85823e-05
4.76600e+03 9.99764e-05
4.76700e+03 1.01399e-04
4.76800e+03 1.02822e-04
4.76900e+03 1.04245e-04
4.77000e+03 1.05667e-04
4.77100e+03 1.07098e-04
4.77200e+03 1.08553e-04
4.77300e+03 1.10007e-04
4.77400e+03 1.11462e-04
4.77500e+03 1.12917e-04
4.77600e+03 1.14372e-04
4.77700e+03 1.15844e-04
4.77800e+03 1.17317e-04
4.77900e+03 1.18790e-04
4.78000e+03 1.20263e-04
4.78100e+03 1.21726e-04
4.78200e+03 1.23200e-04
4.78300e+03 1.24675e-04
4.78400e+03 1.26149e-04
4.78500e+03 1.27622e-04
4.78600e+03 1.29096e-04
4.78700e+03 1.30576e-04
4.78800e+03 1.32056e-04
4.78900e+03 1.33536e-04
4.79000e+03 1.35016e-04
4.79100e+03 1.36499e-04
4.79200e+03 1.37983e-04
4.79300e+03 1.39467e-04
4.79400e+03 1.40951e-04
4.79500e+03 1.42435e-04
4.79600e+03 1.43918e-04
4.79700e+03 1.45398e-04
4.79800e+03 1.46877e-04
4.79900e+03 1.48357e-04
4.80000e+03 1.49836e-04
4.80100e+03 1.51323e-04
4.80200e+03 1.52800e-04
4.80300e+03 1.54278e-04
4.80400e+03 1.55756e-04
4.80500e+03 1.57234e-04
4.80600e+03 1.58712e-04
4.80700e+03 1.60177e-04
4.80800e+03 1.61643e-04
4.80900e+03 1.63108e-04
4.81000e+03 1.64574e-04
4.81100e+03 1.66041e-04
4.81200e+03 1.67492e-04
4.81300e+03 1.68943e-04
4.81400e+03 1.70395e-04
4.81500e+03 1.71847e-04
4.81600e+03 1.73298e-04
4.81700e+03 1.74731e-04
4.81800e+03 1.76165e-04
4.81900e+03 1.77598e-04
4.82000e+03 1.79031e-04
4.82100e+03 1.80470e-04
4.82200e+03 1.81889e-04
4.82300e+03 1.83309e-04
4.82400e+03 1.84728e-04
4.82500e+03 1.86147e-04
4.82600e+03 1.87567e-04
4.82700e+03 1.88967e-04
4.82800e+03 1.90367e-04
4.82900e+03 1.91767e-04
4.83000e+03 1.93167e-04
4.83100e+03 1.94573e-04
4.83200e+03 1.95959e-04
4.83300e+03 1.97347e-04
4.83400e+03 1.98733e-04
4.83500e+03 2.00121e-04
4.83600e+03 2.01508e-04
4.83700e+03 2.02880e-04
4.83800e+03 2.04252e-04
4.83900e+03 2.05625e-04
4.84000e+03 2.06999e-04
4.84100e+03 2.08346e-04
4.84200e+03 2.09683e-04
4.84300e+03 2.11020e-04
4.84400e+03 2.12357e-04
4.84500e+03 2.13694e-04
4.84600e+03 2.15030e-04
4.84700e+03 2.16366e-04
4.84800e+03 2.17700e-04
4.84900e+03 2.19036e-04
4.85000e+03 2.20371e-04
4.85100e+03 2.21703e-04
4.85200e+03 2.23046e-04
4.85300e+03 2.24389e-04
4.85400e+03 2.25731e-04
4.85500e+03 2.27073e-04
4.85600e+03 2.28416e-04
4.85700e+03 2.29786e-04
4.85800e+03 2.31156e-04
4.85900e+03 2.32527e-04
4.86000e+03 2.33896e-04
4.86100e+03 2.35308e-04
4.86200e+03 2.36773e-04
4.86300e+03 2.38237e-04
4.86400e+03 2.39702e-04
4.86500e+03 2.41168e-04
4.86600e+03 2.42633e-04
4.86700e+03 2.44184e-04
4.86800e+03 2.45735e-04
4.86900e+03 2.47286e-04
4.87000e+03 2.48837e-04
4.87100e+03 2.50352e-04
4.87200e+03 2.51994e-04
4.87300e+03 2.53637e-04
4.87400e+03 2.55280e-04
4.87500e+03 2.56922e-04
4.87600e+03 2.58565e-04
4.87700e+03 2.60396e-04
4.87800e+03 2.62228e-04
4.87900e+03 2.64059e-04
4.88000e+03 2.65891e-04
4.88100e+03 2.67733e-04
4.88200e+03 2.69847e-04
4.88300e+03 2.71962e-04
4.88400e+03 2.74077e-04
4.88500e+03 2.76191e-04
4.88600e+03 2.78306e-04
4.88700e+03 2.80809e-04
4.88800e+03 2.83312e-04
4.88900e+03 2.85815e-04
4.89000e+03 2.88319e-04
4.89100e+03 2.90852e-04
4.89200e+03 2.93936e-04
4.89300e+03 2.97022e-04
4.89400e+03 3.00107e-04
4.89500e+03 3.03194e-04
4.89600e+03 3.06281e-04
4.89700e+03 3.10146e-04
4.89800e+03 3.14014e-04
4.89900e+03 3.17882e-04
4.90000e+03 3.21750e-04
4.90100e+03 3.25582e-04
4.90200e+03 3.30517e-04
4.90300e+03 3.35452e-04
4.90400e+03 3.40387e-04
4.90500e+03 3.45323e-04
4.90600e+03 3.50258e-04
4.90700e+03 3.56769e-04
4.90800e+03 3.63280e-04
4.90900e+03 3.69793e-04
4.91000e+03 3.76304e-04
4.91100e+03 3.82850e-04
4.91200e+03 3.91664e-04
4.91300e+03 4.00482e-04
4.91400e+03 4.09299e-04
4.91500e+03 4.18118e-04
4.91600e+03 4.26939e-04
4.91700e+03 4.39058e-04
4.91800e+03 4.51177e-04
4.91900e+03 4.63299e-04
4.92000e+03 4.75424e-04
4.92100e+03 4.87521e-04
4.92200e+03 5.04462e-04
4.92300e+03 5.21404e-04
4.92400e+03 5.38347e-04
4.92500e+03 5.55293e-04
4.92600e+03 5.72238e-04
4.92700e+03 5.96399e-04
4.92800e+03 6.20563e-04
4.92900e+03 6.44729e-04
4.93000e+03 6.68895e-04
4.93100e+03 6.93116e-04
4.93200e+03 7.28254e-04
4.93300e+03 7.63400e-04
4.93400e+03 7.98552e-04
4.93500e+03 8.33712e-04
4.93600e+03 8.68879e-04
4.93700e+03 9.20831e-04
4.93800e+03 9.72795e-04
4.93900e+03 1.02477e-03
4.94000e+03 1.07675e-03
4.94100e+03 1.12880e-03
4.94200e+03 1.20713e-03
4.94300e+03 1.28548e-03
4.94400e+03 1.36385e-03
4.94500e+03 1.44224e-03
4.94600e+03 1.52067e-03
4.94700e+03 1.64102e-03
4.94800e+03 1.76141e-03
4.94900e+03 1.88184e-03
4.95000e+03 2.00230e-03
4.95100e+03 2.12238e-03
4.95200e+03 2.31068e-03
4.95300e+03 2.49895e-03
4.95400e+03 2.68721e-03
4.95500e+03 2.87545e-03
4.95600e+03 3.06367e-03
4.95700e+03 3.36523e-03
4.95800e+03 3.66675e-03
4.95900e+03 3.96825e-03
4.96000e+03 4.26972e-03
4.96100e+03 4.57200e-03
4.96200e+03 5.06662e-03
4.96300e+03 5.56139e-03
4.96400e+03 6.05627e-03
4.96500e+03 6.55130e-03
4.96600e+03 7.04646e-03
4.96700e+03 7.87391e-03
4.96800e+03 8.70159e-03
4.96900e+03 9.52949e-03
4.97000e+03 1.03576e-02
4.97100e+03 1.11857e-02
4.97200e+03 1.25938e-02
4.97300e+03 1.40022e-02
4.97400e+03 1.54110e-02
4.97500e+03 1.68200e-02
4.97600e+03 1.82293e-02
4.97700e+03 2.06455e-02
4.97800e+03 2.30621e-02
4.97900e+03 2.54792e-02
4.98000e+03 2.78968e-02
4.98100e+03 3.03130e-02
4.98200e+03 3.44059e-02
4.98300e+03 3.84991e-02
4.98400e+03 4.25927e-02
4.98500e+03 4.66866e-02
4.98600e+03 5.07807e-02
4.98700e+03 5.73681e-02
4.98800e+03 6.39561e-02
4.98900e+03 7.05446e-02
4.99000e+03 7.71335e-02
4.99100e+03 8.37324e-02
4.99200e+03 9.31713e-02
4.99300e+03 1.02613e-01
4.99400e+03 1.12058e-01
4.99500e+03 1.21505e-01
4.99600e+03 1.30956e-01
4.99700e+03 1.41977e-01
4.99800e+03 1.53002e-01
4.99900e+03 1.64029e-01
5.00000e+03 1.75061e-01
5.00100e+03 1.86080e-01
5.00200e+03 1.95794e-01
5.00300e+03 2.05509e-01
5.00400e+03 2.15226e-01
5.00500e+03 2.24943e-01
5.00600e+03 2.34663e-01
5.00700e+03 2.40988e-01
5.00800e+03 2.47315e-01
5.00900e+03 2.53643e-01
5.01000e+03 2.59971e-01
5.01100e+03 2.66313e-01
5.01200e+03 2.69463e-01
5.01300e+03 2.72613e-01
5.01400e+03 2.75765e-01
5.01500e+03 2.78917e-01
5.01600e+03 2.82071e-01
5.01700e+03 2.83324e-01
5.01800e+03 2.84578e-01
5.01900e+03 2.85833e-01
5.02000e+03 2.87087e-01
5.02100e+03 2.88333e-01
5.02200e+03 2.88741e-01
5.02300e+03 2.89150e-01
5.02400e+03 2.89558e-01
5.02500e+03 2.89967e-01
5.02600e+03 2.90375e-01
5.02700e+03 2.90493e-01
5.02800e+03 2.90611e-01
5.02900e+03 2.90729e-01
5.03000e+03 2.90847e-01
5.03100e+03 2.90972e-01
5.03200e+03 2.91020e-01
5.03300e+03 2.91068e-01
5.03400e+03 2.91116e-01
5.03500e+03 2.91164e-01
5.03600e+03 2.91211e-01
5.03700e+03 2.91245e-01
5.03800e+03 2.91279e-01
5.03900e+03 2.91312e-01
5.04000e+03 2.91345e-01
5.04100e+03 2.91390e-01
5.04200e+03 2.91433e-01
5.04300e+03 2.91476e-01
5.04400e+03 2.91519e-01
5.04500e+03 2.91562e-01
5.04600e+03 2.91605e-01
5.04700e+03 2.91648e-01
5.04800e+03 2.91691e-01
5.04900e+03 2.91733e-01
5.05000e+03 2.91776e-01
5.05100e+03 2.91806e-01
5.05200e+03 2.91836e-01
5.05300e+03 2.91867e-01
5.05400e+03 2.91897e-01
5.05500e+03 2.91927e-01
5.05600e+03 2.91957e-01
5.05700e+03 2.91987e-01
5.05800e+03 2.92016e-01
5.05900e+03 2.92046e-01
5.06000e+03 2.92076e-01
5.06100e+03 2.92115e-01
5.06200e+03 2.92149e-01
5.06300e+03 2.92184e-01
5.06400e+03 2.92219e-01
5.06500e+03 2.92253e-01
5.06600e+03 2.92287e-01
5.06700e+03 2.92292e-01
5.06800e+03 2.92297e-01
5.06900e+03 2.92302e-01
5.07000e+03 2.92307e-01
5.07100e+03 2.92293e-01
5.07200e+03 2.92143e-01
5.07300e+03 2.91993e-01
5.07400e+03 2.91843e-01
5.07500e+03 2.91694e-01
5.07600e+03 2.91543e-01
5.07700e+03 2.90935e-01
5.07800e+03 2.90327e-01
5.07900e+03 2.89718e-01
5.08000e+03 2.89109e-01
5.08100e+03 2.88504e-01
5.08200e+03 2.86692e-01
5.08300e+03 2.84879e-01
5.08400e+03 2.83067e-01
5.08500e+03 2.81254e-01
5.08600e+03 2.79441e-01
5.08700e+03 2.75166e-01
5.08800e+03 2.70891e-01
5.08900e+03 2.66616e-01
5.09000e+03 2.62339e-01
5.09100e+03 2.58079e-01
5.09200e+03 2.50274e-01
5.09300e+03 2.42466e-01
5.09400e+03 2.34656e-01
5.09500e+03 2.26843e-01
5.09600e+03 2.19028e-01
5.09700e+03 2.08364e-01
5.09800e+03 1.97697e-01
5.09900e+03 1.87026e-01
5.10000e+03 1.76352e-01
5.10100e+03 1.65691e-01
5.10200e+03 1.54949e-01
5.10300e+03 1.44203e-01
5.10400e+03 1.33451e-01
5.10500e+03 1.22695e-01
5.10600e+03 1.11933e-01
5.10700e+03 1.03525e-01
5.10800e+03 9.51127e-02
5.10900e+03 8.66965e-02
5.11000e+03 7.82763e-02
5.11100e+03 6.98436e-02
5.11200e+03 6.42736e-02
5.11300e+03 5.87024e-02
5.11400e+03 5.31300e-02
5.11500e+03 4.75563e-02
5.11600e+03 4.19812e-02
5.11700e+03 3.86080e-02
5.11800e+03 3.52341e-02
5.11900e+03 3.18593e-02
5.12000e+03 2.84838e-02
5.12100e+03 2.51094e-02
5.12200e+03 2.31347e-02
5.12300e+03 2.11593e-02
5.12400e+03 1.91831e-02
5.12500e+03 1.72062e-02
5.12600e+03 1.52285e-02
5.12700e+03 1.40741e-02
5.12800e+03 1.29193e-02
5.12900e+03 1.17640e-02
5.13000e+03 1.06083e-02
5.13100e+03 9.45181e-03
5.13200e+03 8.76808e-03
5.13300e+03 8.08417e-03
5.13400e+03 7.40004e-03
5.13500e+03 6.71571e-03
5.13600e+03 6.03118e-03
5.13700e+03 5.61864e-03
5.13800e+03 5.20599e-03
5.13900e+03 4.79322e-03
5.14000e+03 4.38032e-03
5.14100e+03 3.96720e-03
5.14200e+03 3.71280e-03
5.14300e+03 3.45835e-03
5.14400e+03 3.20382e-03
5.14500e+03 2.94922e-03
5.14600e+03 2.69458e-03
5.14700e+03 2.53430e-03
5.14800e+03 2.37399e-03
5.14900e+03 2.21363e-03
5.15000e+03 2.05324e-03
5.15100e+03 1.89284e-03
5.15200e+03 1.78974e-03
5.15300e+03 1.68662e-03
5.15400e+03 1.58346e-03
5.15500e+03 1.48028e-03
5.15600e+03 1.37706e-03
5.15700e+03 1.30938e-03
5.15800e+03 1.24167e-03
5.15900e+03 1.17395e-03
5.16000e+03 1.10620e-03
5.16100e+03 1.03845e-03
5.16200e+03 9.93165e-04
5.16300e+03 9.47865e-04
5.16400e+03 9.02552e-04
5.16500e+03 8.57225e-04
5.16600e+03 8.11885e-04
5.16700e+03 7.81019e-04
5.16800e+03 7.50145e-04
5.16900e+03 7.19260e-04
5.17000e+03 6.88366e-04
5.17100e+03 6.57499e-04
5.17200e+03 6.36119e-04
5.17300e+03 6.14728e-04
5.17400e+03 5.93330e-04
5.17500e+03 5.71923e-04
5.17600e+03 5.50507e-04
5.17700e+03 5.35412e-04
5.17800e+03 5.20309e-04
5.17900e+03 5.05200e-04
5.18000e+03 4.90085e-04
5.18100e+03 4.74937e-04
5.18200e+03 4.64061e-04
5.18300e+03 4.53182e-04
5.18400e+03 4.42300e-04
5.18500e+03 4.31414e-04
5.18600e+03 4.20525e-04
5.18700e+03 4.12559e-04
5.18800e+03 4.04592e-04
5.18900e+03 3.96621e-04
5.19000e+03 3.88649e-04
5.19100e+03 3.80649e-04
5.19200e+03 3.74671e-04
5.19300e+03 3.68692e-04
5.19400e+03 3.62712e-04
5.19500e+03 3.56732e-04
5.19600e+03 3.50752e-04
5.19700e+03 3.46182e-04
5.19800e+03 3.41613e-04
5.19900e+03 3.37043e-04
5.20000e+03 3.32472e-04
5.20100e+03 3.27955e-04
5.20200e+03 3.24428e-04
5.20300e+03 3.20900e-04
5.20400e+03 3.17371e-04
5.20500e+03 3.13839e-04
5.20600e+03 3.10306e-04
5.20700e+03 3.07473e-04
5.20800e+03 3.04640e-04
5.20900e+03 3.01804e-04
5.21000e+03 2.98968e-04
5.21100e+03 2.96127e-04
5.21200e+03 2.93782e-04
5.21300e+03 2.91436e-04
5.21400e+03 2.89088e-04
5.21500e+03 2.86740e-04
5.21600e+03 2.84391e-04
5.21700e+03 2.82391e-04
5.21800e+03 2.80391e-04
5.21900e+03 2.78390e-04
5.22000e+03 2.76388e-04
5.22100e+03 2.74341e-04
5.22200e+03 2.72540e-04
5.22300e+03 2.70738e-04
5.22400e+03 2.68937e-04
5.22500e+03 2.67135e-04
5.22600e+03 2.65333e-04
5.22700e+03 2.63701e-04
5.22800e+03 2.62068e-04
5.22900e+03 2.60435e-04
5.23000e+03 2.58802e-04
5.23100e+03 2.57190e-04
5.23200e+03 2.55692e-04
5.23300e+03 2.54193e-04
5.23400e+03 2.52694e-04
5.23500e+03 2.51195e-04
5.23600e+03 2.49695e-04
5.23700e+03 2.48268e-04
5.23800e+03 2.46841e-04
5.23900e+03 2.45413e-04
5.24000e+03 2.43985e-04
5.24100e+03 2.42574e-04
5.24200e+03 2.41206e-04
5.24300e+03 2.39837e-04
5.24400e+03 2.38468e-04
5.24500e+03 2.37098e-04
5.24600e+03 2.35728e-04
5.24700e+03 2.34378e-04
5.24800e+03 2.33029e-04
5.24900e+03 2.31679e-04
5.25000e+03 2.30327e-04
5.25100e+03 2.28961e-04
5.25200e+03 2.27600e-04
5.25300e+03 2.26240e-04
5.25400e+03 2.24878e-04
5.25500e+03 2.23517e-04
5.25600e+03 2.22154e-04
5.25700e+03 2.20786e-04
5.25800e+03 2.19418e-04
5.25900e+03 2.18050e-04
5.26000e+03 2.16680e-04
5.26100e+03 2.15311e-04
5.26200e+03 2.13929e-04
5.26300e+03 2.12546e-04
5.26400e+03 2.11163e-04
5.26500e+03 2.09780e-04
5.26600e+03 2.08396e-04
5.26700e+03 2.06993e-04
5.26800e+03 2.05590e-04
5.26900e+03 2.04187e-04
5.27000e+03 2.02783e-04
5.27100e+03 2.01391e-04
5.27200e+03 1.99977e-04
5.27300e+03 1.98563e-04
5.27400e+03 1.97147e-04
5.27500e+03 1.95732e-04
5.27600e+03 1.94315e-04
5.27700e+03 1.92877e-04
5.27800e+03 1.91438e-04
5.27900e+03 1.89998e-04
5.28000e+03 1.88558e-04
5.28100e+03 1.87085e-04
5.28200e+03 1.85591e-04
5.28300e+03 1.84097e-04
5.28400e+03 1.82603e-04
5.28500e+03 1.81108e-04
5.28600e+03 1.79614e-04
5.28700e+03 1.78100e-04
5.28800e+03 1.76586e-04
5.28900e+03 1.75072e-04
5.29000e+03 1.73557e-04
5.29100e+03 1.72071e-04
5.29200e+03 1.70567e-04
5.29300e+03 1.69063e-04
5.29400e+03 1.67558e-04
5.29500e+03 1.66052e-04
5.29600e+03 1.64546e-04
5.29700e+03 1.63027e-04
5.29800e+03 1.61506e-04
5.29900e+03 1.59986e-04
5.30000e+03 1.58464e-04
5.30100e+03 1.56925e-04
5.30200e+03 1.55378e-04
5.30300e+03 1.53829e-04
5.30400e+03 1.52281e-04
5.30500e+03 1.50733e-04
5.30600e+03 1.49184e-04
5.30700e+03 1.47632e-04
5.30800e+03 1.46078e-04
5.30900e+03 1.44525e-04
5.31000e+03 1.42972e-04
5.31100e+03 1.41436e-04
5.31200e+03 1.39902e-04
5.31300e+03 1.38366e-04
5.31400e+03 1.36831e-04
5.31500e+03 1.35294e-04
5.31600e+03 1.33757e-04
5.31700e+03 1.32226e-04
5.31800e+03 1.30696e-04
5.31900e+03 1.29164e-04
5.32000e+03 1.27632e-04
5.32100e+03 1.26083e-04
5.32200e+03 1.24547e-04
5.32300e+03 1.23012e-04
5.32400e+03 1.21475e-04
5.32500e+03 1.19939e-04
5.32600e+03 1.18402e-04
5.32700e+03 1.16885e-04
5.32800e+03 1.15368e-04
5.32900e+03 1.13850e-04
5.33000e+03 1.12332e-04
5.33100e+03 1.10819e-04
5.33200e+03 1.09331e-04
5.33300e+03 1.07843e-04
5.33400e+03 1.06354e-04
5.33500e+03 1.04865e-04
5.33600e+03 1.03375e-04
5.33700e+03 1.01917e-04
5.33800e+03 1.00459e-04
5.33900e+03 9.89998e-05
5.34000e+03 9.75403e-05
5.34100e+03 9.60845e-05
5.34200e+03 9.46661e-05
5.34300e+03 9.32470e-05
5.34400e+03 9.18273e-05
5.34500e+03 9.04071e-05
5.34600e+03 8.89866e-05
5.34700e+03 8.76084e-05
5.34800e+03 8.62297e-05
5.34900e+03 8.48507e-05
5.35000e+03 8.34710e-05
5.35100e+03 8.20856e-05
5.35200e+03 8.07482e-05
5.35300e+03 7.94104e-05
5.35400e+03 7.80722e-05
5.35500e+03 7.67338e-05
5.35600e+03 7.53951e-05
5.35700e+03 7.41090e-05
5.35800e+03 7.28226e-05
5.35900e+03 7.15359e-05
5.36000e+03 7.02488e-05
5.36100e+03 6.89663e-05
5.36200e+03 6.77404e-05
5.36300e+03 6.65142e-05
5.36400e+03 6.52873e-05
5.36500e+03 6.40601e-05
5.36600e+03 6.28322e-05
5.36700e+03 6.16649e-05
5.36800e+03 6.04971e-05
5.36900e+03 5.93288e-05
