# Filter name : HST/ACS_WFC.FR647M
# Description : FR647M ramp filter for HST ACS_WFC at central wavelength
# Photometric system : ACS-WFC
# FilterType : photon
# Band name : ------
# Observatory : HST
# Instrument : ACS
# Comments : Response calculated using the stsynphot python package by STScI. In particular, function stsynphot.band("acs,wfc1,fr647m#6470"). Please, take a look to stsynphot documentation and HST instrument documentation
# 
4.97700e+03 7.69360e-05
4.97800e+03 7.73411e-05
4.97900e+03 7.77461e-05
4.98000e+03 7.81549e-05
4.98100e+03 7.85587e-05
4.98200e+03 7.89624e-05
4.98300e+03 7.93661e-05
4.98400e+03 7.97699e-05
4.98500e+03 8.01771e-05
4.98600e+03 8.05844e-05
4.98700e+03 8.09917e-05
4.98800e+03 8.13990e-05
4.98900e+03 8.18066e-05
4.99000e+03 8.22171e-05
4.99100e+03 8.26372e-05
4.99200e+03 8.30575e-05
4.99300e+03 8.34780e-05
4.99400e+03 8.38986e-05
4.99500e+03 8.43222e-05
4.99600e+03 8.47463e-05
4.99700e+03 8.51703e-05
4.99800e+03 8.55943e-05
4.99900e+03 8.60185e-05
5.00000e+03 8.64460e-05
5.00100e+03 8.68664e-05
5.00200e+03 8.72866e-05
5.00300e+03 8.77070e-05
5.00400e+03 8.81273e-05
5.00500e+03 8.85504e-05
5.00600e+03 8.89738e-05
5.00700e+03 8.93971e-05
5.00800e+03 8.98207e-05
5.00900e+03 9.02441e-05
5.01000e+03 9.06702e-05
5.01100e+03 9.11008e-05
5.01200e+03 9.15314e-05
5.01300e+03 9.19622e-05
5.01400e+03 9.23932e-05
5.01500e+03 9.28268e-05
5.01600e+03 9.32606e-05
5.01700e+03 9.36941e-05
5.01800e+03 9.41277e-05
5.01900e+03 9.45618e-05
5.02000e+03 9.49979e-05
5.02100e+03 9.54313e-05
5.02200e+03 9.58649e-05
5.02300e+03 9.62988e-05
5.02400e+03 9.67324e-05
5.02500e+03 9.71684e-05
5.02600e+03 9.76042e-05
5.02700e+03 9.80402e-05
5.02800e+03 9.84764e-05
5.02900e+03 9.89124e-05
5.03000e+03 9.93505e-05
5.03100e+03 9.97911e-05
5.03200e+03 1.00232e-04
5.03300e+03 1.00673e-04
5.03400e+03 1.01114e-04
5.03500e+03 1.01556e-04
5.03600e+03 1.01999e-04
5.03700e+03 1.02442e-04
5.03800e+03 1.02885e-04
5.03900e+03 1.03328e-04
5.04000e+03 1.03773e-04
5.04100e+03 1.04221e-04
5.04200e+03 1.04670e-04
5.04300e+03 1.05119e-04
5.04400e+03 1.05568e-04
5.04500e+03 1.06019e-04
5.04600e+03 1.06470e-04
5.04700e+03 1.06920e-04
5.04800e+03 1.07371e-04
5.04900e+03 1.07822e-04
5.05000e+03 1.08275e-04
5.05100e+03 1.08723e-04
5.05200e+03 1.09171e-04
5.05300e+03 1.09619e-04
5.05400e+03 1.10067e-04
5.05500e+03 1.10516e-04
5.05600e+03 1.10965e-04
5.05700e+03 1.11415e-04
5.05800e+03 1.11864e-04
5.05900e+03 1.12314e-04
5.06000e+03 1.12764e-04
5.06100e+03 1.13218e-04
5.06200e+03 1.13672e-04
5.06300e+03 1.14127e-04
5.06400e+03 1.14581e-04
5.06500e+03 1.15036e-04
5.06600e+03 1.15491e-04
5.06700e+03 1.15946e-04
5.06800e+03 1.16402e-04
5.06900e+03 1.16857e-04
5.07000e+03 1.17313e-04
5.07100e+03 1.17762e-04
5.07200e+03 1.18211e-04
5.07300e+03 1.18659e-04
5.07400e+03 1.19108e-04
5.07500e+03 1.19557e-04
5.07600e+03 1.20007e-04
5.07700e+03 1.20456e-04
5.07800e+03 1.20906e-04
5.07900e+03 1.21355e-04
5.08000e+03 1.21805e-04
5.08100e+03 1.22257e-04
5.08200e+03 1.22708e-04
5.08300e+03 1.23160e-04
5.08400e+03 1.23611e-04
5.08500e+03 1.24063e-04
5.08600e+03 1.24515e-04
5.08700e+03 1.24967e-04
5.08800e+03 1.25419e-04
5.08900e+03 1.25871e-04
5.09000e+03 1.26323e-04
5.09100e+03 1.26783e-04
5.09200e+03 1.27244e-04
5.09300e+03 1.27705e-04
5.09400e+03 1.28166e-04
5.09500e+03 1.28626e-04
5.09600e+03 1.29087e-04
5.09700e+03 1.29549e-04
5.09800e+03 1.30010e-04
5.09900e+03 1.30471e-04
5.10000e+03 1.30932e-04
5.10100e+03 1.31405e-04
5.10200e+03 1.31878e-04
5.10300e+03 1.32352e-04
5.10400e+03 1.32826e-04
5.10500e+03 1.33299e-04
5.10600e+03 1.33773e-04
5.10700e+03 1.34247e-04
5.10800e+03 1.34721e-04
5.10900e+03 1.35195e-04
5.11000e+03 1.35668e-04
5.11100e+03 1.36125e-04
5.11200e+03 1.36582e-04
5.11300e+03 1.37039e-04
5.11400e+03 1.37496e-04
5.11500e+03 1.37953e-04
5.11600e+03 1.38409e-04
5.11700e+03 1.38866e-04
5.11800e+03 1.39322e-04
5.11900e+03 1.39779e-04
5.12000e+03 1.40234e-04
5.12100e+03 1.40701e-04
5.12200e+03 1.41167e-04
5.12300e+03 1.41634e-04
5.12400e+03 1.42100e-04
5.12500e+03 1.42566e-04
5.12600e+03 1.43032e-04
5.12700e+03 1.43498e-04
5.12800e+03 1.43964e-04
5.12900e+03 1.44430e-04
5.13000e+03 1.44895e-04
5.13100e+03 1.45354e-04
5.13200e+03 1.45814e-04
5.13300e+03 1.46273e-04
5.13400e+03 1.46733e-04
5.13500e+03 1.47191e-04
5.13600e+03 1.47649e-04
5.13700e+03 1.48107e-04
5.13800e+03 1.48566e-04
5.13900e+03 1.49025e-04
5.14000e+03 1.49482e-04
5.14100e+03 1.49936e-04
5.14200e+03 1.50389e-04
5.14300e+03 1.50844e-04
5.14400e+03 1.51298e-04
5.14500e+03 1.51750e-04
5.14600e+03 1.52203e-04
5.14700e+03 1.52655e-04
5.14800e+03 1.53108e-04
5.14900e+03 1.53560e-04
5.15000e+03 1.54011e-04
5.15100e+03 1.54464e-04
5.15200e+03 1.54918e-04
5.15300e+03 1.55371e-04
5.15400e+03 1.55825e-04
5.15500e+03 1.56276e-04
5.15600e+03 1.56728e-04
5.15700e+03 1.57180e-04
5.15800e+03 1.57631e-04
5.15900e+03 1.58083e-04
5.16000e+03 1.58533e-04
5.16100e+03 1.58985e-04
5.16200e+03 1.59437e-04
5.16300e+03 1.59889e-04
5.16400e+03 1.60341e-04
5.16500e+03 1.60791e-04
5.16600e+03 1.61241e-04
5.16700e+03 1.61691e-04
5.16800e+03 1.62142e-04
5.16900e+03 1.62592e-04
5.17000e+03 1.63040e-04
5.17100e+03 1.63497e-04
5.17200e+03 1.63954e-04
5.17300e+03 1.64411e-04
5.17400e+03 1.64868e-04
5.17500e+03 1.65323e-04
5.17600e+03 1.65778e-04
5.17700e+03 1.66233e-04
5.17800e+03 1.66688e-04
5.17900e+03 1.67143e-04
5.18000e+03 1.67596e-04
5.18100e+03 1.68040e-04
5.18200e+03 1.68483e-04
5.18300e+03 1.68927e-04
5.18400e+03 1.69370e-04
5.18500e+03 1.69811e-04
5.18600e+03 1.70252e-04
5.18700e+03 1.70693e-04
5.18800e+03 1.71134e-04
5.18900e+03 1.71575e-04
5.19000e+03 1.72014e-04
5.19100e+03 1.72440e-04
5.19200e+03 1.72867e-04
5.19300e+03 1.73294e-04
5.19400e+03 1.73721e-04
5.19500e+03 1.74145e-04
5.19600e+03 1.74569e-04
5.19700e+03 1.74993e-04
5.19800e+03 1.75417e-04
5.19900e+03 1.75841e-04
5.20000e+03 1.76263e-04
5.20100e+03 1.76713e-04
5.20200e+03 1.77163e-04
5.20300e+03 1.77614e-04
5.20400e+03 1.78065e-04
5.20500e+03 1.78512e-04
5.20600e+03 1.78960e-04
5.20700e+03 1.79409e-04
5.20800e+03 1.79857e-04
5.20900e+03 1.80306e-04
5.21000e+03 1.80751e-04
5.21100e+03 1.81195e-04
5.21200e+03 1.81639e-04
5.21300e+03 1.82083e-04
5.21400e+03 1.82527e-04
5.21500e+03 1.82969e-04
5.21600e+03 1.83410e-04
5.21700e+03 1.83851e-04
5.21800e+03 1.84293e-04
5.21900e+03 1.84735e-04
5.22000e+03 1.85174e-04
5.22100e+03 1.85583e-04
5.22200e+03 1.85992e-04
5.22300e+03 1.86401e-04
5.22400e+03 1.86810e-04
5.22500e+03 1.87216e-04
5.22600e+03 1.87622e-04
5.22700e+03 1.88028e-04
5.22800e+03 1.88434e-04
5.22900e+03 1.88840e-04
5.23000e+03 1.89242e-04
5.23100e+03 1.89660e-04
5.23200e+03 1.90078e-04
5.23300e+03 1.90497e-04
5.23400e+03 1.90915e-04
5.23500e+03 1.91330e-04
5.23600e+03 1.91745e-04
5.23700e+03 1.92160e-04
5.23800e+03 1.92575e-04
5.23900e+03 1.92990e-04
5.24000e+03 1.93402e-04
5.24100e+03 1.93828e-04
5.24200e+03 1.94254e-04
5.24300e+03 1.94679e-04
5.24400e+03 1.95106e-04
5.24500e+03 1.95528e-04
5.24600e+03 1.95951e-04
5.24700e+03 1.96373e-04
5.24800e+03 1.96797e-04
5.24900e+03 1.97220e-04
5.25000e+03 1.97639e-04
5.25100e+03 1.98046e-04
5.25200e+03 1.98453e-04
5.25300e+03 1.98860e-04
5.25400e+03 1.99268e-04
5.25500e+03 1.99672e-04
5.25600e+03 2.00075e-04
5.25700e+03 2.00479e-04
5.25800e+03 2.00883e-04
5.25900e+03 2.01287e-04
5.26000e+03 2.01686e-04
5.26100e+03 2.02088e-04
5.26200e+03 2.02489e-04
5.26300e+03 2.02890e-04
5.26400e+03 2.03291e-04
5.26500e+03 2.03689e-04
5.26600e+03 2.04086e-04
5.26700e+03 2.04483e-04
5.26800e+03 2.04881e-04
5.26900e+03 2.05279e-04
5.27000e+03 2.05673e-04
5.27100e+03 2.06079e-04
5.27200e+03 2.06485e-04
5.27300e+03 2.06891e-04
5.27400e+03 2.07298e-04
5.27500e+03 2.07700e-04
5.27600e+03 2.08103e-04
5.27700e+03 2.08505e-04
5.27800e+03 2.08909e-04
5.27900e+03 2.09312e-04
5.28000e+03 2.09711e-04
5.28100e+03 2.10074e-04
5.28200e+03 2.10438e-04
5.28300e+03 2.10801e-04
5.28400e+03 2.11165e-04
5.28500e+03 2.11524e-04
5.28600e+03 2.11884e-04
5.28700e+03 2.12243e-04
5.28800e+03 2.12603e-04
5.28900e+03 2.12962e-04
5.29000e+03 2.13317e-04
5.29100e+03 2.13708e-04
5.29200e+03 2.14097e-04
5.29300e+03 2.14488e-04
5.29400e+03 2.14878e-04
5.29500e+03 2.15264e-04
5.29600e+03 2.15651e-04
5.29700e+03 2.16037e-04
5.29800e+03 2.16423e-04
5.29900e+03 2.16810e-04
5.30000e+03 2.17193e-04
5.30100e+03 2.17552e-04
5.30200e+03 2.17912e-04
5.30300e+03 2.18271e-04
5.30400e+03 2.18630e-04
5.30500e+03 2.18986e-04
5.30600e+03 2.19342e-04
5.30700e+03 2.19697e-04
5.30800e+03 2.20052e-04
5.30900e+03 2.20408e-04
5.31000e+03 2.20760e-04
5.31100e+03 2.21139e-04
5.31200e+03 2.21519e-04
5.31300e+03 2.21899e-04
5.31400e+03 2.22279e-04
5.31500e+03 2.22655e-04
5.31600e+03 2.23030e-04
5.31700e+03 2.23407e-04
5.31800e+03 2.23783e-04
5.31900e+03 2.24159e-04
5.32000e+03 2.24532e-04
5.32100e+03 2.24876e-04
5.32200e+03 2.25220e-04
5.32300e+03 2.25565e-04
5.32400e+03 2.25909e-04
5.32500e+03 2.26249e-04
5.32600e+03 2.26590e-04
5.32700e+03 2.26930e-04
5.32800e+03 2.27271e-04
5.32900e+03 2.27611e-04
5.33000e+03 2.27948e-04
5.33100e+03 2.28294e-04
5.33200e+03 2.28642e-04
5.33300e+03 2.28988e-04
5.33400e+03 2.29335e-04
5.33500e+03 2.29678e-04
5.33600e+03 2.30021e-04
5.33700e+03 2.30364e-04
5.33800e+03 2.30708e-04
5.33900e+03 2.31051e-04
5.34000e+03 2.31390e-04
5.34100e+03 2.31739e-04
5.34200e+03 2.32089e-04
5.34300e+03 2.32438e-04
5.34400e+03 2.32788e-04
5.34500e+03 2.33133e-04
5.34600e+03 2.33479e-04
5.34700e+03 2.33825e-04
5.34800e+03 2.34170e-04
5.34900e+03 2.34516e-04
5.35000e+03 2.34858e-04
5.35100e+03 2.35185e-04
5.35200e+03 2.35512e-04
5.35300e+03 2.35839e-04
5.35400e+03 2.36165e-04
5.35500e+03 2.36488e-04
5.35600e+03 2.36811e-04
5.35700e+03 2.37134e-04
5.35800e+03 2.37457e-04
5.35900e+03 2.37781e-04
5.36000e+03 2.38099e-04
5.36100e+03 2.38435e-04
5.36200e+03 2.38771e-04
5.36300e+03 2.39107e-04
5.36400e+03 2.39443e-04
5.36500e+03 2.39775e-04
5.36600e+03 2.40107e-04
5.36700e+03 2.40439e-04
5.36800e+03 2.40772e-04
5.36900e+03 2.41104e-04
5.37000e+03 2.41432e-04
5.37100e+03 2.41745e-04
5.37200e+03 2.42059e-04
5.37300e+03 2.42373e-04
5.37400e+03 2.42686e-04
5.37500e+03 2.42995e-04
5.37600e+03 2.43305e-04
5.37700e+03 2.43615e-04
5.37800e+03 2.43924e-04
5.37900e+03 2.44234e-04
5.38000e+03 2.44540e-04
5.38100e+03 2.44857e-04
5.38200e+03 2.45174e-04
5.38300e+03 2.45492e-04
5.38400e+03 2.45809e-04
5.38500e+03 2.46123e-04
5.38600e+03 2.46436e-04
5.38700e+03 2.46750e-04
5.38800e+03 2.47065e-04
5.38900e+03 2.47379e-04
5.39000e+03 2.47689e-04
5.39100e+03 2.47988e-04
5.39200e+03 2.48285e-04
5.39300e+03 2.48584e-04
5.39400e+03 2.48882e-04
5.39500e+03 2.49177e-04
5.39600e+03 2.49472e-04
5.39700e+03 2.49766e-04
5.39800e+03 2.50061e-04
5.39900e+03 2.50355e-04
5.40000e+03 2.50647e-04
5.40100e+03 2.50959e-04
5.40200e+03 2.51272e-04
5.40300e+03 2.51584e-04
5.40400e+03 2.51897e-04
5.40500e+03 2.52206e-04
5.40600e+03 2.52515e-04
5.40700e+03 2.52825e-04
5.40800e+03 2.53133e-04
5.40900e+03 2.53443e-04
5.41000e+03 2.53749e-04
5.41100e+03 2.54049e-04
5.41200e+03 2.54350e-04
5.41300e+03 2.54651e-04
5.41400e+03 2.54952e-04
5.41500e+03 2.55250e-04
5.41600e+03 2.55547e-04
5.41700e+03 2.55844e-04
5.41800e+03 2.56142e-04
5.41900e+03 2.56439e-04
5.42000e+03 2.56734e-04
5.42100e+03 2.57012e-04
5.42200e+03 2.57292e-04
5.42300e+03 2.57571e-04
5.42400e+03 2.57850e-04
5.42500e+03 2.58126e-04
5.42600e+03 2.58401e-04
5.42700e+03 2.58678e-04
5.42800e+03 2.58953e-04
5.42900e+03 2.59229e-04
5.43000e+03 2.59502e-04
5.43100e+03 2.59790e-04
5.43200e+03 2.60078e-04
5.43300e+03 2.60366e-04
5.43400e+03 2.60654e-04
5.43500e+03 2.60939e-04
5.43600e+03 2.61223e-04
5.43700e+03 2.61509e-04
5.43800e+03 2.61794e-04
5.43900e+03 2.62079e-04
5.44000e+03 2.62361e-04
5.44100e+03 2.62631e-04
5.44200e+03 2.62901e-04
5.44300e+03 2.63171e-04
5.44400e+03 2.63440e-04
5.44500e+03 2.63708e-04
5.44600e+03 2.63975e-04
5.44700e+03 2.64242e-04
5.44800e+03 2.64509e-04
5.44900e+03 2.64776e-04
5.45000e+03 2.65041e-04
5.45100e+03 2.65317e-04
5.45200e+03 2.65592e-04
5.45300e+03 2.65868e-04
5.45400e+03 2.66144e-04
5.45500e+03 2.66417e-04
5.45600e+03 2.66691e-04
5.45700e+03 2.66964e-04
5.45800e+03 2.67238e-04
5.45900e+03 2.67511e-04
5.46000e+03 2.67782e-04
5.46100e+03 2.68038e-04
5.46200e+03 2.68293e-04
5.46300e+03 2.68549e-04
5.46400e+03 2.68804e-04
5.46500e+03 2.69057e-04
5.46600e+03 2.69310e-04
5.46700e+03 2.69564e-04
5.46800e+03 2.69816e-04
5.46900e+03 2.70070e-04
5.47000e+03 2.70320e-04
5.47100e+03 2.70594e-04
5.47200e+03 2.70867e-04
5.47300e+03 2.71140e-04
5.47400e+03 2.71413e-04
5.47500e+03 2.71684e-04
5.47600e+03 2.71955e-04
5.47700e+03 2.72226e-04
5.47800e+03 2.72497e-04
5.47900e+03 2.72769e-04
5.48000e+03 2.73039e-04
5.48100e+03 2.73279e-04
5.48200e+03 2.73519e-04
5.48300e+03 2.73760e-04
5.48400e+03 2.73999e-04
5.48500e+03 2.74238e-04
5.48600e+03 2.74476e-04
5.48700e+03 2.74715e-04
5.48800e+03 2.74954e-04
5.48900e+03 2.75192e-04
5.49000e+03 2.75428e-04
5.49100e+03 2.75665e-04
5.49200e+03 2.75901e-04
5.49300e+03 2.76138e-04
5.49400e+03 2.76374e-04
5.49500e+03 2.76609e-04
5.49600e+03 2.76844e-04
5.49700e+03 2.77079e-04
5.49800e+03 2.77313e-04
5.49900e+03 2.77548e-04
5.50000e+03 2.77782e-04
5.50100e+03 2.78055e-04
5.50200e+03 2.78327e-04
5.50300e+03 2.78600e-04
5.50400e+03 2.78872e-04
5.50500e+03 2.79145e-04
5.50600e+03 2.79416e-04
5.50700e+03 2.79688e-04
5.50800e+03 2.79960e-04
5.50900e+03 2.80232e-04
5.51000e+03 2.80503e-04
5.51100e+03 2.80727e-04
5.51200e+03 2.80949e-04
5.51300e+03 2.81171e-04
5.51400e+03 2.81394e-04
5.51500e+03 2.81616e-04
5.51600e+03 2.81838e-04
5.51700e+03 2.82060e-04
5.51800e+03 2.82282e-04
5.51900e+03 2.82504e-04
5.52000e+03 2.82726e-04
5.52100e+03 2.82968e-04
5.52200e+03 2.83210e-04
5.52300e+03 2.83452e-04
5.52400e+03 2.83695e-04
5.52500e+03 2.83937e-04
5.52600e+03 2.84179e-04
5.52700e+03 2.84421e-04
5.52800e+03 2.84663e-04
5.52900e+03 2.84906e-04
5.53000e+03 2.85148e-04
5.53100e+03 2.85389e-04
5.53200e+03 2.85629e-04
5.53300e+03 2.85870e-04
5.53400e+03 2.86110e-04
5.53500e+03 2.86350e-04
5.53600e+03 2.86591e-04
5.53700e+03 2.86832e-04
5.53800e+03 2.87073e-04
5.53900e+03 2.87313e-04
5.54000e+03 2.87555e-04
5.54100e+03 2.87778e-04
5.54200e+03 2.88002e-04
5.54300e+03 2.88225e-04
5.54400e+03 2.88449e-04
5.54500e+03 2.88673e-04
5.54600e+03 2.88897e-04
5.54700e+03 2.89121e-04
5.54800e+03 2.89345e-04
5.54900e+03 2.89569e-04
5.55000e+03 2.89795e-04
5.55100e+03 2.90062e-04
5.55200e+03 2.90329e-04
5.55300e+03 2.90597e-04
5.55400e+03 2.90863e-04
5.55500e+03 2.91133e-04
5.55600e+03 2.91402e-04
5.55700e+03 2.91671e-04
5.55800e+03 2.91940e-04
5.55900e+03 2.92210e-04
5.56000e+03 2.92480e-04
5.56100e+03 2.92719e-04
5.56200e+03 2.92958e-04
5.56300e+03 2.93197e-04
5.56400e+03 2.93436e-04
5.56500e+03 2.93678e-04
5.56600e+03 2.93918e-04
5.56700e+03 2.94160e-04
5.56800e+03 2.94400e-04
5.56900e+03 2.94641e-04
5.57000e+03 2.94885e-04
5.57100e+03 2.95106e-04
5.57200e+03 2.95326e-04
5.57300e+03 2.95547e-04
5.57400e+03 2.95767e-04
5.57500e+03 2.95990e-04
5.57600e+03 2.96214e-04
5.57700e+03 2.96437e-04
5.57800e+03 2.96660e-04
5.57900e+03 2.96883e-04
5.58000e+03 2.97109e-04
5.58100e+03 2.97362e-04
5.58200e+03 2.97614e-04
5.58300e+03 2.97867e-04
5.58400e+03 2.98119e-04
5.58500e+03 2.98375e-04
5.58600e+03 2.98631e-04
5.58700e+03 2.98887e-04
5.58800e+03 2.99143e-04
5.58900e+03 2.99399e-04
5.59000e+03 2.99659e-04
5.59100e+03 2.99942e-04
5.59200e+03 3.00225e-04
5.59300e+03 3.00509e-04
5.59400e+03 3.00792e-04
5.59500e+03 3.01080e-04
5.59600e+03 3.01368e-04
5.59700e+03 3.01656e-04
5.59800e+03 3.01944e-04
5.59900e+03 3.02232e-04
5.60000e+03 3.02525e-04
5.60100e+03 3.02813e-04
5.60200e+03 3.03101e-04
5.60300e+03 3.03388e-04
5.60400e+03 3.03676e-04
5.60500e+03 3.03970e-04
5.60600e+03 3.04263e-04
5.60700e+03 3.04557e-04
5.60800e+03 3.04850e-04
5.60900e+03 3.05144e-04
5.61000e+03 3.05443e-04
5.61100e+03 3.05755e-04
5.61200e+03 3.06067e-04
5.61300e+03 3.06379e-04
5.61400e+03 3.06691e-04
5.61500e+03 3.07010e-04
5.61600e+03 3.07329e-04
5.61700e+03 3.07647e-04
5.61800e+03 3.07967e-04
5.61900e+03 3.08285e-04
5.62000e+03 3.08612e-04
5.62100e+03 3.08904e-04
5.62200e+03 3.09197e-04
5.62300e+03 3.09489e-04
5.62400e+03 3.09782e-04
5.62500e+03 3.10082e-04
5.62600e+03 3.10383e-04
5.62700e+03 3.10684e-04
5.62800e+03 3.10985e-04
5.62900e+03 3.11286e-04
5.63000e+03 3.11595e-04
5.63100e+03 3.11918e-04
5.63200e+03 3.12242e-04
5.63300e+03 3.12566e-04
5.63400e+03 3.12890e-04
5.63500e+03 3.13223e-04
5.63600e+03 3.13557e-04
5.63700e+03 3.13891e-04
5.63800e+03 3.14224e-04
5.63900e+03 3.14557e-04
5.64000e+03 3.14902e-04
5.64100e+03 3.15254e-04
5.64200e+03 3.15607e-04
5.64300e+03 3.15961e-04
5.64400e+03 3.16314e-04
5.64500e+03 3.16678e-04
5.64600e+03 3.17043e-04
5.64700e+03 3.17407e-04
5.64800e+03 3.17772e-04
5.64900e+03 3.18136e-04
5.65000e+03 3.18513e-04
5.65100e+03 3.18879e-04
5.65200e+03 3.19246e-04
5.65300e+03 3.19612e-04
5.65400e+03 3.19979e-04
5.65500e+03 3.20358e-04
5.65600e+03 3.20738e-04
5.65700e+03 3.21118e-04
5.65800e+03 3.21497e-04
5.65900e+03 3.21878e-04
5.66000e+03 3.22272e-04
5.66100e+03 3.22674e-04
5.66200e+03 3.23076e-04
5.66300e+03 3.23480e-04
5.66400e+03 3.23882e-04
5.66500e+03 3.24301e-04
5.66600e+03 3.24719e-04
5.66700e+03 3.25137e-04
5.66800e+03 3.25556e-04
5.66900e+03 3.25974e-04
5.67000e+03 3.26409e-04
5.67100e+03 3.26857e-04
5.67200e+03 3.27306e-04
5.67300e+03 3.27756e-04
5.67400e+03 3.28205e-04
5.67500e+03 3.28672e-04
5.67600e+03 3.29138e-04
5.67700e+03 3.29606e-04
5.67800e+03 3.30073e-04
5.67900e+03 3.30541e-04
5.68000e+03 3.31027e-04
5.68100e+03 3.31523e-04
5.68200e+03 3.32018e-04
5.68300e+03 3.32514e-04
5.68400e+03 3.33010e-04
5.68500e+03 3.33526e-04
5.68600e+03 3.34043e-04
5.68700e+03 3.34560e-04
5.68800e+03 3.35077e-04
5.68900e+03 3.35594e-04
5.69000e+03 3.36133e-04
5.69100e+03 3.36645e-04
5.69200e+03 3.37157e-04
5.69300e+03 3.37670e-04
5.69400e+03 3.38183e-04
5.69500e+03 3.38720e-04
5.69600e+03 3.39256e-04
5.69700e+03 3.39792e-04
5.69800e+03 3.40329e-04
5.69900e+03 3.40865e-04
5.70000e+03 3.41427e-04
5.70100e+03 3.42018e-04
5.70200e+03 3.42609e-04
5.70300e+03 3.43200e-04
5.70400e+03 3.43791e-04
5.70500e+03 3.44409e-04
5.70600e+03 3.45027e-04
5.70700e+03 3.45647e-04
5.70800e+03 3.46265e-04
5.70900e+03 3.46884e-04
5.71000e+03 3.47533e-04
5.71100e+03 3.48159e-04
5.71200e+03 3.48784e-04
5.71300e+03 3.49410e-04
5.71400e+03 3.50036e-04
5.71500e+03 3.50693e-04
5.71600e+03 3.51352e-04
5.71700e+03 3.52009e-04
5.71800e+03 3.52667e-04
5.71900e+03 3.53326e-04
5.72000e+03 3.54018e-04
5.72100e+03 3.54654e-04
5.72200e+03 3.55291e-04
5.72300e+03 3.55928e-04
5.72400e+03 3.56564e-04
5.72500e+03 3.57236e-04
5.72600e+03 3.57909e-04
5.72700e+03 3.58582e-04
5.72800e+03 3.59255e-04
5.72900e+03 3.59928e-04
5.73000e+03 3.60638e-04
5.73100e+03 3.61426e-04
5.73200e+03 3.62214e-04
5.73300e+03 3.63003e-04
5.73400e+03 3.63791e-04
5.73500e+03 3.64622e-04
5.73600e+03 3.65453e-04
5.73700e+03 3.66283e-04
5.73800e+03 3.67116e-04
5.73900e+03 3.67948e-04
5.74000e+03 3.68824e-04
5.74100e+03 3.69631e-04
5.74200e+03 3.70440e-04
5.74300e+03 3.71247e-04
5.74400e+03 3.72055e-04
5.74500e+03 3.72911e-04
5.74600e+03 3.73767e-04
5.74700e+03 3.74622e-04
5.74800e+03 3.75479e-04
5.74900e+03 3.76335e-04
5.75000e+03 3.77242e-04
5.75100e+03 3.78246e-04
5.75200e+03 3.79251e-04
5.75300e+03 3.80256e-04
5.75400e+03 3.81261e-04
5.75500e+03 3.82323e-04
5.75600e+03 3.83385e-04
5.75700e+03 3.84448e-04
5.75800e+03 3.85511e-04
5.75900e+03 3.86574e-04
5.76000e+03 3.87699e-04
5.76100e+03 3.88730e-04
5.76200e+03 3.89763e-04
5.76300e+03 3.90797e-04
5.76400e+03 3.91829e-04
5.76500e+03 3.92926e-04
5.76600e+03 3.94022e-04
5.76700e+03 3.95120e-04
5.76800e+03 3.96218e-04
5.76900e+03 3.97315e-04
5.77000e+03 3.98481e-04
5.77100e+03 3.99724e-04
5.77200e+03 4.00968e-04
5.77300e+03 4.02213e-04
5.77400e+03 4.03458e-04
5.77500e+03 4.04777e-04
5.77600e+03 4.06098e-04
5.77700e+03 4.07418e-04
5.77800e+03 4.08740e-04
5.77900e+03 4.10063e-04
5.78000e+03 4.11465e-04
5.78100e+03 4.12816e-04
5.78200e+03 4.14165e-04
5.78300e+03 4.15517e-04
5.78400e+03 4.16867e-04
5.78500e+03 4.18305e-04
5.78600e+03 4.19743e-04
5.78700e+03 4.21180e-04
5.78800e+03 4.22618e-04
5.78900e+03 4.24057e-04
5.79000e+03 4.25588e-04
5.79100e+03 4.27151e-04
5.79200e+03 4.28714e-04
5.79300e+03 4.30278e-04
5.79400e+03 4.31843e-04
5.79500e+03 4.33507e-04
5.79600e+03 4.35172e-04
5.79700e+03 4.36838e-04
5.79800e+03 4.38505e-04
5.79900e+03 4.40172e-04
5.80000e+03 4.41947e-04
5.80100e+03 4.43657e-04
5.80200e+03 4.45367e-04
5.80300e+03 4.47077e-04
5.80400e+03 4.48787e-04
5.80500e+03 4.50613e-04
5.80600e+03 4.52439e-04
5.80700e+03 4.54266e-04
5.80800e+03 4.56093e-04
5.80900e+03 4.57920e-04
5.81000e+03 4.59872e-04
5.81100e+03 4.61910e-04
5.81200e+03 4.63947e-04
5.81300e+03 4.65987e-04
5.81400e+03 4.68026e-04
5.81500e+03 4.70202e-04
5.81600e+03 4.72380e-04
5.81700e+03 4.74558e-04
5.81800e+03 4.76737e-04
5.81900e+03 4.78917e-04
5.82000e+03 4.81245e-04
5.82100e+03 4.83556e-04
5.82200e+03 4.85868e-04
5.82300e+03 4.88181e-04
5.82400e+03 4.90497e-04
5.82500e+03 4.92970e-04
5.82600e+03 4.95443e-04
5.82700e+03 4.97919e-04
5.82800e+03 5.00394e-04
5.82900e+03 5.02872e-04
5.83000e+03 5.05522e-04
5.83100e+03 5.08119e-04
5.83200e+03 5.10719e-04
5.83300e+03 5.13318e-04
5.83400e+03 5.15919e-04
5.83500e+03 5.18704e-04
5.83600e+03 5.21492e-04
5.83700e+03 5.24277e-04
5.83800e+03 5.27065e-04
5.83900e+03 5.29854e-04
5.84000e+03 5.32843e-04
5.84100e+03 5.35859e-04
5.84200e+03 5.38877e-04
5.84300e+03 5.41896e-04
5.84400e+03 5.44916e-04
5.84500e+03 5.48154e-04
5.84600e+03 5.51392e-04
5.84700e+03 5.54632e-04
5.84800e+03 5.57874e-04
5.84900e+03 5.61116e-04
5.85000e+03 5.64595e-04
5.85100e+03 5.68036e-04
5.85200e+03 5.71478e-04
5.85300e+03 5.74920e-04
5.85400e+03 5.78364e-04
5.85500e+03 5.82062e-04
5.85600e+03 5.85762e-04
5.85700e+03 5.89463e-04
5.85800e+03 5.93164e-04
5.85900e+03 5.96867e-04
5.86000e+03 6.00847e-04
5.86100e+03 6.04913e-04
5.86200e+03 6.08982e-04
5.86300e+03 6.13053e-04
5.86400e+03 6.17125e-04
5.86500e+03 6.21501e-04
5.86600e+03 6.25880e-04
5.86700e+03 6.30259e-04
5.86800e+03 6.34640e-04
5.86900e+03 6.39024e-04
5.87000e+03 6.43739e-04
5.87100e+03 6.48356e-04
5.87200e+03 6.52974e-04
5.87300e+03 6.57593e-04
5.87400e+03 6.62213e-04
5.87500e+03 6.67189e-04
5.87600e+03 6.72168e-04
5.87700e+03 6.77146e-04
5.87800e+03 6.82126e-04
5.87900e+03 6.87106e-04
5.88000e+03 6.92475e-04
5.88100e+03 6.97925e-04
5.88200e+03 7.03376e-04
5.88300e+03 7.08829e-04
5.88400e+03 7.14284e-04
5.88500e+03 7.20165e-04
5.88600e+03 7.26048e-04
5.88700e+03 7.31933e-04
5.88800e+03 7.37820e-04
5.88900e+03 7.43710e-04
5.89000e+03 7.50063e-04
5.89100e+03 7.56449e-04
5.89200e+03 7.62838e-04
5.89300e+03 7.69231e-04
5.89400e+03 7.75626e-04
5.89500e+03 7.82527e-04
5.89600e+03 7.89431e-04
5.89700e+03 7.96340e-04
5.89800e+03 8.03251e-04
5.89900e+03 8.10164e-04
5.90000e+03 8.17632e-04
5.90100e+03 8.25013e-04
5.90200e+03 8.32392e-04
5.90300e+03 8.39777e-04
5.90400e+03 8.47162e-04
5.90500e+03 8.55149e-04
5.90600e+03 8.63138e-04
5.90700e+03 8.71130e-04
5.90800e+03 8.79122e-04
5.90900e+03 8.87120e-04
5.91000e+03 8.95773e-04
5.91100e+03 9.04391e-04
5.91200e+03 9.13013e-04
5.91300e+03 9.21633e-04
5.91400e+03 9.30256e-04
5.91500e+03 9.39601e-04
5.91600e+03 9.48944e-04
5.91700e+03 9.58290e-04
5.91800e+03 9.67638e-04
5.91900e+03 9.76987e-04
5.92000e+03 9.87124e-04
5.92100e+03 9.97415e-04
5.92200e+03 1.00771e-03
5.92300e+03 1.01801e-03
5.92400e+03 1.02831e-03
5.92500e+03 1.03948e-03
5.92600e+03 1.05066e-03
5.92700e+03 1.06184e-03
5.92800e+03 1.07303e-03
5.92900e+03 1.08422e-03
5.93000e+03 1.09636e-03
5.93100e+03 1.10844e-03
5.93200e+03 1.12052e-03
5.93300e+03 1.13260e-03
5.93400e+03 1.14469e-03
5.93500e+03 1.15782e-03
5.93600e+03 1.17096e-03
5.93700e+03 1.18410e-03
5.93800e+03 1.19724e-03
5.93900e+03 1.21039e-03
5.94000e+03 1.22468e-03
5.94100e+03 1.23895e-03
5.94200e+03 1.25321e-03
5.94300e+03 1.26749e-03
5.94400e+03 1.28177e-03
5.94500e+03 1.29730e-03
5.94600e+03 1.31284e-03
5.94700e+03 1.32838e-03
5.94800e+03 1.34393e-03
5.94900e+03 1.35948e-03
5.95000e+03 1.37642e-03
5.95100e+03 1.39341e-03
5.95200e+03 1.41042e-03
5.95300e+03 1.42743e-03
5.95400e+03 1.44445e-03
5.95500e+03 1.46299e-03
5.95600e+03 1.48154e-03
5.95700e+03 1.50009e-03
5.95800e+03 1.51866e-03
5.95900e+03 1.53723e-03
5.96000e+03 1.55748e-03
5.96100e+03 1.57784e-03
5.96200e+03 1.59821e-03
5.96300e+03 1.61859e-03
5.96400e+03 1.63898e-03
5.96500e+03 1.66123e-03
5.96600e+03 1.68349e-03
5.96700e+03 1.70576e-03
5.96800e+03 1.72804e-03
5.96900e+03 1.75034e-03
5.97000e+03 1.77468e-03
5.97100e+03 1.79886e-03
5.97200e+03 1.82305e-03
5.97300e+03 1.84724e-03
5.97400e+03 1.87144e-03
5.97500e+03 1.89791e-03
5.97600e+03 1.92437e-03
5.97700e+03 1.95085e-03
5.97800e+03 1.97734e-03
5.97900e+03 2.00384e-03
5.98000e+03 2.03283e-03
5.98100e+03 2.06174e-03
5.98200e+03 2.09067e-03
5.98300e+03 2.11959e-03
5.98400e+03 2.14853e-03
5.98500e+03 2.18022e-03
5.98600e+03 2.21192e-03
5.98700e+03 2.24363e-03
5.98800e+03 2.27535e-03
5.98900e+03 2.30707e-03
5.99000e+03 2.34186e-03
5.99100e+03 2.37678e-03
5.99200e+03 2.41172e-03
5.99300e+03 2.44667e-03
5.99400e+03 2.48162e-03
5.99500e+03 2.51999e-03
5.99600e+03 2.55835e-03
5.99700e+03 2.59674e-03
5.99800e+03 2.63514e-03
5.99900e+03 2.67354e-03
6.00000e+03 2.71573e-03
6.00100e+03 2.75789e-03
6.00200e+03 2.80007e-03
6.00300e+03 2.84227e-03
6.00400e+03 2.88447e-03
6.00500e+03 2.93087e-03
6.00600e+03 2.97728e-03
6.00700e+03 3.02371e-03
6.00800e+03 3.07015e-03
6.00900e+03 3.11659e-03
6.01000e+03 3.16771e-03
6.01100e+03 3.21863e-03
6.01200e+03 3.26955e-03
6.01300e+03 3.32050e-03
6.01400e+03 3.37144e-03
6.01500e+03 3.42757e-03
6.01600e+03 3.48371e-03
6.01700e+03 3.53986e-03
6.01800e+03 3.59601e-03
6.01900e+03 3.65217e-03
6.02000e+03 3.71411e-03
6.02100e+03 3.77643e-03
6.02200e+03 3.83877e-03
6.02300e+03 3.90113e-03
6.02400e+03 3.96351e-03
6.02500e+03 4.03234e-03
6.02600e+03 4.10120e-03
6.02700e+03 4.17009e-03
6.02800e+03 4.23900e-03
6.02900e+03 4.30793e-03
6.03000e+03 4.38407e-03
6.03100e+03 4.46050e-03
6.03200e+03 4.53699e-03
6.03300e+03 4.61351e-03
6.03400e+03 4.69007e-03
6.03500e+03 4.77468e-03
6.03600e+03 4.85933e-03
6.03700e+03 4.94403e-03
6.03800e+03 5.02876e-03
6.03900e+03 5.11355e-03
6.04000e+03 5.20733e-03
6.04100e+03 5.30031e-03
6.04200e+03 5.39333e-03
6.04300e+03 5.48636e-03
6.04400e+03 5.57939e-03
6.04500e+03 5.68248e-03
6.04600e+03 5.78559e-03
6.04700e+03 5.88872e-03
6.04800e+03 5.99186e-03
6.04900e+03 6.09503e-03
6.05000e+03 6.20944e-03
6.05100e+03 6.32421e-03
6.05200e+03 6.43903e-03
6.05300e+03 6.55388e-03
6.05400e+03 6.66875e-03
6.05500e+03 6.79627e-03
6.05600e+03 6.92380e-03
6.05700e+03 7.05137e-03
6.05800e+03 7.17899e-03
6.05900e+03 7.30664e-03
6.06000e+03 7.44844e-03
6.06100e+03 7.59047e-03
6.06200e+03 7.73251e-03
6.06300e+03 7.87463e-03
6.06400e+03 8.01678e-03
6.06500e+03 8.17483e-03
6.06600e+03 8.33294e-03
6.06700e+03 8.49109e-03
6.06800e+03 8.64932e-03
6.06900e+03 8.80758e-03
6.07000e+03 8.98371e-03
6.07100e+03 9.15936e-03
6.07200e+03 9.33504e-03
6.07300e+03 9.51078e-03
6.07400e+03 9.68653e-03
6.07500e+03 9.88237e-03
6.07600e+03 1.00782e-02
6.07700e+03 1.02741e-02
6.07800e+03 1.04701e-02
6.07900e+03 1.06661e-02
6.08000e+03 1.08846e-02
6.08100e+03 1.11040e-02
6.08200e+03 1.13235e-02
6.08300e+03 1.15431e-02
6.08400e+03 1.17627e-02
6.08500e+03 1.20078e-02
6.08600e+03 1.22529e-02
6.08700e+03 1.24981e-02
6.08800e+03 1.27434e-02
6.08900e+03 1.29888e-02
6.09000e+03 1.32628e-02
6.09100e+03 1.35363e-02
6.09200e+03 1.38098e-02
6.09300e+03 1.40834e-02
6.09400e+03 1.43572e-02
6.09500e+03 1.46630e-02
6.09600e+03 1.49689e-02
6.09700e+03 1.52749e-02
6.09800e+03 1.55809e-02
6.09900e+03 1.58871e-02
6.10000e+03 1.62294e-02
6.10100e+03 1.65715e-02
6.10200e+03 1.69138e-02
6.10300e+03 1.72561e-02
6.10400e+03 1.75985e-02
6.10500e+03 1.79815e-02
6.10600e+03 1.83646e-02
6.10700e+03 1.87478e-02
6.10800e+03 1.91311e-02
6.10900e+03 1.95145e-02
6.11000e+03 1.99436e-02
6.11100e+03 2.03749e-02
6.11200e+03 2.08063e-02
6.11300e+03 2.12379e-02
6.11400e+03 2.16696e-02
6.11500e+03 2.21528e-02
6.11600e+03 2.26362e-02
6.11700e+03 2.31198e-02
6.11800e+03 2.36037e-02
6.11900e+03 2.40877e-02
6.12000e+03 2.46295e-02
6.12100e+03 2.51697e-02
6.12200e+03 2.57101e-02
6.12300e+03 2.62506e-02
6.12400e+03 2.67913e-02
6.12500e+03 2.73966e-02
6.12600e+03 2.80020e-02
6.12700e+03 2.86077e-02
6.12800e+03 2.92135e-02
6.12900e+03 2.98195e-02
6.13000e+03 3.04977e-02
6.13100e+03 3.11766e-02
6.13200e+03 3.18557e-02
6.13300e+03 3.25350e-02
6.13400e+03 3.32146e-02
6.13500e+03 3.39746e-02
6.13600e+03 3.47350e-02
6.13700e+03 3.54956e-02
6.13800e+03 3.62564e-02
6.13900e+03 3.70175e-02
6.14000e+03 3.78682e-02
6.14100e+03 3.87196e-02
6.14200e+03 3.95713e-02
6.14300e+03 4.04233e-02
6.14400e+03 4.12756e-02
6.14500e+03 4.22271e-02
6.14600e+03 4.31789e-02
6.14700e+03 4.41310e-02
6.14800e+03 4.50835e-02
6.14900e+03 4.60364e-02
6.15000e+03 4.70986e-02
6.15100e+03 4.81576e-02
6.15200e+03 4.92169e-02
6.15300e+03 5.02763e-02
6.15400e+03 5.13361e-02
6.15500e+03 5.25153e-02
6.15600e+03 5.36948e-02
6.15700e+03 5.48746e-02
6.15800e+03 5.60546e-02
6.15900e+03 5.72349e-02
6.16000e+03 5.85453e-02
6.16100e+03 5.98615e-02
6.16200e+03 6.11784e-02
6.16300e+03 6.24959e-02
6.16400e+03 6.38139e-02
6.16500e+03 6.52724e-02
6.16600e+03 6.67315e-02
6.16700e+03 6.81911e-02
6.16800e+03 6.96514e-02
6.16900e+03 7.11123e-02
6.17000e+03 7.27234e-02
6.17100e+03 7.43338e-02
6.17200e+03 7.59447e-02
6.17300e+03 7.75562e-02
6.17400e+03 7.91684e-02
6.17500e+03 8.09389e-02
6.17600e+03 8.27100e-02
6.17700e+03 8.44819e-02
6.17800e+03 8.62544e-02
6.17900e+03 8.80275e-02
6.18000e+03 8.99653e-02
6.18100e+03 9.19021e-02
6.18200e+03 9.38396e-02
6.18300e+03 9.57778e-02
6.18400e+03 9.77164e-02
6.18500e+03 9.98234e-02
6.18600e+03 1.01931e-01
6.18700e+03 1.04040e-01
6.18800e+03 1.06148e-01
6.18900e+03 1.08258e-01
6.19000e+03 1.10536e-01
6.19100e+03 1.12817e-01
6.19200e+03 1.15100e-01
6.19300e+03 1.17383e-01
6.19400e+03 1.19667e-01
6.19500e+03 1.22115e-01
6.19600e+03 1.24564e-01
6.19700e+03 1.27014e-01
6.19800e+03 1.29464e-01
6.19900e+03 1.31916e-01
6.20000e+03 1.34521e-01
6.20100e+03 1.37111e-01
6.20200e+03 1.39701e-01
6.20300e+03 1.42291e-01
6.20400e+03 1.44882e-01
6.20500e+03 1.47611e-01
6.20600e+03 1.50339e-01
6.20700e+03 1.53068e-01
6.20800e+03 1.55798e-01
6.20900e+03 1.58528e-01
6.21000e+03 1.61373e-01
6.21100e+03 1.64221e-01
6.21200e+03 1.67067e-01
6.21300e+03 1.69915e-01
6.21400e+03 1.72763e-01
6.21500e+03 1.75699e-01
6.21600e+03 1.78636e-01
6.21700e+03 1.81573e-01
6.21800e+03 1.84510e-01
6.21900e+03 1.87448e-01
6.22000e+03 1.90441e-01
6.22100e+03 1.93454e-01
6.22200e+03 1.96468e-01
6.22300e+03 1.99484e-01
6.22400e+03 2.02499e-01
6.22500e+03 2.05535e-01
6.22600e+03 2.08571e-01
6.22700e+03 2.11607e-01
6.22800e+03 2.14645e-01
6.22900e+03 2.17684e-01
6.23000e+03 2.20702e-01
6.23100e+03 2.23699e-01
6.23200e+03 2.26696e-01
6.23300e+03 2.29693e-01
6.23400e+03 2.32691e-01
6.23500e+03 2.35627e-01
6.23600e+03 2.38563e-01
6.23700e+03 2.41500e-01
6.23800e+03 2.44437e-01
6.23900e+03 2.47375e-01
6.24000e+03 2.50212e-01
6.24100e+03 2.53063e-01
6.24200e+03 2.55915e-01
6.24300e+03 2.58767e-01
6.24400e+03 2.61619e-01
6.24500e+03 2.64338e-01
6.24600e+03 2.67056e-01
6.24700e+03 2.69775e-01
6.24800e+03 2.72496e-01
6.24900e+03 2.75215e-01
6.25000e+03 2.77772e-01
6.25100e+03 2.80322e-01
6.25200e+03 2.82872e-01
6.25300e+03 2.85423e-01
6.25400e+03 2.87974e-01
6.25500e+03 2.90338e-01
6.25600e+03 2.92702e-01
6.25700e+03 2.95067e-01
6.25800e+03 2.97431e-01
6.25900e+03 2.99797e-01
6.26000e+03 3.01959e-01
6.26100e+03 3.04132e-01
6.26200e+03 3.06304e-01
6.26300e+03 3.08476e-01
6.26400e+03 3.10649e-01
6.26500e+03 3.12611e-01
6.26600e+03 3.14574e-01
6.26700e+03 3.16537e-01
6.26800e+03 3.18500e-01
6.26900e+03 3.20465e-01
6.27000e+03 3.22217e-01
6.27100e+03 3.23992e-01
6.27200e+03 3.25768e-01
6.27300e+03 3.27546e-01
6.27400e+03 3.29324e-01
6.27500e+03 3.30894e-01
6.27600e+03 3.32464e-01
6.27700e+03 3.34036e-01
6.27800e+03 3.35608e-01
6.27900e+03 3.37181e-01
6.28000e+03 3.38555e-01
6.28100e+03 3.39885e-01
6.28200e+03 3.41215e-01
6.28300e+03 3.42545e-01
6.28400e+03 3.43875e-01
6.28500e+03 3.45020e-01
6.28600e+03 3.46165e-01
6.28700e+03 3.47311e-01
6.28800e+03 3.48456e-01
6.28900e+03 3.49602e-01
6.29000e+03 3.50578e-01
6.29100e+03 3.51565e-01
6.29200e+03 3.52552e-01
6.29300e+03 3.53539e-01
6.29400e+03 3.54527e-01
6.29500e+03 3.55362e-01
6.29600e+03 3.56197e-01
6.29700e+03 3.57032e-01
6.29800e+03 3.57867e-01
6.29900e+03 3.58703e-01
6.30000e+03 3.59404e-01
6.30100e+03 3.60100e-01
6.30200e+03 3.60798e-01
6.30300e+03 3.61495e-01
6.30400e+03 3.62192e-01
6.30500e+03 3.62773e-01
6.30600e+03 3.63352e-01
6.30700e+03 3.63932e-01
6.30800e+03 3.64512e-01
6.30900e+03 3.65092e-01
6.31000e+03 3.65571e-01
6.31100e+03 3.66075e-01
6.31200e+03 3.66580e-01
6.31300e+03 3.67084e-01
6.31400e+03 3.67589e-01
6.31500e+03 3.68007e-01
6.31600e+03 3.68427e-01
6.31700e+03 3.68844e-01
6.31800e+03 3.69264e-01
6.31900e+03 3.69683e-01
6.32000e+03 3.70029e-01
6.32100e+03 3.70375e-01
6.32200e+03 3.70721e-01
6.32300e+03 3.71067e-01
6.32400e+03 3.71413e-01
6.32500e+03 3.71699e-01
6.32600e+03 3.71985e-01
6.32700e+03 3.72271e-01
6.32800e+03 3.72557e-01
6.32900e+03 3.72844e-01
6.33000e+03 3.73080e-01
6.33100e+03 3.73324e-01
6.33200e+03 3.73567e-01
6.33300e+03 3.73810e-01
6.33400e+03 3.74054e-01
6.33500e+03 3.74256e-01
6.33600e+03 3.74459e-01
6.33700e+03 3.74662e-01
6.33800e+03 3.74865e-01
6.33900e+03 3.75068e-01
6.34000e+03 3.75239e-01
6.34100e+03 3.75354e-01
6.34200e+03 3.75471e-01
6.34300e+03 3.75587e-01
6.34400e+03 3.75704e-01
6.34500e+03 3.75793e-01
6.34600e+03 3.75883e-01
6.34700e+03 3.75974e-01
6.34800e+03 3.76064e-01
6.34900e+03 3.76154e-01
6.35000e+03 3.76224e-01
6.35100e+03 3.76337e-01
6.35200e+03 3.76450e-01
6.35300e+03 3.76563e-01
6.35400e+03 3.76676e-01
6.35500e+03 3.76774e-01
6.35600e+03 3.76871e-01
6.35700e+03 3.76969e-01
6.35800e+03 3.77065e-01
6.35900e+03 3.77163e-01
6.36000e+03 3.77247e-01
6.36100e+03 3.77311e-01
6.36200e+03 3.77373e-01
6.36300e+03 3.77437e-01
6.36400e+03 3.77500e-01
6.36500e+03 3.77554e-01
6.36600e+03 3.77608e-01
6.36700e+03 3.77662e-01
6.36800e+03 3.77715e-01
6.36900e+03 3.77769e-01
6.37000e+03 3.77815e-01
6.37100e+03 3.77909e-01
6.37200e+03 3.78003e-01
6.37300e+03 3.78097e-01
6.37400e+03 3.78190e-01
6.37500e+03 3.78279e-01
6.37600e+03 3.78368e-01
6.37700e+03 3.78456e-01
6.37800e+03 3.78544e-01
6.37900e+03 3.78633e-01
6.38000e+03 3.78718e-01
6.38100e+03 3.78780e-01
6.38200e+03 3.78842e-01
6.38300e+03 3.78905e-01
6.38400e+03 3.78968e-01
6.38500e+03 3.79027e-01
6.38600e+03 3.79087e-01
6.38700e+03 3.79147e-01
6.38800e+03 3.79207e-01
6.38900e+03 3.79267e-01
6.39000e+03 3.79324e-01
6.39100e+03 3.79357e-01
6.39200e+03 3.79388e-01
6.39300e+03 3.79421e-01
6.39400e+03 3.79452e-01
6.39500e+03 3.79482e-01
6.39600e+03 3.79512e-01
6.39700e+03 3.79543e-01
6.39800e+03 3.79574e-01
6.39900e+03 3.79603e-01
6.40000e+03 3.79634e-01
6.40100e+03 3.79667e-01
6.40200e+03 3.79702e-01
6.40300e+03 3.79736e-01
6.40400e+03 3.79770e-01
6.40500e+03 3.79804e-01
6.40600e+03 3.79837e-01
6.40700e+03 3.79871e-01
6.40800e+03 3.79905e-01
6.40900e+03 3.79937e-01
6.41000e+03 3.79971e-01
6.41100e+03 3.80029e-01
6.41200e+03 3.80088e-01
6.41300e+03 3.80147e-01
6.41400e+03 3.80206e-01
6.41500e+03 3.80265e-01
6.41600e+03 3.80323e-01
6.41700e+03 3.80382e-01
6.41800e+03 3.80440e-01
6.41900e+03 3.80498e-01
6.42000e+03 3.80556e-01
6.42100e+03 3.80558e-01
6.42200e+03 3.80558e-01
6.42300e+03 3.80559e-01
6.42400e+03 3.80560e-01
6.42500e+03 3.80562e-01
6.42600e+03 3.80561e-01
6.42700e+03 3.80562e-01
6.42800e+03 3.80563e-01
6.42900e+03 3.80564e-01
6.43000e+03 3.80564e-01
6.43100e+03 3.80582e-01
6.43200e+03 3.80600e-01
6.43300e+03 3.80617e-01
6.43400e+03 3.80636e-01
6.43500e+03 3.80653e-01
6.43600e+03 3.80671e-01
6.43700e+03 3.80689e-01
6.43800e+03 3.80707e-01
6.43900e+03 3.80725e-01
6.44000e+03 3.80743e-01
6.44100e+03 3.80767e-01
6.44200e+03 3.80790e-01
6.44300e+03 3.80814e-01
6.44400e+03 3.80838e-01
6.44500e+03 3.80860e-01
6.44600e+03 3.80885e-01
6.44700e+03 3.80908e-01
6.44800e+03 3.80930e-01
6.44900e+03 3.80954e-01
6.45000e+03 3.80978e-01
6.45100e+03 3.81009e-01
6.45200e+03 3.81041e-01
6.45300e+03 3.81073e-01
6.45400e+03 3.81103e-01
6.45500e+03 3.81136e-01
6.45600e+03 3.81167e-01
6.45700e+03 3.81199e-01
6.45800e+03 3.81230e-01
6.45900e+03 3.81262e-01
6.46000e+03 3.81293e-01
6.46100e+03 3.81277e-01
6.46200e+03 3.81261e-01
6.46300e+03 3.81245e-01
6.46400e+03 3.81228e-01
6.46500e+03 3.81211e-01
6.46600e+03 3.81195e-01
6.46700e+03 3.81178e-01
6.46800e+03 3.81161e-01
6.46900e+03 3.81145e-01
6.47000e+03 3.81128e-01
6.47100e+03 3.81165e-01
6.47200e+03 3.81203e-01
6.47300e+03 3.81238e-01
6.47400e+03 3.81275e-01
6.47500e+03 3.81312e-01
6.47600e+03 3.81349e-01
6.47700e+03 3.81385e-01
6.47800e+03 3.81422e-01
6.47900e+03 3.81458e-01
6.48000e+03 3.81495e-01
6.48100e+03 3.81488e-01
6.48200e+03 3.81483e-01
6.48300e+03 3.81476e-01
6.48400e+03 3.81469e-01
6.48500e+03 3.81463e-01
6.48600e+03 3.81457e-01
6.48700e+03 3.81450e-01
6.48800e+03 3.81444e-01
6.48900e+03 3.81438e-01
6.49000e+03 3.81431e-01
6.49100e+03 3.81448e-01
6.49200e+03 3.81465e-01
6.49300e+03 3.81480e-01
6.49400e+03 3.81498e-01
6.49500e+03 3.81514e-01
6.49600e+03 3.81531e-01
6.49700e+03 3.81547e-01
6.49800e+03 3.81563e-01
6.49900e+03 3.81580e-01
6.50000e+03 3.81596e-01
6.50100e+03 3.81633e-01
6.50200e+03 3.81669e-01
6.50300e+03 3.81705e-01
6.50400e+03 3.81742e-01
6.50500e+03 3.81778e-01
6.50600e+03 3.81814e-01
6.50700e+03 3.81851e-01
6.50800e+03 3.81887e-01
6.50900e+03 3.81923e-01
6.51000e+03 3.81959e-01
6.51100e+03 3.81969e-01
6.51200e+03 3.81979e-01
6.51300e+03 3.81990e-01
6.51400e+03 3.81999e-01
6.51500e+03 3.82010e-01
6.51600e+03 3.82019e-01
6.51700e+03 3.82030e-01
6.51800e+03 3.82039e-01
6.51900e+03 3.82049e-01
6.52000e+03 3.82059e-01
6.52100e+03 3.82044e-01
6.52200e+03 3.82028e-01
6.52300e+03 3.82012e-01
6.52400e+03 3.81996e-01
6.52500e+03 3.81980e-01
6.52600e+03 3.81964e-01
6.52700e+03 3.81948e-01
6.52800e+03 3.81932e-01
6.52900e+03 3.81915e-01
6.53000e+03 3.81899e-01
6.53100e+03 3.81903e-01
6.53200e+03 3.81906e-01
6.53300e+03 3.81909e-01
6.53400e+03 3.81912e-01
6.53500e+03 3.81914e-01
6.53600e+03 3.81916e-01
6.53700e+03 3.81920e-01
6.53800e+03 3.81923e-01
6.53900e+03 3.81925e-01
6.54000e+03 3.81927e-01
6.54100e+03 3.81994e-01
6.54200e+03 3.82061e-01
6.54300e+03 3.82128e-01
6.54400e+03 3.82194e-01
6.54500e+03 3.82261e-01
6.54600e+03 3.82326e-01
6.54700e+03 3.82392e-01
6.54800e+03 3.82458e-01
6.54900e+03 3.82524e-01
6.55000e+03 3.82587e-01
6.55100e+03 3.82576e-01
6.55200e+03 3.82562e-01
6.55300e+03 3.82550e-01
6.55400e+03 3.82537e-01
6.55500e+03 3.82522e-01
6.55600e+03 3.82506e-01
6.55700e+03 3.82492e-01
6.55800e+03 3.82477e-01
6.55900e+03 3.82462e-01
6.56000e+03 3.82443e-01
6.56100e+03 3.82473e-01
6.56200e+03 3.82500e-01
6.56300e+03 3.82530e-01
6.56400e+03 3.82558e-01
6.56500e+03 3.82582e-01
6.56600e+03 3.82606e-01
6.56700e+03 3.82630e-01
6.56800e+03 3.82654e-01
6.56900e+03 3.82678e-01
6.57000e+03 3.82696e-01
6.57100e+03 3.82669e-01
6.57200e+03 3.82640e-01
6.57300e+03 3.82613e-01
6.57400e+03 3.82585e-01
6.57500e+03 3.82550e-01
6.57600e+03 3.82514e-01
6.57700e+03 3.82478e-01
6.57800e+03 3.82442e-01
6.57900e+03 3.82406e-01
6.58000e+03 3.82359e-01
6.58100e+03 3.82337e-01
6.58200e+03 3.82314e-01
6.58300e+03 3.82293e-01
6.58400e+03 3.82271e-01
6.58500e+03 3.82234e-01
6.58600e+03 3.82198e-01
6.58700e+03 3.82161e-01
6.58800e+03 3.82124e-01
6.58900e+03 3.82087e-01
6.59000e+03 3.82032e-01
6.59100e+03 3.81968e-01
6.59200e+03 3.81904e-01
6.59300e+03 3.81840e-01
6.59400e+03 3.81775e-01
6.59500e+03 3.81688e-01
6.59600e+03 3.81600e-01
6.59700e+03 3.81511e-01
6.59800e+03 3.81423e-01
6.59900e+03 3.81335e-01
6.60000e+03 3.81216e-01
6.60100e+03 3.81117e-01
6.60200e+03 3.81017e-01
6.60300e+03 3.80917e-01
6.60400e+03 3.80816e-01
6.60500e+03 3.80679e-01
6.60600e+03 3.80541e-01
6.60700e+03 3.80404e-01
6.60800e+03 3.80265e-01
6.60900e+03 3.80127e-01
6.61000e+03 3.79943e-01
6.61100e+03 3.79727e-01
6.61200e+03 3.79512e-01
6.61300e+03 3.79297e-01
6.61400e+03 3.79080e-01
6.61500e+03 3.78808e-01
6.61600e+03 3.78537e-01
6.61700e+03 3.78264e-01
6.61800e+03 3.77991e-01
6.61900e+03 3.77719e-01
6.62000e+03 3.77378e-01
6.62100e+03 3.77044e-01
6.62200e+03 3.76710e-01
6.62300e+03 3.76376e-01
6.62400e+03 3.76042e-01
6.62500e+03 3.75626e-01
6.62600e+03 3.75209e-01
6.62700e+03 3.74793e-01
6.62800e+03 3.74376e-01
6.62900e+03 3.73960e-01
6.63000e+03 3.73447e-01
6.63100e+03 3.72943e-01
6.63200e+03 3.72438e-01
6.63300e+03 3.71933e-01
6.63400e+03 3.71429e-01
6.63500e+03 3.70810e-01
6.63600e+03 3.70192e-01
6.63700e+03 3.69574e-01
6.63800e+03 3.68956e-01
6.63900e+03 3.68338e-01
6.64000e+03 3.67589e-01
6.64100e+03 3.66834e-01
6.64200e+03 3.66079e-01
6.64300e+03 3.65324e-01
6.64400e+03 3.64569e-01
6.64500e+03 3.63666e-01
6.64600e+03 3.62762e-01
6.64700e+03 3.61857e-01
6.64800e+03 3.60954e-01
6.64900e+03 3.60050e-01
6.65000e+03 3.58979e-01
6.65100e+03 3.57891e-01
6.65200e+03 3.56801e-01
6.65300e+03 3.55712e-01
6.65400e+03 3.54624e-01
6.65500e+03 3.53352e-01
6.65600e+03 3.52079e-01
6.65700e+03 3.50807e-01
6.65800e+03 3.49535e-01
6.65900e+03 3.48263e-01
6.66000e+03 3.46793e-01
6.66100e+03 3.45369e-01
6.66200e+03 3.43944e-01
6.66300e+03 3.42520e-01
6.66400e+03 3.41094e-01
6.66500e+03 3.39459e-01
6.66600e+03 3.37823e-01
6.66700e+03 3.36187e-01
6.66800e+03 3.34550e-01
6.66900e+03 3.32913e-01
6.67000e+03 3.31059e-01
6.67100e+03 3.29150e-01
6.67200e+03 3.27241e-01
6.67300e+03 3.25334e-01
6.67400e+03 3.23426e-01
6.67500e+03 3.21299e-01
6.67600e+03 3.19173e-01
6.67700e+03 3.17047e-01
6.67800e+03 3.14921e-01
6.67900e+03 3.12796e-01
6.68000e+03 3.10458e-01
6.68100e+03 3.08165e-01
6.68200e+03 3.05872e-01
6.68300e+03 3.03578e-01
6.68400e+03 3.01284e-01
6.68500e+03 2.98789e-01
6.68600e+03 2.96293e-01
6.68700e+03 2.93797e-01
6.68800e+03 2.91301e-01
6.68900e+03 2.88804e-01
6.69000e+03 2.86126e-01
6.69100e+03 2.83430e-01
6.69200e+03 2.80733e-01
6.69300e+03 2.78036e-01
6.69400e+03 2.75339e-01
6.69500e+03 2.72489e-01
6.69600e+03 2.69640e-01
6.69700e+03 2.66790e-01
6.69800e+03 2.63941e-01
6.69900e+03 2.61090e-01
6.70000e+03 2.58121e-01
6.70100e+03 2.55137e-01
6.70200e+03 2.52152e-01
6.70300e+03 2.49169e-01
6.70400e+03 2.46185e-01
6.70500e+03 2.43121e-01
6.70600e+03 2.40058e-01
6.70700e+03 2.36994e-01
6.70800e+03 2.33932e-01
6.70900e+03 2.30869e-01
6.71000e+03 2.27767e-01
6.71100e+03 2.24699e-01
6.71200e+03 2.21629e-01
6.71300e+03 2.18560e-01
6.71400e+03 2.15490e-01
6.71500e+03 2.12421e-01
6.71600e+03 2.09351e-01
6.71700e+03 2.06281e-01
6.71800e+03 2.03210e-01
6.71900e+03 2.00138e-01
6.72000e+03 1.97107e-01
6.72100e+03 1.94059e-01
6.72200e+03 1.91010e-01
6.72300e+03 1.87961e-01
6.72400e+03 1.84912e-01
6.72500e+03 1.81940e-01
6.72600e+03 1.78969e-01
6.72700e+03 1.75997e-01
6.72800e+03 1.73025e-01
6.72900e+03 1.70053e-01
6.73000e+03 1.67189e-01
6.73100e+03 1.64312e-01
6.73200e+03 1.61436e-01
6.73300e+03 1.58560e-01
6.73400e+03 1.55684e-01
6.73500e+03 1.52942e-01
6.73600e+03 1.50200e-01
6.73700e+03 1.47459e-01
6.73800e+03 1.44718e-01
6.73900e+03 1.41977e-01
6.74000e+03 1.39390e-01
6.74100e+03 1.36810e-01
6.74200e+03 1.34229e-01
6.74300e+03 1.31649e-01
6.74400e+03 1.29069e-01
6.74500e+03 1.26654e-01
6.74600e+03 1.24239e-01
6.74700e+03 1.21824e-01
6.74800e+03 1.19409e-01
6.74900e+03 1.16994e-01
6.75000e+03 1.14752e-01
6.75100e+03 1.12520e-01
6.75200e+03 1.10288e-01
6.75300e+03 1.08056e-01
6.75400e+03 1.05823e-01
6.75500e+03 1.03764e-01
6.75600e+03 1.01705e-01
6.75700e+03 9.96453e-02
6.75800e+03 9.75855e-02
6.75900e+03 9.55252e-02
6.76000e+03 9.36370e-02
6.76100e+03 9.17293e-02
6.76200e+03 8.98216e-02
6.76300e+03 8.79147e-02
6.76400e+03 8.60081e-02
6.76500e+03 8.42691e-02
6.76600e+03 8.25306e-02
6.76700e+03 8.07924e-02
6.76800e+03 7.90547e-02
6.76900e+03 7.73172e-02
6.77000e+03 7.57398e-02
6.77100e+03 7.41741e-02
6.77200e+03 7.26086e-02
6.77300e+03 7.10429e-02
6.77400e+03 6.94768e-02
6.77500e+03 6.80611e-02
6.77600e+03 6.66449e-02
6.77700e+03 6.52289e-02
6.77800e+03 6.38125e-02
6.77900e+03 6.23961e-02
6.78000e+03 6.11195e-02
6.78100e+03 5.98419e-02
6.78200e+03 5.85644e-02
6.78300e+03 5.72867e-02
6.78400e+03 5.60090e-02
6.78500e+03 5.48603e-02
6.78600e+03 5.37114e-02
6.78700e+03 5.25626e-02
6.78800e+03 5.14136e-02
6.78900e+03 5.02646e-02
6.79000e+03 4.92337e-02
6.79100e+03 4.82003e-02
6.79200e+03 4.71669e-02
6.79300e+03 4.61335e-02
6.79400e+03 4.51002e-02
6.79500e+03 4.41746e-02
6.79600e+03 4.32489e-02
6.79700e+03 4.23233e-02
6.79800e+03 4.13978e-02
6.79900e+03 4.04724e-02
6.80000e+03 3.96443e-02
6.80100e+03 3.88161e-02
6.80200e+03 3.79879e-02
6.80300e+03 3.71597e-02
6.80400e+03 3.63317e-02
6.80500e+03 3.55914e-02
6.80600e+03 3.48512e-02
6.80700e+03 3.41111e-02
6.80800e+03 3.33710e-02
6.80900e+03 3.26310e-02
6.81000e+03 3.19699e-02
6.81100e+03 3.13078e-02
6.81200e+03 3.06458e-02
6.81300e+03 2.99839e-02
6.81400e+03 2.93222e-02
6.81500e+03 2.87311e-02
6.81600e+03 2.81401e-02
6.81700e+03 2.75492e-02
6.81800e+03 2.69583e-02
6.81900e+03 2.63676e-02
6.82000e+03 2.58401e-02
6.82100e+03 2.53147e-02
6.82200e+03 2.47893e-02
6.82300e+03 2.42640e-02
6.82400e+03 2.37386e-02
6.82500e+03 2.32695e-02
6.82600e+03 2.28004e-02
6.82700e+03 2.23313e-02
6.82800e+03 2.18622e-02
6.82900e+03 2.13930e-02
6.83000e+03 2.09741e-02
6.83100e+03 2.05546e-02
6.83200e+03 2.01352e-02
6.83300e+03 1.97158e-02
6.83400e+03 1.92964e-02
6.83500e+03 1.89217e-02
6.83600e+03 1.85471e-02
6.83700e+03 1.81724e-02
6.83800e+03 1.77977e-02
6.83900e+03 1.74230e-02
6.84000e+03 1.70882e-02
6.84100e+03 1.67518e-02
6.84200e+03 1.64154e-02
6.84300e+03 1.60792e-02
6.84400e+03 1.57430e-02
6.84500e+03 1.54422e-02
6.84600e+03 1.51415e-02
6.84700e+03 1.48408e-02
6.84800e+03 1.45403e-02
6.84900e+03 1.42398e-02
6.85000e+03 1.39707e-02
6.85100e+03 1.37028e-02
6.85200e+03 1.34349e-02
6.85300e+03 1.31670e-02
6.85400e+03 1.28991e-02
6.85500e+03 1.26592e-02
6.85600e+03 1.24193e-02
6.85700e+03 1.21794e-02
6.85800e+03 1.19396e-02
6.85900e+03 1.16997e-02
6.86000e+03 1.14847e-02
6.86100e+03 1.12704e-02
6.86200e+03 1.10561e-02
6.86300e+03 1.08418e-02
6.86400e+03 1.06275e-02
6.86500e+03 1.04353e-02
6.86600e+03 1.02431e-02
6.86700e+03 1.00509e-02
6.86800e+03 9.85860e-03
6.86900e+03 9.66632e-03
6.87000e+03 9.49374e-03
6.87100e+03 9.32045e-03
6.87200e+03 9.14714e-03
6.87300e+03 8.97387e-03
6.87400e+03 8.80062e-03
6.87500e+03 8.64491e-03
6.87600e+03 8.48924e-03
6.87700e+03 8.33355e-03
6.87800e+03 8.17789e-03
6.87900e+03 8.02221e-03
6.88000e+03 7.88221e-03
6.88100e+03 7.74243e-03
6.88200e+03 7.60263e-03
6.88300e+03 7.46285e-03
6.88400e+03 7.32305e-03
6.88500e+03 7.19722e-03
6.88600e+03 7.07139e-03
6.88700e+03 6.94556e-03
6.88800e+03 6.81971e-03
6.88900e+03 6.69388e-03
6.89000e+03 6.58051e-03
6.89100e+03 6.46677e-03
6.89200e+03 6.35303e-03
6.89300e+03 6.23932e-03
6.89400e+03 6.12561e-03
6.89500e+03 6.02304e-03
6.89600e+03 5.92048e-03
6.89700e+03 5.81794e-03
6.89800e+03 5.71540e-03
6.89900e+03 5.61288e-03
6.90000e+03 5.52031e-03
6.90100e+03 5.42789e-03
6.90200e+03 5.33546e-03
6.90300e+03 5.24305e-03
6.90400e+03 5.15063e-03
6.90500e+03 5.06713e-03
6.90600e+03 4.98361e-03
6.90700e+03 4.90012e-03
6.90800e+03 4.81663e-03
6.90900e+03 4.73314e-03
6.91000e+03 4.65762e-03
6.91100e+03 4.58279e-03
6.91200e+03 4.50792e-03
6.91300e+03 4.43305e-03
6.91400e+03 4.35816e-03
6.91500e+03 4.29038e-03
6.91600e+03 4.22259e-03
6.91700e+03 4.15479e-03
6.91800e+03 4.08697e-03
6.91900e+03 4.01913e-03
6.92000e+03 3.95768e-03
6.92100e+03 3.89560e-03
6.92200e+03 3.83351e-03
6.92300e+03 3.77143e-03
6.92400e+03 3.70936e-03
6.92500e+03 3.65304e-03
6.92600e+03 3.59674e-03
6.92700e+03 3.54043e-03
6.92800e+03 3.48412e-03
6.92900e+03 3.42784e-03
6.93000e+03 3.37671e-03
6.93100e+03 3.32547e-03
6.93200e+03 3.27424e-03
6.93300e+03 3.22301e-03
6.93400e+03 3.17179e-03
6.93500e+03 3.12523e-03
6.93600e+03 3.07867e-03
6.93700e+03 3.03213e-03
6.93800e+03 2.98558e-03
6.93900e+03 2.93905e-03
6.94000e+03 2.89671e-03
6.94100e+03 2.85472e-03
6.94200e+03 2.81273e-03
6.94300e+03 2.77074e-03
6.94400e+03 2.72874e-03
6.94500e+03 2.69050e-03
6.94600e+03 2.65227e-03
6.94700e+03 2.61404e-03
6.94800e+03 2.57579e-03
6.94900e+03 2.53755e-03
6.95000e+03 2.50270e-03
6.95100e+03 2.46745e-03
6.95200e+03 2.43220e-03
6.95300e+03 2.39696e-03
6.95400e+03 2.36173e-03
6.95500e+03 2.32958e-03
6.95600e+03 2.29743e-03
6.95700e+03 2.26530e-03
6.95800e+03 2.23318e-03
6.95900e+03 2.20107e-03
6.96000e+03 2.17173e-03
6.96100e+03 2.14245e-03
6.96200e+03 2.11318e-03
6.96300e+03 2.08392e-03
6.96400e+03 2.05466e-03
6.96500e+03 2.02792e-03
6.96600e+03 2.00118e-03
6.96700e+03 1.97445e-03
6.96800e+03 1.94772e-03
6.96900e+03 1.92100e-03
6.97000e+03 1.89655e-03
6.97100e+03 1.87226e-03
6.97200e+03 1.84797e-03
6.97300e+03 1.82369e-03
6.97400e+03 1.79941e-03
6.97500e+03 1.77718e-03
6.97600e+03 1.75495e-03
6.97700e+03 1.73272e-03
6.97800e+03 1.71050e-03
6.97900e+03 1.68827e-03
6.98000e+03 1.66791e-03
6.98100e+03 1.64773e-03
6.98200e+03 1.62754e-03
6.98300e+03 1.60735e-03
6.98400e+03 1.58716e-03
6.98500e+03 1.56865e-03
6.98600e+03 1.55014e-03
6.98700e+03 1.53163e-03
6.98800e+03 1.51311e-03
6.98900e+03 1.49460e-03
6.99000e+03 1.47761e-03
6.99100e+03 1.46051e-03
6.99200e+03 1.44341e-03
6.99300e+03 1.42630e-03
6.99400e+03 1.40921e-03
6.99500e+03 1.39350e-03
6.99600e+03 1.37780e-03
6.99700e+03 1.36209e-03
6.99800e+03 1.34639e-03
6.99900e+03 1.33069e-03
7.00000e+03 1.31626e-03
7.00100e+03 1.30168e-03
7.00200e+03 1.28710e-03
7.00300e+03 1.27253e-03
7.00400e+03 1.25797e-03
7.00500e+03 1.24456e-03
7.00600e+03 1.23116e-03
7.00700e+03 1.21776e-03
7.00800e+03 1.20436e-03
7.00900e+03 1.19097e-03
7.01000e+03 1.17863e-03
7.01100e+03 1.16635e-03
7.01200e+03 1.15408e-03
7.01300e+03 1.14181e-03
7.01400e+03 1.12954e-03
7.01500e+03 1.11823e-03
7.01600e+03 1.10693e-03
7.01700e+03 1.09562e-03
7.01800e+03 1.08432e-03
7.01900e+03 1.07302e-03
7.02000e+03 1.06260e-03
7.02100e+03 1.05223e-03
7.02200e+03 1.04186e-03
7.02300e+03 1.03149e-03
7.02400e+03 1.02112e-03
7.02500e+03 1.01155e-03
7.02600e+03 1.00199e-03
7.02700e+03 9.92422e-04
7.02800e+03 9.82860e-04
7.02900e+03 9.73295e-04
7.03000e+03 9.64465e-04
7.03100e+03 9.55633e-04
7.03200e+03 9.46802e-04
7.03300e+03 9.37971e-04
7.03400e+03 9.29142e-04
7.03500e+03 9.20982e-04
7.03600e+03 9.12825e-04
7.03700e+03 9.04664e-04
7.03800e+03 8.96508e-04
7.03900e+03 8.88352e-04
7.04000e+03 8.80809e-04
7.04100e+03 8.73209e-04
7.04200e+03 8.65612e-04
7.04300e+03 8.58016e-04
7.04400e+03 8.50421e-04
7.04500e+03 8.43390e-04
7.04600e+03 8.36359e-04
7.04700e+03 8.29332e-04
7.04800e+03 8.22304e-04
7.04900e+03 8.15280e-04
7.05000e+03 8.08770e-04
7.05100e+03 8.02286e-04
7.05200e+03 7.95805e-04
7.05300e+03 7.89323e-04
7.05400e+03 7.82842e-04
7.05500e+03 7.76837e-04
7.05600e+03 7.70830e-04
7.05700e+03 7.64826e-04
7.05800e+03 7.58821e-04
7.05900e+03 7.52818e-04
7.06000e+03 7.47250e-04
7.06100e+03 7.41623e-04
7.06200e+03 7.35995e-04
7.06300e+03 7.30372e-04
7.06400e+03 7.24749e-04
7.06500e+03 7.19528e-04
7.06600e+03 7.14307e-04
7.06700e+03 7.09088e-04
7.06800e+03 7.03871e-04
7.06900e+03 6.98654e-04
7.07000e+03 6.93806e-04
7.07100e+03 6.89041e-04
7.07200e+03 6.84277e-04
7.07300e+03 6.79513e-04
7.07400e+03 6.74749e-04
7.07500e+03 6.70322e-04
7.07600e+03 6.65897e-04
7.07700e+03 6.61470e-04
7.07800e+03 6.57045e-04
7.07900e+03 6.52620e-04
7.08000e+03 6.48505e-04
7.08100e+03 6.44389e-04
7.08200e+03 6.40274e-04
7.08300e+03 6.36160e-04
7.08400e+03 6.32044e-04
7.08500e+03 6.28215e-04
7.08600e+03 6.24387e-04
7.08700e+03 6.20560e-04
7.08800e+03 6.16731e-04
7.08900e+03 6.12905e-04
7.09000e+03 6.09340e-04
7.09100e+03 6.05703e-04
7.09200e+03 6.02068e-04
7.09300e+03 5.98434e-04
7.09400e+03 5.94800e-04
7.09500e+03 5.91411e-04
7.09600e+03 5.88023e-04
7.09700e+03 5.84636e-04
7.09800e+03 5.81249e-04
7.09900e+03 5.77864e-04
7.10000e+03 5.74703e-04
7.10100e+03 5.71568e-04
7.10200e+03 5.68433e-04
7.10300e+03 5.65300e-04
7.10400e+03 5.62167e-04
7.10500e+03 5.59240e-04
7.10600e+03 5.56315e-04
7.10700e+03 5.53389e-04
7.10800e+03 5.50465e-04
7.10900e+03 5.47543e-04
7.11000e+03 5.44810e-04
7.11100e+03 5.42118e-04
7.11200e+03 5.39427e-04
7.11300e+03 5.36736e-04
7.11400e+03 5.34045e-04
7.11500e+03 5.31531e-04
7.11600e+03 5.29016e-04
7.11700e+03 5.26503e-04
7.11800e+03 5.23989e-04
7.11900e+03 5.21476e-04
7.12000e+03 5.19125e-04
7.12100e+03 5.16797e-04
7.12200e+03 5.14468e-04
7.12300e+03 5.12140e-04
7.12400e+03 5.09812e-04
7.12500e+03 5.07634e-04
7.12600e+03 5.05457e-04
7.12700e+03 5.03279e-04
7.12800e+03 5.01102e-04
7.12900e+03 4.98924e-04
7.13000e+03 4.96886e-04
7.13100e+03 4.94811e-04
7.13200e+03 4.92736e-04
7.13300e+03 4.90660e-04
7.13400e+03 4.88585e-04
7.13500e+03 4.86641e-04
7.13600e+03 4.84695e-04
7.13700e+03 4.82750e-04
7.13800e+03 4.80807e-04
7.13900e+03 4.78862e-04
7.14000e+03 4.77038e-04
7.14100e+03 4.75210e-04
7.14200e+03 4.73382e-04
7.14300e+03 4.71554e-04
7.14400e+03 4.69730e-04
7.14500e+03 4.68013e-04
7.14600e+03 4.66298e-04
7.14700e+03 4.64582e-04
7.14800e+03 4.62868e-04
7.14900e+03 4.61154e-04
7.15000e+03 4.59543e-04
7.15100e+03 4.57911e-04
7.15200e+03 4.56278e-04
7.15300e+03 4.54647e-04
7.15400e+03 4.53016e-04
7.15500e+03 4.51480e-04
7.15600e+03 4.49945e-04
7.15700e+03 4.48412e-04
7.15800e+03 4.46877e-04
7.15900e+03 4.45343e-04
7.16000e+03 4.43899e-04
7.16100e+03 4.42520e-04
7.16200e+03 4.41141e-04
7.16300e+03 4.39762e-04
7.16400e+03 4.38383e-04
7.16500e+03 4.37087e-04
7.16600e+03 4.35790e-04
7.16700e+03 4.34493e-04
7.16800e+03 4.33195e-04
7.16900e+03 4.31899e-04
7.17000e+03 4.30679e-04
7.17100e+03 4.29425e-04
7.17200e+03 4.28169e-04
7.17300e+03 4.26916e-04
7.17400e+03 4.25662e-04
7.17500e+03 4.24479e-04
7.17600e+03 4.23296e-04
7.17700e+03 4.22114e-04
7.17800e+03 4.20931e-04
7.17900e+03 4.19749e-04
7.18000e+03 4.18633e-04
7.18100e+03 4.17523e-04
7.18200e+03 4.16414e-04
7.18300e+03 4.15305e-04
7.18400e+03 4.14195e-04
7.18500e+03 4.13148e-04
7.18600e+03 4.12101e-04
7.18700e+03 4.11054e-04
7.18800e+03 4.10007e-04
7.18900e+03 4.08960e-04
7.19000e+03 4.07972e-04
7.19100e+03 4.06973e-04
7.19200e+03 4.05975e-04
7.19300e+03 4.04977e-04
7.19400e+03 4.03980e-04
7.19500e+03 4.03035e-04
7.19600e+03 4.02091e-04
7.19700e+03 4.01147e-04
7.19800e+03 4.00204e-04
7.19900e+03 3.99260e-04
7.20000e+03 3.98366e-04
7.20100e+03 3.97463e-04
7.20200e+03 3.96560e-04
7.20300e+03 3.95656e-04
7.20400e+03 3.94753e-04
7.20500e+03 3.93896e-04
7.20600e+03 3.93039e-04
7.20700e+03 3.92183e-04
7.20800e+03 3.91327e-04
7.20900e+03 3.90471e-04
7.21000e+03 3.89658e-04
7.21100e+03 3.88818e-04
7.21200e+03 3.87979e-04
7.21300e+03 3.87140e-04
7.21400e+03 3.86301e-04
7.21500e+03 3.85502e-04
7.21600e+03 3.84703e-04
7.21700e+03 3.83905e-04
7.21800e+03 3.83107e-04
7.21900e+03 3.82309e-04
7.22000e+03 3.81548e-04
7.22100e+03 3.80788e-04
7.22200e+03 3.80028e-04
7.22300e+03 3.79268e-04
7.22400e+03 3.78508e-04
7.22500e+03 3.77782e-04
7.22600e+03 3.77058e-04
7.22700e+03 3.76334e-04
7.22800e+03 3.75609e-04
7.22900e+03 3.74885e-04
7.23000e+03 3.74194e-04
7.23100e+03 3.73531e-04
7.23200e+03 3.72870e-04
7.23300e+03 3.72209e-04
7.23400e+03 3.71547e-04
7.23500e+03 3.70915e-04
7.23600e+03 3.70285e-04
7.23700e+03 3.69653e-04
7.23800e+03 3.69022e-04
7.23900e+03 3.68392e-04
7.24000e+03 3.67789e-04
7.24100e+03 3.67183e-04
7.24200e+03 3.66579e-04
7.24300e+03 3.65975e-04
7.24400e+03 3.65371e-04
7.24500e+03 3.64792e-04
7.24600e+03 3.64214e-04
7.24700e+03 3.63636e-04
7.24800e+03 3.63059e-04
7.24900e+03 3.62481e-04
7.25000e+03 3.61927e-04
7.25100e+03 3.61349e-04
7.25200e+03 3.60771e-04
7.25300e+03 3.60193e-04
7.25400e+03 3.59616e-04
7.25500e+03 3.59060e-04
7.25600e+03 3.58506e-04
7.25700e+03 3.57951e-04
7.25800e+03 3.57397e-04
7.25900e+03 3.56843e-04
7.26000e+03 3.56310e-04
7.26100e+03 3.55803e-04
7.26200e+03 3.55296e-04
7.26300e+03 3.54790e-04
7.26400e+03 3.54284e-04
7.26500e+03 3.53797e-04
7.26600e+03 3.53311e-04
7.26700e+03 3.52823e-04
7.26800e+03 3.52337e-04
7.26900e+03 3.51851e-04
7.27000e+03 3.51382e-04
7.27100e+03 3.50894e-04
7.27200e+03 3.50406e-04
7.27300e+03 3.49919e-04
7.27400e+03 3.49431e-04
7.27500e+03 3.48960e-04
7.27600e+03 3.48490e-04
7.27700e+03 3.48019e-04
7.27800e+03 3.47549e-04
7.27900e+03 3.47079e-04
7.28000e+03 3.46625e-04
7.28100e+03 3.46167e-04
7.28200e+03 3.45708e-04
7.28300e+03 3.45250e-04
7.28400e+03 3.44792e-04
7.28500e+03 3.44349e-04
7.28600e+03 3.43906e-04
7.28700e+03 3.43463e-04
7.28800e+03 3.43021e-04
7.28900e+03 3.42577e-04
7.29000e+03 3.42148e-04
7.29100e+03 3.41722e-04
7.29200e+03 3.41297e-04
7.29300e+03 3.40872e-04
7.29400e+03 3.40447e-04
7.29500e+03 3.40034e-04
7.29600e+03 3.39620e-04
7.29700e+03 3.39208e-04
7.29800e+03 3.38795e-04
7.29900e+03 3.38383e-04
7.30000e+03 3.37983e-04
7.30100e+03 3.37593e-04
7.30200e+03 3.37202e-04
7.30300e+03 3.36812e-04
7.30400e+03 3.36422e-04
7.30500e+03 3.36043e-04
7.30600e+03 3.35663e-04
7.30700e+03 3.35284e-04
7.30800e+03 3.34905e-04
7.30900e+03 3.34525e-04
7.31000e+03 3.34157e-04
7.31100e+03 3.33790e-04
7.31200e+03 3.33424e-04
7.31300e+03 3.33058e-04
7.31400e+03 3.32692e-04
7.31500e+03 3.32335e-04
7.31600e+03 3.31978e-04
7.31700e+03 3.31621e-04
7.31800e+03 3.31265e-04
7.31900e+03 3.30908e-04
7.32000e+03 3.30559e-04
7.32100e+03 3.30228e-04
7.32200e+03 3.29895e-04
7.32300e+03 3.29562e-04
7.32400e+03 3.29230e-04
7.32500e+03 3.28905e-04
7.32600e+03 3.28581e-04
7.32700e+03 3.28256e-04
7.32800e+03 3.27931e-04
7.32900e+03 3.27607e-04
7.33000e+03 3.27289e-04
7.33100e+03 3.26949e-04
7.33200e+03 3.26609e-04
7.33300e+03 3.26269e-04
7.33400e+03 3.25928e-04
7.33500e+03 3.25595e-04
7.33600e+03 3.25262e-04
7.33700e+03 3.24929e-04
7.33800e+03 3.24595e-04
7.33900e+03 3.24263e-04
7.34000e+03 3.23935e-04
7.34100e+03 3.23600e-04
7.34200e+03 3.23267e-04
7.34300e+03 3.22932e-04
7.34400e+03 3.22598e-04
7.34500e+03 3.22268e-04
7.34600e+03 3.21940e-04
7.34700e+03 3.21611e-04
7.34800e+03 3.21282e-04
7.34900e+03 3.20954e-04
7.35000e+03 3.20631e-04
7.35100e+03 3.20325e-04
7.35200e+03 3.20019e-04
7.35300e+03 3.19714e-04
7.35400e+03 3.19409e-04
7.35500e+03 3.19107e-04
7.35600e+03 3.18807e-04
7.35700e+03 3.18505e-04
7.35800e+03 3.18205e-04
7.35900e+03 3.17904e-04
7.36000e+03 3.17606e-04
7.36100e+03 3.17311e-04
7.36200e+03 3.17016e-04
7.36300e+03 3.16721e-04
7.36400e+03 3.16426e-04
7.36500e+03 3.16133e-04
7.36600e+03 3.15842e-04
7.36700e+03 3.15550e-04
7.36800e+03 3.15259e-04
7.36900e+03 3.14967e-04
7.37000e+03 3.14679e-04
7.37100e+03 3.14400e-04
7.37200e+03 3.14121e-04
7.37300e+03 3.13843e-04
7.37400e+03 3.13564e-04
7.37500e+03 3.13288e-04
7.37600e+03 3.13012e-04
7.37700e+03 3.12736e-04
7.37800e+03 3.12460e-04
7.37900e+03 3.12184e-04
7.38000e+03 3.11911e-04
7.38100e+03 3.11588e-04
7.38200e+03 3.11264e-04
7.38300e+03 3.10941e-04
7.38400e+03 3.10619e-04
7.38500e+03 3.10298e-04
7.38600e+03 3.09977e-04
7.38700e+03 3.09657e-04
7.38800e+03 3.09336e-04
7.38900e+03 3.09016e-04
7.39000e+03 3.08698e-04
7.39100e+03 3.08456e-04
7.39200e+03 3.08214e-04
7.39300e+03 3.07973e-04
7.39400e+03 3.07730e-04
7.39500e+03 3.07490e-04
7.39600e+03 3.07250e-04
7.39700e+03 3.07009e-04
7.39800e+03 3.06769e-04
7.39900e+03 3.06528e-04
7.40000e+03 3.06288e-04
7.40100e+03 3.05936e-04
7.40200e+03 3.05585e-04
7.40300e+03 3.05234e-04
7.40400e+03 3.04883e-04
7.40500e+03 3.04532e-04
7.40600e+03 3.04182e-04
7.40700e+03 3.03833e-04
7.40800e+03 3.03483e-04
7.40900e+03 3.03134e-04
7.41000e+03 3.02785e-04
7.41100e+03 3.02526e-04
7.41200e+03 3.02267e-04
7.41300e+03 3.02008e-04
7.41400e+03 3.01749e-04
7.41500e+03 3.01490e-04
7.41600e+03 3.01232e-04
7.41700e+03 3.00973e-04
7.41800e+03 3.00714e-04
7.41900e+03 3.00456e-04
7.42000e+03 3.00197e-04
7.42100e+03 2.99881e-04
7.42200e+03 2.99565e-04
7.42300e+03 2.99249e-04
7.42400e+03 2.98934e-04
7.42500e+03 2.98617e-04
7.42600e+03 2.98302e-04
7.42700e+03 2.97985e-04
7.42800e+03 2.97670e-04
7.42900e+03 2.97355e-04
7.43000e+03 2.97039e-04
7.43100e+03 2.96739e-04
7.43200e+03 2.96439e-04
7.43300e+03 2.96140e-04
7.43400e+03 2.95840e-04
7.43500e+03 2.95539e-04
7.43600e+03 2.95240e-04
7.43700e+03 2.94939e-04
7.43800e+03 2.94639e-04
7.43900e+03 2.94339e-04
7.44000e+03 2.94039e-04
7.44100e+03 2.93737e-04
7.44200e+03 2.93435e-04
7.44300e+03 2.93133e-04
7.44400e+03 2.92832e-04
7.44500e+03 2.92529e-04
7.44600e+03 2.92227e-04
7.44700e+03 2.91924e-04
7.44800e+03 2.91622e-04
7.44900e+03 2.91320e-04
7.45000e+03 2.91016e-04
7.45100e+03 2.90715e-04
7.45200e+03 2.90413e-04
7.45300e+03 2.90111e-04
7.45400e+03 2.89809e-04
7.45500e+03 2.89507e-04
7.45600e+03 2.89204e-04
7.45700e+03 2.88902e-04
7.45800e+03 2.88599e-04
7.45900e+03 2.88297e-04
7.46000e+03 2.87992e-04
7.46100e+03 2.87695e-04
7.46200e+03 2.87397e-04
7.46300e+03 2.87100e-04
7.46400e+03 2.86804e-04
7.46500e+03 2.86504e-04
7.46600e+03 2.86206e-04
7.46700e+03 2.85907e-04
7.46800e+03 2.85609e-04
7.46900e+03 2.85310e-04
7.47000e+03 2.85010e-04
7.47100e+03 2.84705e-04
7.47200e+03 2.84400e-04
7.47300e+03 2.84095e-04
7.47400e+03 2.83790e-04
7.47500e+03 2.83484e-04
7.47600e+03 2.83177e-04
7.47700e+03 2.82871e-04
7.47800e+03 2.82564e-04
7.47900e+03 2.82258e-04
7.48000e+03 2.81949e-04
7.48100e+03 2.81653e-04
7.48200e+03 2.81359e-04
7.48300e+03 2.81064e-04
7.48400e+03 2.80769e-04
7.48500e+03 2.80473e-04
7.48600e+03 2.80176e-04
7.48700e+03 2.79878e-04
7.48800e+03 2.79581e-04
7.48900e+03 2.79284e-04
7.49000e+03 2.78985e-04
7.49100e+03 2.78669e-04
7.49200e+03 2.78353e-04
7.49300e+03 2.78037e-04
7.49400e+03 2.77722e-04
7.49500e+03 2.77403e-04
7.49600e+03 2.77085e-04
7.49700e+03 2.76767e-04
7.49800e+03 2.76449e-04
7.49900e+03 2.76131e-04
7.50000e+03 2.75811e-04
7.50100e+03 2.75505e-04
7.50200e+03 2.75199e-04
7.50300e+03 2.74894e-04
7.50400e+03 2.74588e-04
7.50500e+03 2.74280e-04
7.50600e+03 2.73972e-04
7.50700e+03 2.73664e-04
7.50800e+03 2.73356e-04
7.50900e+03 2.73047e-04
7.51000e+03 2.72737e-04
7.51100e+03 2.72399e-04
7.51200e+03 2.72063e-04
7.51300e+03 2.71726e-04
7.51400e+03 2.71389e-04
7.51500e+03 2.71049e-04
7.51600e+03 2.70709e-04
7.51700e+03 2.70370e-04
7.51800e+03 2.70031e-04
7.51900e+03 2.69692e-04
7.52000e+03 2.69349e-04
7.52100e+03 2.69070e-04
7.52200e+03 2.68791e-04
7.52300e+03 2.68510e-04
7.52400e+03 2.68231e-04
7.52500e+03 2.67949e-04
7.52600e+03 2.67666e-04
7.52700e+03 2.67382e-04
7.52800e+03 2.67099e-04
7.52900e+03 2.66817e-04
7.53000e+03 2.66530e-04
7.53100e+03 2.66138e-04
7.53200e+03 2.65746e-04
7.53300e+03 2.65354e-04
7.53400e+03 2.64963e-04
7.53500e+03 2.64568e-04
7.53600e+03 2.64174e-04
7.53700e+03 2.63779e-04
7.53800e+03 2.63385e-04
7.53900e+03 2.62992e-04
7.54000e+03 2.62595e-04
7.54100e+03 2.62295e-04
7.54200e+03 2.61996e-04
7.54300e+03 2.61697e-04
7.54400e+03 2.61398e-04
7.54500e+03 2.61094e-04
7.54600e+03 2.60793e-04
7.54700e+03 2.60489e-04
7.54800e+03 2.60187e-04
7.54900e+03 2.59884e-04
7.55000e+03 2.59577e-04
7.55100e+03 2.59238e-04
7.55200e+03 2.58900e-04
7.55300e+03 2.58562e-04
7.55400e+03 2.58223e-04
7.55500e+03 2.57881e-04
7.55600e+03 2.57539e-04
7.55700e+03 2.57197e-04
7.55800e+03 2.56855e-04
7.55900e+03 2.56514e-04
7.56000e+03 2.56168e-04
7.56100e+03 2.55802e-04
7.56200e+03 2.55436e-04
7.56300e+03 2.55071e-04
7.56400e+03 2.54705e-04
7.56500e+03 2.54337e-04
7.56600e+03 2.53968e-04
7.56700e+03 2.53598e-04
7.56800e+03 2.53230e-04
7.56900e+03 2.52861e-04
7.57000e+03 2.52489e-04
7.57100e+03 2.52117e-04
7.57200e+03 2.51746e-04
7.57300e+03 2.51375e-04
7.57400e+03 2.51003e-04
7.57500e+03 2.50629e-04
7.57600e+03 2.50254e-04
7.57700e+03 2.49880e-04
7.57800e+03 2.49506e-04
7.57900e+03 2.49131e-04
7.58000e+03 2.48753e-04
7.58100e+03 2.48396e-04
7.58200e+03 2.48039e-04
7.58300e+03 2.47682e-04
7.58400e+03 2.47326e-04
7.58500e+03 2.46965e-04
7.58600e+03 2.46604e-04
7.58700e+03 2.46244e-04
7.58800e+03 2.45883e-04
7.58900e+03 2.45522e-04
7.59000e+03 2.45158e-04
7.59100e+03 2.44775e-04
7.59200e+03 2.44393e-04
7.59300e+03 2.44010e-04
7.59400e+03 2.43627e-04
7.59500e+03 2.43241e-04
7.59600e+03 2.42854e-04
7.59700e+03 2.42467e-04
7.59800e+03 2.42082e-04
7.59900e+03 2.41695e-04
7.60000e+03 2.41305e-04
7.60100e+03 2.40948e-04
7.60200e+03 2.40590e-04
7.60300e+03 2.40232e-04
7.60400e+03 2.39874e-04
7.60500e+03 2.39512e-04
7.60600e+03 2.39150e-04
7.60700e+03 2.38788e-04
7.60800e+03 2.38427e-04
7.60900e+03 2.38065e-04
7.61000e+03 2.37699e-04
7.61100e+03 2.37293e-04
7.61200e+03 2.36887e-04
7.61300e+03 2.36482e-04
7.61400e+03 2.36077e-04
7.61500e+03 2.35667e-04
7.61600e+03 2.35258e-04
7.61700e+03 2.34849e-04
7.61800e+03 2.34440e-04
7.61900e+03 2.34032e-04
7.62000e+03 2.33619e-04
7.62100e+03 2.33225e-04
7.62200e+03 2.32831e-04
7.62300e+03 2.32438e-04
7.62400e+03 2.32045e-04
7.62500e+03 2.31647e-04
7.62600e+03 2.31250e-04
7.62700e+03 2.30853e-04
7.62800e+03 2.30456e-04
7.62900e+03 2.30059e-04
7.63000e+03 2.29658e-04
7.63100e+03 2.29264e-04
7.63200e+03 2.28870e-04
7.63300e+03 2.28476e-04
7.63400e+03 2.28083e-04
7.63500e+03 2.27684e-04
7.63600e+03 2.27287e-04
7.63700e+03 2.26889e-04
7.63800e+03 2.26492e-04
7.63900e+03 2.26094e-04
7.64000e+03 2.25693e-04
7.64100e+03 2.25256e-04
7.64200e+03 2.24820e-04
7.64300e+03 2.24384e-04
7.64400e+03 2.23948e-04
7.64500e+03 2.23508e-04
7.64600e+03 2.23068e-04
7.64700e+03 2.22629e-04
7.64800e+03 2.22190e-04
7.64900e+03 2.21751e-04
7.65000e+03 2.21308e-04
7.65100e+03 2.20889e-04
7.65200e+03 2.20471e-04
7.65300e+03 2.20052e-04
7.65400e+03 2.19633e-04
7.65500e+03 2.19211e-04
7.65600e+03 2.18788e-04
7.65700e+03 2.18366e-04
7.65800e+03 2.17945e-04
7.65900e+03 2.17523e-04
7.66000e+03 2.17097e-04
7.66100e+03 2.16665e-04
7.66200e+03 2.16233e-04
7.66300e+03 2.15801e-04
7.66400e+03 2.15370e-04
7.66500e+03 2.14935e-04
7.66600e+03 2.14500e-04
7.66700e+03 2.14065e-04
7.66800e+03 2.13630e-04
7.66900e+03 2.13195e-04
7.67000e+03 2.12757e-04
7.67100e+03 2.12311e-04
7.67200e+03 2.11864e-04
7.67300e+03 2.11418e-04
7.67400e+03 2.10972e-04
7.67500e+03 2.10523e-04
7.67600e+03 2.10073e-04
7.67700e+03 2.09624e-04
7.67800e+03 2.09175e-04
7.67900e+03 2.08726e-04
7.68000e+03 2.08274e-04
7.68100e+03 2.07822e-04
7.68200e+03 2.07370e-04
7.68300e+03 2.06919e-04
7.68400e+03 2.06468e-04
7.68500e+03 2.06013e-04
7.68600e+03 2.05558e-04
7.68700e+03 2.05104e-04
7.68800e+03 2.04650e-04
7.68900e+03 2.04196e-04
7.69000e+03 2.03739e-04
7.69100e+03 2.03290e-04
7.69200e+03 2.02841e-04
7.69300e+03 2.02393e-04
7.69400e+03 2.01944e-04
7.69500e+03 2.01492e-04
7.69600e+03 2.01040e-04
7.69700e+03 2.00588e-04
7.69800e+03 2.00137e-04
7.69900e+03 1.99685e-04
7.70000e+03 1.99231e-04
7.70100e+03 1.98779e-04
7.70200e+03 1.98327e-04
7.70300e+03 1.97876e-04
7.70400e+03 1.97425e-04
7.70500e+03 1.96970e-04
7.70600e+03 1.96515e-04
7.70700e+03 1.96060e-04
7.70800e+03 1.95607e-04
7.70900e+03 1.95153e-04
7.71000e+03 1.94695e-04
7.71100e+03 1.94224e-04
7.71200e+03 1.93752e-04
7.71300e+03 1.93281e-04
7.71400e+03 1.92810e-04
7.71500e+03 1.92336e-04
7.71600e+03 1.91862e-04
7.71700e+03 1.91388e-04
7.71800e+03 1.90915e-04
7.71900e+03 1.90442e-04
7.72000e+03 1.89965e-04
7.72100e+03 1.89493e-04
7.72200e+03 1.89020e-04
7.72300e+03 1.88548e-04
7.72400e+03 1.88076e-04
7.72500e+03 1.87600e-04
7.72600e+03 1.87126e-04
7.72700e+03 1.86651e-04
7.72800e+03 1.86177e-04
7.72900e+03 1.85703e-04
7.73000e+03 1.85226e-04
7.73100e+03 1.84751e-04
7.73200e+03 1.84277e-04
7.73300e+03 1.83803e-04
7.73400e+03 1.83330e-04
7.73500e+03 1.82853e-04
7.73600e+03 1.82377e-04
7.73700e+03 1.81901e-04
7.73800e+03 1.81425e-04
7.73900e+03 1.80949e-04
7.74000e+03 1.80471e-04
7.74100e+03 1.80020e-04
7.74200e+03 1.79569e-04
7.74300e+03 1.79118e-04
7.74400e+03 1.78667e-04
7.74500e+03 1.78213e-04
7.74600e+03 1.77760e-04
7.74700e+03 1.77306e-04
7.74800e+03 1.76853e-04
7.74900e+03 1.76400e-04
7.75000e+03 1.75943e-04
7.75100e+03 1.75467e-04
7.75200e+03 1.74991e-04
7.75300e+03 1.74515e-04
7.75400e+03 1.74040e-04
7.75500e+03 1.73561e-04
7.75600e+03 1.73084e-04
7.75700e+03 1.72606e-04
7.75800e+03 1.72128e-04
7.75900e+03 1.71651e-04
7.76000e+03 1.71171e-04
7.76100e+03 1.70638e-04
7.76200e+03 1.70106e-04
7.76300e+03 1.69573e-04
7.76400e+03 1.69042e-04
7.76500e+03 1.68508e-04
7.76600e+03 1.67976e-04
7.76700e+03 1.67443e-04
7.76800e+03 1.66912e-04
7.76900e+03 1.66380e-04
7.77000e+03 1.65847e-04
7.77100e+03 1.65385e-04
7.77200e+03 1.64923e-04
7.77300e+03 1.64462e-04
7.77400e+03 1.64000e-04
7.77500e+03 1.63536e-04
7.77600e+03 1.63072e-04
7.77700e+03 1.62609e-04
7.77800e+03 1.62146e-04
7.77900e+03 1.61682e-04
7.78000e+03 1.61217e-04
7.78100e+03 1.60747e-04
7.78200e+03 1.60278e-04
7.78300e+03 1.59808e-04
7.78400e+03 1.59338e-04
7.78500e+03 1.58867e-04
7.78600e+03 1.58396e-04
7.78700e+03 1.57925e-04
7.78800e+03 1.57454e-04
7.78900e+03 1.56984e-04
7.79000e+03 1.56511e-04
7.79100e+03 1.56028e-04
7.79200e+03 1.55545e-04
7.79300e+03 1.55063e-04
7.79400e+03 1.54580e-04
7.79500e+03 1.54096e-04
7.79600e+03 1.53612e-04
7.79700e+03 1.53129e-04
7.79800e+03 1.52645e-04
7.79900e+03 1.52162e-04
7.80000e+03 1.51678e-04
7.80100e+03 1.51193e-04
7.80200e+03 1.50709e-04
7.80300e+03 1.50225e-04
7.80400e+03 1.49742e-04
7.80500e+03 1.49257e-04
7.80600e+03 1.48772e-04
7.80700e+03 1.48288e-04
7.80800e+03 1.47803e-04
7.80900e+03 1.47320e-04
7.81000e+03 1.46834e-04
7.81100e+03 1.46323e-04
7.81200e+03 1.45812e-04
7.81300e+03 1.45301e-04
7.81400e+03 1.44791e-04
7.81500e+03 1.44280e-04
7.81600e+03 1.43770e-04
7.81700e+03 1.43259e-04
7.81800e+03 1.42750e-04
7.81900e+03 1.42240e-04
7.82000e+03 1.41730e-04
7.82100e+03 1.41233e-04
7.82200e+03 1.40736e-04
7.82300e+03 1.40240e-04
7.82400e+03 1.39744e-04
7.82500e+03 1.39247e-04
7.82600e+03 1.38751e-04
7.82700e+03 1.38255e-04
7.82800e+03 1.37759e-04
7.82900e+03 1.37263e-04
7.83000e+03 1.36767e-04
7.83100e+03 1.36258e-04
7.83200e+03 1.35749e-04
7.83300e+03 1.35240e-04
7.83400e+03 1.34731e-04
7.83500e+03 1.34222e-04
7.83600e+03 1.33714e-04
7.83700e+03 1.33206e-04
7.83800e+03 1.32699e-04
7.83900e+03 1.32192e-04
7.84000e+03 1.31684e-04
7.84100e+03 1.31212e-04
7.84200e+03 1.30740e-04
7.84300e+03 1.30268e-04
7.84400e+03 1.29796e-04
7.84500e+03 1.29324e-04
7.84600e+03 1.28852e-04
7.84700e+03 1.28380e-04
7.84800e+03 1.27909e-04
7.84900e+03 1.27438e-04
7.85000e+03 1.26966e-04
7.85100e+03 1.26454e-04
7.85200e+03 1.25941e-04
7.85300e+03 1.25430e-04
7.85400e+03 1.24919e-04
7.85500e+03 1.24408e-04
7.85600e+03 1.23898e-04
7.85700e+03 1.23388e-04
7.85800e+03 1.22879e-04
7.85900e+03 1.22370e-04
7.86000e+03 1.21862e-04
7.86100e+03 1.21385e-04
7.86200e+03 1.20909e-04
7.86300e+03 1.20433e-04
7.86400e+03 1.19957e-04
7.86500e+03 1.19482e-04
7.86600e+03 1.19006e-04
7.86700e+03 1.18531e-04
7.86800e+03 1.18057e-04
7.86900e+03 1.17582e-04
7.87000e+03 1.17109e-04
7.87100e+03 1.16623e-04
7.87200e+03 1.16137e-04
7.87300e+03 1.15651e-04
7.87400e+03 1.15166e-04
7.87500e+03 1.14682e-04
7.87600e+03 1.14198e-04
7.87700e+03 1.13715e-04
7.87800e+03 1.13232e-04
7.87900e+03 1.12749e-04
7.88000e+03 1.12267e-04
7.88100e+03 1.11791e-04
7.88200e+03 1.11315e-04
7.88300e+03 1.10839e-04
7.88400e+03 1.10363e-04
7.88500e+03 1.09889e-04
7.88600e+03 1.09415e-04
7.88700e+03 1.08942e-04
7.88800e+03 1.08468e-04
7.88900e+03 1.07995e-04
7.89000e+03 1.07524e-04
7.89100e+03 1.07050e-04
7.89200e+03 1.06576e-04
7.89300e+03 1.06103e-04
7.89400e+03 1.05630e-04
7.89500e+03 1.05159e-04
7.89600e+03 1.04687e-04
7.89700e+03 1.04217e-04
7.89800e+03 1.03746e-04
7.89900e+03 1.03276e-04
7.90000e+03 1.02808e-04
7.90100e+03 1.02337e-04
7.90200e+03 1.01867e-04
7.90300e+03 1.01397e-04
7.90400e+03 1.00927e-04
7.90500e+03 1.00460e-04
7.90600e+03 9.99931e-05
7.90700e+03 9.95262e-05
7.90800e+03 9.90597e-05
7.90900e+03 9.85937e-05
7.91000e+03 9.81297e-05
7.91100e+03 9.76621e-05
7.91200e+03 9.71949e-05
7.91300e+03 9.67280e-05
7.91400e+03 9.62617e-05
7.91500e+03 9.57977e-05
7.91600e+03 9.53340e-05
7.91700e+03 9.48708e-05
7.91800e+03 9.44081e-05
7.91900e+03 9.39453e-05
7.92000e+03 9.34854e-05
7.92100e+03 9.30341e-05
7.92200e+03 9.25830e-05
7.92300e+03 9.21321e-05
7.92400e+03 9.16818e-05
7.92500e+03 9.12338e-05
7.92600e+03 9.07862e-05
7.92700e+03 9.03388e-05
7.92800e+03 8.98920e-05
7.92900e+03 8.94452e-05
7.93000e+03 8.90015e-05
7.93100e+03 8.85621e-05
7.93200e+03 8.81231e-05
7.93300e+03 8.76842e-05
7.93400e+03 8.72456e-05
7.93500e+03 8.68100e-05
7.93600e+03 8.63748e-05
7.93700e+03 8.59395e-05
7.93800e+03 8.55048e-05
7.93900e+03 8.50703e-05
7.94000e+03 8.46386e-05
7.94100e+03 8.41920e-05
7.94200e+03 8.37457e-05
7.94300e+03 8.32994e-05
7.94400e+03 8.28541e-05
7.94500e+03 8.24119e-05
7.94600e+03 8.19702e-05
7.94700e+03 8.15290e-05
7.94800e+03 8.10881e-05
7.94900e+03 8.06474e-05
7.95000e+03 8.02105e-05
7.95100e+03 7.97753e-05
7.95200e+03 7.93401e-05
7.95300e+03 7.89057e-05
7.95400e+03 7.84714e-05
7.95500e+03 7.80407e-05
7.95600e+03 7.76109e-05
7.95700e+03 7.71811e-05
7.95800e+03 7.67518e-05
