# Filter name : HST/ACS_WFC.FR782N
# Description : FR782N ramp filter for HST ACS_WFC at central wavelength
# Photometric system : ACS-WFC
# FilterType : photon
# Band name : ------
# Observatory : HST
# Instrument : ACS
# Comments : Response calculated using the stsynphot python package by STScI. In particular, function stsynphot.band("acs,wfc1,fr782n#7820"). Please, take a look to stsynphot documentation and HST instrument documentation
# 
7.33100e+03 6.83907e-05
7.33200e+03 6.92479e-05
7.33300e+03 7.01046e-05
7.33400e+03 7.09609e-05
7.33500e+03 7.18171e-05
7.33600e+03 7.26729e-05
7.33700e+03 7.35559e-05
7.33800e+03 7.44382e-05
7.33900e+03 7.53204e-05
7.34000e+03 7.62023e-05
7.34100e+03 7.70820e-05
7.34200e+03 7.79877e-05
7.34300e+03 7.88928e-05
7.34400e+03 7.97978e-05
7.34500e+03 8.07020e-05
7.34600e+03 8.16063e-05
7.34700e+03 8.25349e-05
7.34800e+03 8.34630e-05
7.34900e+03 8.43908e-05
7.35000e+03 8.53184e-05
7.35100e+03 8.62503e-05
7.35200e+03 8.72053e-05
7.35300e+03 8.81603e-05
7.35400e+03 8.91150e-05
7.35500e+03 9.00691e-05
7.35600e+03 9.10233e-05
7.35700e+03 9.19990e-05
7.35800e+03 9.29745e-05
7.35900e+03 9.39496e-05
7.36000e+03 9.49244e-05
7.36100e+03 9.58996e-05
7.36200e+03 9.68948e-05
7.36300e+03 9.78898e-05
7.36400e+03 9.88845e-05
7.36500e+03 9.98787e-05
7.36600e+03 1.00873e-04
7.36700e+03 1.01886e-04
7.36800e+03 1.02898e-04
7.36900e+03 1.03910e-04
7.37000e+03 1.04922e-04
7.37100e+03 1.05936e-04
7.37200e+03 1.06968e-04
7.37300e+03 1.07999e-04
7.37400e+03 1.09030e-04
7.37500e+03 1.10061e-04
7.37600e+03 1.11092e-04
7.37700e+03 1.12138e-04
7.37800e+03 1.13183e-04
7.37900e+03 1.14229e-04
7.38000e+03 1.15274e-04
7.38100e+03 1.16300e-04
7.38200e+03 1.17339e-04
7.38300e+03 1.18378e-04
7.38400e+03 1.19416e-04
7.38500e+03 1.20453e-04
7.38600e+03 1.21490e-04
7.38700e+03 1.22538e-04
7.38800e+03 1.23585e-04
7.38900e+03 1.24632e-04
7.39000e+03 1.25678e-04
7.39100e+03 1.26755e-04
7.39200e+03 1.27842e-04
7.39300e+03 1.28929e-04
7.39400e+03 1.30015e-04
7.39500e+03 1.31102e-04
7.39600e+03 1.32188e-04
7.39700e+03 1.33283e-04
7.39800e+03 1.34377e-04
7.39900e+03 1.35471e-04
7.40000e+03 1.36565e-04
7.40100e+03 1.37609e-04
7.40200e+03 1.38657e-04
7.40300e+03 1.39705e-04
7.40400e+03 1.40752e-04
7.40500e+03 1.41798e-04
7.40600e+03 1.42844e-04
7.40700e+03 1.43893e-04
7.40800e+03 1.44940e-04
7.40900e+03 1.45987e-04
7.41000e+03 1.47033e-04
7.41100e+03 1.48122e-04
7.41200e+03 1.49213e-04
7.41300e+03 1.50303e-04
7.41400e+03 1.51394e-04
7.41500e+03 1.52484e-04
7.41600e+03 1.53574e-04
7.41700e+03 1.54664e-04
7.41800e+03 1.55754e-04
7.41900e+03 1.56844e-04
7.42000e+03 1.57933e-04
7.42100e+03 1.58992e-04
7.42200e+03 1.60048e-04
7.42300e+03 1.61104e-04
7.42400e+03 1.62160e-04
7.42500e+03 1.63214e-04
7.42600e+03 1.64268e-04
7.42700e+03 1.65318e-04
7.42800e+03 1.66368e-04
7.42900e+03 1.67417e-04
7.43000e+03 1.68465e-04
7.43100e+03 1.69522e-04
7.43200e+03 1.70573e-04
7.43300e+03 1.71624e-04
7.43400e+03 1.72674e-04
7.43500e+03 1.73724e-04
7.43600e+03 1.74774e-04
7.43700e+03 1.75816e-04
7.43800e+03 1.76857e-04
7.43900e+03 1.77898e-04
7.44000e+03 1.78939e-04
7.44100e+03 1.79979e-04
7.44200e+03 1.81010e-04
7.44300e+03 1.82040e-04
7.44400e+03 1.83070e-04
7.44500e+03 1.84099e-04
7.44600e+03 1.85128e-04
7.44700e+03 1.86147e-04
7.44800e+03 1.87165e-04
7.44900e+03 1.88184e-04
7.45000e+03 1.89201e-04
7.45100e+03 1.90219e-04
7.45200e+03 1.91226e-04
7.45300e+03 1.92232e-04
7.45400e+03 1.93238e-04
7.45500e+03 1.94244e-04
7.45600e+03 1.95248e-04
7.45700e+03 1.96241e-04
7.45800e+03 1.97233e-04
7.45900e+03 1.98225e-04
7.46000e+03 1.99216e-04
7.46100e+03 2.00211e-04
7.46200e+03 2.01193e-04
7.46300e+03 2.02175e-04
7.46400e+03 2.03157e-04
7.46500e+03 2.04137e-04
7.46600e+03 2.05118e-04
7.46700e+03 2.06084e-04
7.46800e+03 2.07050e-04
7.46900e+03 2.08015e-04
7.47000e+03 2.08981e-04
7.47100e+03 2.09942e-04
7.47200e+03 2.10888e-04
7.47300e+03 2.11834e-04
7.47400e+03 2.12779e-04
7.47500e+03 2.13725e-04
7.47600e+03 2.14669e-04
7.47700e+03 2.15599e-04
7.47800e+03 2.16528e-04
7.47900e+03 2.17457e-04
7.48000e+03 2.18385e-04
7.48100e+03 2.19322e-04
7.48200e+03 2.20246e-04
7.48300e+03 2.21168e-04
7.48400e+03 2.22090e-04
7.48500e+03 2.23012e-04
7.48600e+03 2.23934e-04
7.48700e+03 2.24839e-04
7.48800e+03 2.25745e-04
7.48900e+03 2.26650e-04
7.49000e+03 2.27555e-04
7.49100e+03 2.28446e-04
7.49200e+03 2.29321e-04
7.49300e+03 2.30197e-04
7.49400e+03 2.31072e-04
7.49500e+03 2.31946e-04
7.49600e+03 2.32819e-04
7.49700e+03 2.33679e-04
7.49800e+03 2.34537e-04
7.49900e+03 2.35396e-04
7.50000e+03 2.36254e-04
7.50100e+03 2.37124e-04
7.50200e+03 2.37980e-04
7.50300e+03 2.38836e-04
7.50400e+03 2.39691e-04
7.50500e+03 2.40547e-04
7.50600e+03 2.41402e-04
7.50700e+03 2.42244e-04
7.50800e+03 2.43086e-04
7.50900e+03 2.43928e-04
7.51000e+03 2.44769e-04
7.51100e+03 2.45586e-04
7.51200e+03 2.46393e-04
7.51300e+03 2.47199e-04
7.51400e+03 2.48004e-04
7.51500e+03 2.48809e-04
7.51600e+03 2.49613e-04
7.51700e+03 2.50409e-04
7.51800e+03 2.51204e-04
7.51900e+03 2.51998e-04
7.52000e+03 2.52792e-04
7.52100e+03 2.53645e-04
7.52200e+03 2.54492e-04
7.52300e+03 2.55338e-04
7.52400e+03 2.56185e-04
7.52500e+03 2.57032e-04
7.52600e+03 2.57878e-04
7.52700e+03 2.58722e-04
7.52800e+03 2.59565e-04
7.52900e+03 2.60410e-04
7.53000e+03 2.61253e-04
7.53100e+03 2.61992e-04
7.53200e+03 2.62733e-04
7.53300e+03 2.63473e-04
7.53400e+03 2.64212e-04
7.53500e+03 2.64951e-04
7.53600e+03 2.65689e-04
7.53700e+03 2.66432e-04
7.53800e+03 2.67176e-04
7.53900e+03 2.67919e-04
7.54000e+03 2.68661e-04
7.54100e+03 2.69503e-04
7.54200e+03 2.70358e-04
7.54300e+03 2.71213e-04
7.54400e+03 2.72068e-04
7.54500e+03 2.72922e-04
7.54600e+03 2.73777e-04
7.54700e+03 2.74653e-04
7.54800e+03 2.75529e-04
7.54900e+03 2.76405e-04
7.55000e+03 2.77280e-04
7.55100e+03 2.78121e-04
7.55200e+03 2.78993e-04
7.55300e+03 2.79864e-04
7.55400e+03 2.80735e-04
7.55500e+03 2.81607e-04
7.55600e+03 2.82477e-04
7.55700e+03 2.83390e-04
7.55800e+03 2.84303e-04
7.55900e+03 2.85216e-04
7.56000e+03 2.86128e-04
7.56100e+03 2.87016e-04
7.56200e+03 2.87963e-04
7.56300e+03 2.88909e-04
7.56400e+03 2.89853e-04
7.56500e+03 2.90798e-04
7.56600e+03 2.91743e-04
7.56700e+03 2.92761e-04
7.56800e+03 2.93781e-04
7.56900e+03 2.94799e-04
7.57000e+03 2.95816e-04
7.57100e+03 2.96834e-04
7.57200e+03 2.97951e-04
7.57300e+03 2.99065e-04
7.57400e+03 3.00179e-04
7.57500e+03 3.01294e-04
7.57600e+03 3.02407e-04
7.57700e+03 3.03646e-04
7.57800e+03 3.04884e-04
7.57900e+03 3.06121e-04
7.58000e+03 3.07358e-04
7.58100e+03 3.08620e-04
7.58200e+03 3.10043e-04
7.58300e+03 3.11465e-04
7.58400e+03 3.12887e-04
7.58500e+03 3.14307e-04
7.58600e+03 3.15727e-04
7.58700e+03 3.17353e-04
7.58800e+03 3.18977e-04
7.58900e+03 3.20599e-04
7.59000e+03 3.22223e-04
7.59100e+03 3.23820e-04
7.59200e+03 3.25677e-04
7.59300e+03 3.27532e-04
7.59400e+03 3.29386e-04
7.59500e+03 3.31240e-04
7.59600e+03 3.33092e-04
7.59700e+03 3.35273e-04
7.59800e+03 3.37454e-04
7.59900e+03 3.39632e-04
7.60000e+03 3.41809e-04
7.60100e+03 3.44032e-04
7.60200e+03 3.46672e-04
7.60300e+03 3.49312e-04
7.60400e+03 3.51952e-04
7.60500e+03 3.54589e-04
7.60600e+03 3.57227e-04
7.60700e+03 3.60398e-04
7.60800e+03 3.63568e-04
7.60900e+03 3.66737e-04
7.61000e+03 3.69905e-04
7.61100e+03 3.73009e-04
7.61200e+03 3.76793e-04
7.61300e+03 3.80576e-04
7.61400e+03 3.84355e-04
7.61500e+03 3.88133e-04
7.61600e+03 3.91907e-04
7.61700e+03 3.96553e-04
7.61800e+03 4.01197e-04
7.61900e+03 4.05837e-04
7.62000e+03 4.10473e-04
7.62100e+03 4.15142e-04
7.62200e+03 4.20932e-04
7.62300e+03 4.26719e-04
7.62400e+03 4.32505e-04
7.62500e+03 4.38286e-04
7.62600e+03 4.44067e-04
7.62700e+03 4.51298e-04
7.62800e+03 4.58527e-04
7.62900e+03 4.65752e-04
7.63000e+03 4.72973e-04
7.63100e+03 4.80206e-04
7.63200e+03 4.89330e-04
7.63300e+03 4.98450e-04
7.63400e+03 5.07566e-04
7.63500e+03 5.16677e-04
7.63600e+03 5.25786e-04
7.63700e+03 5.37371e-04
7.63800e+03 5.48951e-04
7.63900e+03 5.60525e-04
7.64000e+03 5.72097e-04
7.64100e+03 5.83571e-04
7.64200e+03 5.98306e-04
7.64300e+03 6.13030e-04
7.64400e+03 6.27742e-04
7.64500e+03 6.42445e-04
7.64600e+03 6.57135e-04
7.64700e+03 6.76154e-04
7.64800e+03 6.95158e-04
7.64900e+03 7.14146e-04
7.65000e+03 7.33124e-04
7.65100e+03 7.52165e-04
7.65200e+03 7.77001e-04
7.65300e+03 8.01820e-04
7.65400e+03 8.26627e-04
7.65500e+03 8.51424e-04
7.65600e+03 8.76204e-04
7.65700e+03 9.08799e-04
7.65800e+03 9.41378e-04
7.65900e+03 9.73938e-04
7.66000e+03 1.00648e-03
7.66100e+03 1.03898e-03
7.66200e+03 1.08211e-03
7.66300e+03 1.12521e-03
7.66400e+03 1.16828e-03
7.66500e+03 1.21133e-03
7.66600e+03 1.25436e-03
7.66700e+03 1.31199e-03
7.66800e+03 1.36958e-03
7.66900e+03 1.42714e-03
7.67000e+03 1.48467e-03
7.67100e+03 1.54210e-03
7.67200e+03 1.61978e-03
7.67300e+03 1.69740e-03
7.67400e+03 1.77497e-03
7.67500e+03 1.85249e-03
7.67600e+03 1.92996e-03
7.67700e+03 2.03579e-03
7.67800e+03 2.14154e-03
7.67900e+03 2.24722e-03
7.68000e+03 2.35284e-03
7.68100e+03 2.45838e-03
7.68200e+03 2.60408e-03
7.68300e+03 2.74967e-03
7.68400e+03 2.89517e-03
7.68500e+03 3.04056e-03
7.68600e+03 3.18587e-03
7.68700e+03 3.38861e-03
7.68800e+03 3.59122e-03
7.68900e+03 3.79370e-03
7.69000e+03 3.99603e-03
7.69100e+03 4.19841e-03
7.69200e+03 4.48388e-03
7.69300e+03 4.76920e-03
7.69400e+03 5.05433e-03
7.69500e+03 5.33931e-03
7.69600e+03 5.62412e-03
7.69700e+03 6.03037e-03
7.69800e+03 6.43640e-03
7.69900e+03 6.84220e-03
7.70000e+03 7.24777e-03
7.70100e+03 7.65319e-03
7.70200e+03 8.23779e-03
7.70300e+03 8.82204e-03
7.70400e+03 9.40600e-03
7.70500e+03 9.98962e-03
7.70600e+03 1.05729e-02
7.70700e+03 1.14223e-02
7.70800e+03 1.22712e-02
7.70900e+03 1.31197e-02
7.71000e+03 1.39677e-02
7.71100e+03 1.48141e-02
7.71200e+03 1.60566e-02
7.71300e+03 1.72982e-02
7.71400e+03 1.85389e-02
7.71500e+03 1.97788e-02
7.71600e+03 2.10178e-02
7.71700e+03 2.28435e-02
7.71800e+03 2.46678e-02
7.71900e+03 2.64909e-02
7.72000e+03 2.83127e-02
7.72100e+03 3.01338e-02
7.72200e+03 3.28086e-02
7.72300e+03 3.54816e-02
7.72400e+03 3.81529e-02
7.72500e+03 4.08222e-02
7.72600e+03 4.34900e-02
7.72700e+03 4.73522e-02
7.72800e+03 5.12120e-02
7.72900e+03 5.50690e-02
7.73000e+03 5.89236e-02
7.73100e+03 6.27763e-02
7.73200e+03 6.81794e-02
7.73300e+03 7.35788e-02
7.73400e+03 7.89748e-02
7.73500e+03 8.43674e-02
7.73600e+03 8.97565e-02
7.73700e+03 9.68992e-02
7.73800e+03 1.04037e-01
7.73900e+03 1.11171e-01
7.74000e+03 1.18300e-01
7.74100e+03 1.25443e-01
7.74200e+03 1.34118e-01
7.74300e+03 1.42791e-01
7.74400e+03 1.51461e-01
7.74500e+03 1.60127e-01
7.74600e+03 1.68791e-01
7.74700e+03 1.78131e-01
7.74800e+03 1.87467e-01
7.74900e+03 1.96801e-01
7.75000e+03 2.06131e-01
7.75100e+03 2.15433e-01
7.75200e+03 2.24102e-01
7.75300e+03 2.32766e-01
7.75400e+03 2.41424e-01
7.75500e+03 2.50078e-01
7.75600e+03 2.58727e-01
7.75700e+03 2.65608e-01
7.75800e+03 2.72484e-01
7.75900e+03 2.79358e-01
7.76000e+03 2.86226e-01
7.76100e+03 2.93000e-01
7.76200e+03 2.97581e-01
7.76300e+03 3.02155e-01
7.76400e+03 3.06725e-01
7.76500e+03 3.11288e-01
7.76600e+03 3.15846e-01
7.76700e+03 3.18490e-01
7.76800e+03 3.21131e-01
7.76900e+03 3.23769e-01
7.77000e+03 3.26403e-01
7.77100e+03 3.29174e-01
7.77200e+03 3.30614e-01
7.77300e+03 3.32053e-01
7.77400e+03 3.33492e-01
7.77500e+03 3.34930e-01
7.77600e+03 3.36367e-01
7.77700e+03 3.37016e-01
7.77800e+03 3.37664e-01
7.77900e+03 3.38312e-01
7.78000e+03 3.38959e-01
7.78100e+03 3.39597e-01
7.78200e+03 3.39826e-01
7.78300e+03 3.40054e-01
7.78400e+03 3.40281e-01
7.78500e+03 3.40509e-01
7.78600e+03 3.40737e-01
7.78700e+03 3.40777e-01
7.78800e+03 3.40816e-01
7.78900e+03 3.40856e-01
7.79000e+03 3.40895e-01
7.79100e+03 3.40911e-01
7.79200e+03 3.40851e-01
7.79300e+03 3.40791e-01
7.79400e+03 3.40732e-01
7.79500e+03 3.40672e-01
7.79600e+03 3.40612e-01
7.79700e+03 3.40527e-01
7.79800e+03 3.40441e-01
7.79900e+03 3.40356e-01
7.80000e+03 3.40270e-01
7.80100e+03 3.40185e-01
7.80200e+03 3.40093e-01
7.80300e+03 3.40000e-01
7.80400e+03 3.39908e-01
7.80500e+03 3.39816e-01
7.80600e+03 3.39723e-01
7.80700e+03 3.39630e-01
7.80800e+03 3.39536e-01
7.80900e+03 3.39443e-01
7.81000e+03 3.39348e-01
7.81100e+03 3.39194e-01
7.81200e+03 3.39039e-01
7.81300e+03 3.38884e-01
7.81400e+03 3.38729e-01
7.81500e+03 3.38574e-01
7.81600e+03 3.38420e-01
7.81700e+03 3.38264e-01
7.81800e+03 3.38110e-01
7.81900e+03 3.37955e-01
7.82000e+03 3.37800e-01
7.82100e+03 3.37676e-01
7.82200e+03 3.37552e-01
7.82300e+03 3.37427e-01
7.82400e+03 3.37303e-01
7.82500e+03 3.37180e-01
7.82600e+03 3.37054e-01
7.82700e+03 3.36931e-01
7.82800e+03 3.36806e-01
7.82900e+03 3.36682e-01
7.83000e+03 3.36557e-01
7.83100e+03 3.36399e-01
7.83200e+03 3.36240e-01
7.83300e+03 3.36079e-01
7.83400e+03 3.35920e-01
7.83500e+03 3.35760e-01
7.83600e+03 3.35601e-01
7.83700e+03 3.35438e-01
7.83800e+03 3.35275e-01
7.83900e+03 3.35114e-01
7.84000e+03 3.34951e-01
7.84100e+03 3.34877e-01
7.84200e+03 3.34789e-01
7.84300e+03 3.34702e-01
7.84400e+03 3.34615e-01
7.84500e+03 3.34529e-01
7.84600e+03 3.34442e-01
7.84700e+03 3.34313e-01
7.84800e+03 3.34186e-01
7.84900e+03 3.34058e-01
7.85000e+03 3.33930e-01
7.85100e+03 3.33694e-01
7.85200e+03 3.33347e-01
7.85300e+03 3.33001e-01
7.85400e+03 3.32656e-01
7.85500e+03 3.32309e-01
7.85600e+03 3.31964e-01
7.85700e+03 3.31363e-01
7.85800e+03 3.30763e-01
7.85900e+03 3.30163e-01
7.86000e+03 3.29564e-01
7.86100e+03 3.29049e-01
7.86200e+03 3.28009e-01
7.86300e+03 3.26970e-01
7.86400e+03 3.25930e-01
7.86500e+03 3.24892e-01
7.86600e+03 3.23854e-01
7.86700e+03 3.21860e-01
7.86800e+03 3.19868e-01
7.86900e+03 3.17877e-01
7.87000e+03 3.15886e-01
7.87100e+03 3.13863e-01
7.87200e+03 3.10331e-01
7.87300e+03 3.06802e-01
7.87400e+03 3.03276e-01
7.87500e+03 2.99752e-01
7.87600e+03 2.96231e-01
7.87700e+03 2.90725e-01
7.87800e+03 2.85223e-01
7.87900e+03 2.79726e-01
7.88000e+03 2.74233e-01
7.88100e+03 2.68756e-01
7.88200e+03 2.61263e-01
7.88300e+03 2.53774e-01
7.88400e+03 2.46291e-01
7.88500e+03 2.38813e-01
7.88600e+03 2.31341e-01
7.88700e+03 2.22546e-01
7.88800e+03 2.13758e-01
7.88900e+03 2.04976e-01
7.89000e+03 1.96200e-01
7.89100e+03 1.87425e-01
7.89200e+03 1.78555e-01
7.89300e+03 1.69692e-01
7.89400e+03 1.60836e-01
7.89500e+03 1.51987e-01
7.89600e+03 1.43144e-01
7.89700e+03 1.35344e-01
7.89800e+03 1.27549e-01
7.89900e+03 1.19761e-01
7.90000e+03 1.11978e-01
7.90100e+03 1.04199e-01
7.90200e+03 9.80352e-02
7.90300e+03 9.18762e-02
7.90400e+03 8.57223e-02
7.90500e+03 7.95736e-02
7.90600e+03 7.34300e-02
7.90700e+03 6.89110e-02
7.90800e+03 6.43958e-02
7.90900e+03 5.98844e-02
7.91000e+03 5.53766e-02
7.91100e+03 5.08704e-02
7.91200e+03 4.77025e-02
7.91300e+03 4.45375e-02
7.91400e+03 4.13755e-02
7.91500e+03 3.82162e-02
7.91600e+03 3.50598e-02
7.91700e+03 3.28923e-02
7.91800e+03 3.07268e-02
7.91900e+03 2.85632e-02
7.92000e+03 2.64016e-02
7.92100e+03 2.42441e-02
7.92200e+03 2.27759e-02
7.92300e+03 2.13088e-02
7.92400e+03 1.98427e-02
7.92500e+03 1.83777e-02
7.92600e+03 1.69138e-02
7.92700e+03 1.59171e-02
7.92800e+03 1.49212e-02
7.92900e+03 1.39260e-02
7.93000e+03 1.29316e-02
7.93100e+03 1.19384e-02
7.93200e+03 1.12583e-02
7.93300e+03 1.05787e-02
7.93400e+03 9.89955e-03
7.93500e+03 9.22082e-03
7.93600e+03 8.54253e-03
7.93700e+03 8.07389e-03
7.93800e+03 7.60560e-03
7.93900e+03 7.13759e-03
7.94000e+03 6.66986e-03
7.94100e+03 6.20132e-03
7.94200e+03 5.87398e-03
7.94300e+03 5.54695e-03
7.94400e+03 5.22029e-03
7.94500e+03 4.89393e-03
7.94600e+03 4.56791e-03
7.94700e+03 4.33760e-03
7.94800e+03 4.10751e-03
7.94900e+03 3.87765e-03
7.95000e+03 3.64803e-03
7.95100e+03 3.41870e-03
7.95200e+03 3.25485e-03
7.95300e+03 3.09117e-03
7.95400e+03 2.92765e-03
7.95500e+03 2.76428e-03
7.95600e+03 2.60109e-03
7.95700e+03 2.48319e-03
7.95800e+03 2.36540e-03
7.95900e+03 2.24773e-03
7.96000e+03 2.13019e-03
7.96100e+03 2.01287e-03
7.96200e+03 1.92722e-03
7.96300e+03 1.84164e-03
7.96400e+03 1.75614e-03
7.96500e+03 1.67071e-03
7.96600e+03 1.58536e-03
7.96700e+03 1.52240e-03
7.96800e+03 1.45948e-03
7.96900e+03 1.39662e-03
7.97000e+03 1.33382e-03
7.97100e+03 1.27110e-03
7.97200e+03 1.22437e-03
7.97300e+03 1.17768e-03
7.97400e+03 1.13103e-03
7.97500e+03 1.08441e-03
7.97600e+03 1.03783e-03
7.97700e+03 1.00279e-03
7.97800e+03 9.67779e-04
7.97900e+03 9.32792e-04
7.98000e+03 8.97836e-04
7.98100e+03 8.63301e-04
7.98200e+03 8.37144e-04
7.98300e+03 8.10986e-04
7.98400e+03 7.84825e-04
7.98500e+03 7.58662e-04
7.98600e+03 7.32496e-04
7.98700e+03 7.12502e-04
7.98800e+03 6.92508e-04
7.98900e+03 6.72512e-04
7.99000e+03 6.52511e-04
7.99100e+03 6.32358e-04
7.99200e+03 6.16798e-04
7.99300e+03 6.01243e-04
7.99400e+03 5.85695e-04
7.99500e+03 5.70153e-04
7.99600e+03 5.54620e-04
7.99700e+03 5.42521e-04
7.99800e+03 5.30428e-04
7.99900e+03 5.18341e-04
8.00000e+03 5.06256e-04
8.00100e+03 4.94011e-04
8.00200e+03 4.84362e-04
8.00300e+03 4.74724e-04
8.00400e+03 4.65094e-04
8.00500e+03 4.55477e-04
8.00600e+03 4.45871e-04
8.00700e+03 4.38232e-04
8.00800e+03 4.30601e-04
8.00900e+03 4.22979e-04
8.01000e+03 4.15366e-04
8.01100e+03 4.07827e-04
8.01200e+03 4.01788e-04
8.01300e+03 3.95754e-04
8.01400e+03 3.89725e-04
8.01500e+03 3.83700e-04
8.01600e+03 3.77680e-04
8.01700e+03 3.72812e-04
8.01800e+03 3.67948e-04
8.01900e+03 3.63087e-04
8.02000e+03 3.58229e-04
8.02100e+03 3.53418e-04
8.02200e+03 3.49495e-04
8.02300e+03 3.45573e-04
8.02400e+03 3.41655e-04
8.02500e+03 3.37737e-04
8.02600e+03 3.33823e-04
8.02700e+03 3.30598e-04
8.02800e+03 3.27376e-04
8.02900e+03 3.24154e-04
8.03000e+03 3.20935e-04
8.03100e+03 3.17678e-04
8.03200e+03 3.14960e-04
8.03300e+03 3.12245e-04
8.03400e+03 3.09532e-04
8.03500e+03 3.06820e-04
8.03600e+03 3.04110e-04
8.03700e+03 3.01823e-04
8.03800e+03 2.99536e-04
8.03900e+03 2.97251e-04
8.04000e+03 2.94968e-04
8.04100e+03 2.92685e-04
8.04200e+03 2.90733e-04
8.04300e+03 2.88783e-04
8.04400e+03 2.86833e-04
8.04500e+03 2.84885e-04
8.04600e+03 2.82939e-04
8.04700e+03 2.81252e-04
8.04800e+03 2.79566e-04
8.04900e+03 2.77881e-04
8.05000e+03 2.76198e-04
8.05100e+03 2.74591e-04
8.05200e+03 2.73187e-04
8.05300e+03 2.71784e-04
8.05400e+03 2.70381e-04
8.05500e+03 2.68978e-04
8.05600e+03 2.67576e-04
8.05700e+03 2.66333e-04
8.05800e+03 2.65091e-04
8.05900e+03 2.63849e-04
8.06000e+03 2.62607e-04
8.06100e+03 2.61227e-04
8.06200e+03 2.59973e-04
8.06300e+03 2.58721e-04
8.06400e+03 2.57471e-04
8.06500e+03 2.56222e-04
8.06600e+03 2.54974e-04
8.06700e+03 2.53826e-04
8.06800e+03 2.52678e-04
8.06900e+03 2.51533e-04
8.07000e+03 2.50389e-04
8.07100e+03 2.49377e-04
8.07200e+03 2.48442e-04
8.07300e+03 2.47506e-04
8.07400e+03 2.46571e-04
8.07500e+03 2.45636e-04
8.07600e+03 2.44701e-04
8.07700e+03 2.43825e-04
8.07800e+03 2.42948e-04
8.07900e+03 2.42072e-04
8.08000e+03 2.41196e-04
8.08100e+03 2.40278e-04
8.08200e+03 2.39405e-04
8.08300e+03 2.38532e-04
8.08400e+03 2.37660e-04
8.08500e+03 2.36788e-04
8.08600e+03 2.35916e-04
8.08700e+03 2.35078e-04
8.08800e+03 2.34239e-04
8.08900e+03 2.33402e-04
8.09000e+03 2.32565e-04
8.09100e+03 2.31667e-04
8.09200e+03 2.30793e-04
8.09300e+03 2.29919e-04
8.09400e+03 2.29047e-04
8.09500e+03 2.28176e-04
8.09600e+03 2.27305e-04
8.09700e+03 2.26451e-04
8.09800e+03 2.25598e-04
8.09900e+03 2.24745e-04
8.10000e+03 2.23893e-04
8.10100e+03 2.23142e-04
8.10200e+03 2.22399e-04
8.10300e+03 2.21657e-04
8.10400e+03 2.20915e-04
8.10500e+03 2.20174e-04
8.10600e+03 2.19432e-04
8.10700e+03 2.18694e-04
8.10800e+03 2.17957e-04
8.10900e+03 2.17220e-04
8.11000e+03 2.16483e-04
8.11100e+03 2.15700e-04
8.11200e+03 2.14917e-04
8.11300e+03 2.14134e-04
8.11400e+03 2.13353e-04
8.11500e+03 2.12571e-04
8.11600e+03 2.11791e-04
8.11700e+03 2.11007e-04
8.11800e+03 2.10224e-04
8.11900e+03 2.09442e-04
8.12000e+03 2.08660e-04
8.12100e+03 2.07861e-04
8.12200e+03 2.07057e-04
8.12300e+03 2.06254e-04
8.12400e+03 2.05452e-04
8.12500e+03 2.04649e-04
8.12600e+03 2.03849e-04
8.12700e+03 2.03040e-04
8.12800e+03 2.02233e-04
8.12900e+03 2.01426e-04
8.13000e+03 2.00619e-04
8.13100e+03 1.99821e-04
8.13200e+03 1.99014e-04
8.13300e+03 1.98208e-04
8.13400e+03 1.97402e-04
8.13500e+03 1.96597e-04
8.13600e+03 1.95792e-04
8.13700e+03 1.94979e-04
8.13800e+03 1.94164e-04
8.13900e+03 1.93352e-04
8.14000e+03 1.92539e-04
8.14100e+03 1.91716e-04
8.14200e+03 1.90882e-04
8.14300e+03 1.90048e-04
8.14400e+03 1.89216e-04
8.14500e+03 1.88384e-04
8.14600e+03 1.87553e-04
8.14700e+03 1.86710e-04
8.14800e+03 1.85869e-04
8.14900e+03 1.85028e-04
8.15000e+03 1.84187e-04
8.15100e+03 1.83391e-04
8.15200e+03 1.82581e-04
8.15300e+03 1.81773e-04
8.15400e+03 1.80964e-04
8.15500e+03 1.80157e-04
8.15600e+03 1.79349e-04
8.15700e+03 1.78529e-04
8.15800e+03 1.77710e-04
8.15900e+03 1.76891e-04
8.16000e+03 1.76073e-04
8.16100e+03 1.75163e-04
8.16200e+03 1.74242e-04
8.16300e+03 1.73323e-04
8.16400e+03 1.72405e-04
8.16500e+03 1.71489e-04
8.16600e+03 1.70573e-04
8.16700e+03 1.69647e-04
8.16800e+03 1.68722e-04
8.16900e+03 1.67799e-04
8.17000e+03 1.66877e-04
8.17100e+03 1.66053e-04
8.17200e+03 1.65218e-04
8.17300e+03 1.64383e-04
8.17400e+03 1.63549e-04
8.17500e+03 1.62714e-04
8.17600e+03 1.61880e-04
8.17700e+03 1.61035e-04
8.17800e+03 1.60191e-04
8.17900e+03 1.59347e-04
8.18000e+03 1.58503e-04
8.18100e+03 1.57657e-04
8.18200e+03 1.56801e-04
8.18300e+03 1.55946e-04
8.18400e+03 1.55090e-04
8.18500e+03 1.54235e-04
8.18600e+03 1.53380e-04
8.18700e+03 1.52517e-04
8.18800e+03 1.51654e-04
8.18900e+03 1.50790e-04
8.19000e+03 1.49928e-04
8.19100e+03 1.49015e-04
8.19200e+03 1.48095e-04
8.19300e+03 1.47176e-04
8.19400e+03 1.46259e-04
8.19500e+03 1.45341e-04
8.19600e+03 1.44425e-04
8.19700e+03 1.43503e-04
8.19800e+03 1.42581e-04
8.19900e+03 1.41661e-04
8.20000e+03 1.40741e-04
8.20100e+03 1.39843e-04
8.20200e+03 1.38939e-04
8.20300e+03 1.38036e-04
8.20400e+03 1.37134e-04
8.20500e+03 1.36232e-04
8.20600e+03 1.35331e-04
8.20700e+03 1.34426e-04
8.20800e+03 1.33522e-04
8.20900e+03 1.32618e-04
8.21000e+03 1.31715e-04
8.21100e+03 1.30833e-04
8.21200e+03 1.29948e-04
8.21300e+03 1.29062e-04
8.21400e+03 1.28178e-04
8.21500e+03 1.27294e-04
8.21600e+03 1.26410e-04
8.21700e+03 1.25524e-04
8.21800e+03 1.24639e-04
8.21900e+03 1.23754e-04
8.22000e+03 1.22869e-04
8.22100e+03 1.21913e-04
8.22200e+03 1.20957e-04
8.22300e+03 1.20002e-04
8.22400e+03 1.19049e-04
8.22500e+03 1.18098e-04
8.22600e+03 1.17147e-04
8.22700e+03 1.16199e-04
8.22800e+03 1.15253e-04
8.22900e+03 1.14307e-04
8.23000e+03 1.13364e-04
8.23100e+03 1.12481e-04
8.23200e+03 1.11601e-04
8.23300e+03 1.10721e-04
8.23400e+03 1.09841e-04
8.23500e+03 1.08963e-04
8.23600e+03 1.08085e-04
8.23700e+03 1.07210e-04
8.23800e+03 1.06336e-04
8.23900e+03 1.05463e-04
8.24000e+03 1.04590e-04
8.24100e+03 1.03699e-04
8.24200e+03 1.02814e-04
8.24300e+03 1.01930e-04
8.24400e+03 1.01047e-04
8.24500e+03 1.00164e-04
8.24600e+03 9.92820e-05
8.24700e+03 9.84070e-05
8.24800e+03 9.75331e-05
8.24900e+03 9.66598e-05
8.25000e+03 9.57874e-05
8.25100e+03 9.49284e-05
8.25200e+03 9.40774e-05
8.25300e+03 9.32274e-05
8.25400e+03 9.23776e-05
8.25500e+03 9.15285e-05
8.25600e+03 9.06799e-05
8.25700e+03 8.98410e-05
8.25800e+03 8.90025e-05
8.25900e+03 8.81645e-05
8.26000e+03 8.73270e-05
8.26100e+03 8.64809e-05
8.26200e+03 8.56456e-05
8.26300e+03 8.48113e-05
8.26400e+03 8.39777e-05
8.26500e+03 8.31448e-05
8.26600e+03 8.23125e-05
8.26700e+03 8.14929e-05
8.26800e+03 8.06737e-05
8.26900e+03 7.98556e-05
8.27000e+03 7.90380e-05
8.27100e+03 7.82276e-05
8.27200e+03 7.74310e-05
8.27300e+03 7.66350e-05
8.27400e+03 7.58393e-05
8.27500e+03 7.50446e-05
8.27600e+03 7.42501e-05
8.27700e+03 7.34705e-05
8.27800e+03 7.26918e-05
8.27900e+03 7.19132e-05
8.28000e+03 7.11356e-05
8.28100e+03 7.03574e-05
8.28200e+03 6.95948e-05
8.28300e+03 6.88332e-05
