# Filter name : HST/ACS_WFC.F550M
# Description : F550M filter for HST ACS_WFC
# Photometric system : ACS-WFC
# FilterType : photon
# Band name : ------
# Observatory : HST
# Instrument : ACS
# Comments : Response calculated using the stsynphot python package by STScI. In particular, function stsynphot.band("acs,wfc1,f550m"). Please, take a look to stsynphot documentation and HST instrument documentation
# 
5.14500e+03 7.53314e-05
5.14600e+03 7.81787e-05
5.14700e+03 8.10264e-05
5.14800e+03 8.38748e-05
5.14900e+03 8.67240e-05
5.15000e+03 8.95739e-05
5.15100e+03 9.24259e-05
5.15200e+03 9.52786e-05
5.15300e+03 9.81322e-05
5.15400e+03 1.00986e-04
5.15500e+03 1.03842e-04
5.15600e+03 1.06697e-04
5.15700e+03 1.09554e-04
5.15800e+03 1.12411e-04
5.15900e+03 1.15269e-04
5.16000e+03 1.18128e-04
5.16100e+03 1.20989e-04
5.16200e+03 1.23851e-04
5.16300e+03 1.26714e-04
5.16400e+03 1.29578e-04
5.16500e+03 1.32442e-04
5.16600e+03 1.35307e-04
5.16700e+03 1.38173e-04
5.16800e+03 1.41041e-04
5.16900e+03 1.43908e-04
5.17000e+03 1.46777e-04
5.17100e+03 1.49654e-04
5.17200e+03 1.52533e-04
5.17300e+03 1.55412e-04
5.17400e+03 1.58293e-04
5.17500e+03 1.61175e-04
5.17600e+03 1.64058e-04
5.17700e+03 1.66942e-04
5.17800e+03 1.69827e-04
5.17900e+03 1.72713e-04
5.18000e+03 1.75601e-04
5.18100e+03 1.94677e-04
5.18200e+03 2.13759e-04
5.18300e+03 2.32847e-04
5.18400e+03 2.51939e-04
5.18500e+03 2.71037e-04
5.18600e+03 2.90140e-04
5.18700e+03 3.09248e-04
5.18800e+03 3.28362e-04
5.18900e+03 3.47481e-04
5.19000e+03 3.66606e-04
5.19100e+03 3.85709e-04
5.19200e+03 4.04815e-04
5.19300e+03 4.23923e-04
5.19400e+03 4.43035e-04
5.19500e+03 4.62149e-04
5.19600e+03 4.81267e-04
5.19700e+03 5.00386e-04
5.19800e+03 5.19508e-04
5.19900e+03 5.38634e-04
5.20000e+03 5.57762e-04
5.20100e+03 5.76988e-04
5.20200e+03 5.96222e-04
5.20300e+03 6.15465e-04
5.20400e+03 6.34717e-04
5.20500e+03 6.53978e-04
5.20600e+03 6.73248e-04
5.20700e+03 6.92527e-04
5.20800e+03 7.11815e-04
5.20900e+03 7.31113e-04
5.21000e+03 7.50420e-04
5.21100e+03 7.69727e-04
5.21200e+03 7.89042e-04
5.21300e+03 8.08366e-04
5.21400e+03 8.27699e-04
5.21500e+03 8.47042e-04
5.21600e+03 8.66392e-04
5.21700e+03 8.85750e-04
5.21800e+03 9.05117e-04
5.21900e+03 9.24494e-04
5.22000e+03 9.43880e-04
5.22100e+03 1.01454e-03
5.22200e+03 1.08521e-03
5.22300e+03 1.15589e-03
5.22400e+03 1.22658e-03
5.22500e+03 1.29728e-03
5.22600e+03 1.36799e-03
5.22700e+03 1.43871e-03
5.22800e+03 1.50943e-03
5.22900e+03 1.58017e-03
5.23000e+03 1.65091e-03
5.23100e+03 1.72180e-03
5.23200e+03 1.79272e-03
5.23300e+03 1.86365e-03
5.23400e+03 1.93461e-03
5.23500e+03 2.00559e-03
5.23600e+03 2.07659e-03
5.23700e+03 2.14761e-03
5.23800e+03 2.21864e-03
5.23900e+03 2.28970e-03
5.24000e+03 2.36078e-03
5.24100e+03 2.54856e-03
5.24200e+03 2.73644e-03
5.24300e+03 2.92438e-03
5.24400e+03 3.11241e-03
5.24500e+03 3.30053e-03
5.24600e+03 3.48872e-03
5.24700e+03 3.67699e-03
5.24800e+03 3.86536e-03
5.24900e+03 4.05379e-03
5.25000e+03 4.24231e-03
5.25100e+03 4.61479e-03
5.25200e+03 4.98739e-03
5.25300e+03 5.36011e-03
5.25400e+03 5.73294e-03
5.25500e+03 6.10589e-03
5.25600e+03 6.47893e-03
5.25700e+03 6.85209e-03
5.25800e+03 7.22538e-03
5.25900e+03 7.59878e-03
5.26000e+03 7.97227e-03
5.26100e+03 8.72144e-03
5.26200e+03 9.47085e-03
5.26300e+03 1.02205e-02
5.26400e+03 1.09703e-02
5.26500e+03 1.17204e-02
5.26600e+03 1.24708e-02
5.26700e+03 1.32213e-02
5.26800e+03 1.39721e-02
5.26900e+03 1.47231e-02
5.27000e+03 1.54743e-02
5.27100e+03 1.70909e-02
5.27200e+03 1.87081e-02
5.27300e+03 2.03260e-02
5.27400e+03 2.19446e-02
5.27500e+03 2.35639e-02
5.27600e+03 2.51838e-02
5.27700e+03 2.68044e-02
5.27800e+03 2.84258e-02
5.27900e+03 3.00478e-02
5.28000e+03 3.16705e-02
5.28100e+03 3.46726e-02
5.28200e+03 3.76750e-02
5.28300e+03 4.06775e-02
5.28400e+03 4.36804e-02
5.28500e+03 4.66835e-02
5.28600e+03 4.96868e-02
5.28700e+03 5.26903e-02
5.28800e+03 5.56942e-02
5.28900e+03 5.86982e-02
5.29000e+03 6.17025e-02
5.29100e+03 6.70386e-02
5.29200e+03 7.23767e-02
5.29300e+03 7.77170e-02
5.29400e+03 8.30593e-02
5.29500e+03 8.84039e-02
5.29600e+03 9.37507e-02
5.29700e+03 9.90994e-02
5.29800e+03 1.04450e-01
5.29900e+03 1.09803e-01
5.30000e+03 1.15159e-01
5.30100e+03 1.22611e-01
5.30200e+03 1.30065e-01
5.30300e+03 1.37520e-01
5.30400e+03 1.44977e-01
5.30500e+03 1.52435e-01
5.30600e+03 1.59894e-01
5.30700e+03 1.67355e-01
5.30800e+03 1.74817e-01
5.30900e+03 1.82280e-01
5.31000e+03 1.89745e-01
5.31100e+03 1.96599e-01
5.31200e+03 2.03455e-01
5.31300e+03 2.10314e-01
5.31400e+03 2.17177e-01
5.31500e+03 2.24042e-01
5.31600e+03 2.30910e-01
5.31700e+03 2.37781e-01
5.31800e+03 2.44655e-01
5.31900e+03 2.51532e-01
5.32000e+03 2.58413e-01
5.32100e+03 2.62724e-01
5.32200e+03 2.67037e-01
5.32300e+03 2.71350e-01
5.32400e+03 2.75664e-01
5.32500e+03 2.79979e-01
5.32600e+03 2.84295e-01
5.32700e+03 2.88612e-01
5.32800e+03 2.92929e-01
5.32900e+03 2.97246e-01
5.33000e+03 3.01566e-01
5.33100e+03 3.03101e-01
5.33200e+03 3.04638e-01
5.33300e+03 3.06174e-01
5.33400e+03 3.07711e-01
5.33500e+03 3.09249e-01
5.33600e+03 3.10785e-01
5.33700e+03 3.12324e-01
5.33800e+03 3.13863e-01
5.33900e+03 3.15402e-01
5.34000e+03 3.16941e-01
5.34100e+03 3.17323e-01
5.34200e+03 3.17706e-01
5.34300e+03 3.18088e-01
5.34400e+03 3.18470e-01
5.34500e+03 3.18853e-01
5.34600e+03 3.19236e-01
5.34700e+03 3.19619e-01
5.34800e+03 3.20001e-01
5.34900e+03 3.20384e-01
5.35000e+03 3.20767e-01
5.35100e+03 3.21062e-01
5.35200e+03 3.21358e-01
5.35300e+03 3.21654e-01
5.35400e+03 3.21949e-01
5.35500e+03 3.22245e-01
5.35600e+03 3.22541e-01
5.35700e+03 3.22836e-01
5.35800e+03 3.23132e-01
5.35900e+03 3.23428e-01
5.36000e+03 3.23723e-01
5.36100e+03 3.24531e-01
5.36200e+03 3.25339e-01
5.36300e+03 3.26147e-01
5.36400e+03 3.26955e-01
5.36500e+03 3.27764e-01
5.36600e+03 3.28572e-01
5.36700e+03 3.29382e-01
5.36800e+03 3.30191e-01
5.36900e+03 3.31001e-01
5.37000e+03 3.31810e-01
5.37100e+03 3.32483e-01
5.37200e+03 3.33157e-01
5.37300e+03 3.33831e-01
5.37400e+03 3.34504e-01
5.37500e+03 3.35178e-01
5.37600e+03 3.35852e-01
5.37700e+03 3.36526e-01
5.37800e+03 3.37199e-01
5.37900e+03 3.37874e-01
5.38000e+03 3.38548e-01
5.38100e+03 3.39462e-01
5.38200e+03 3.40377e-01
5.38300e+03 3.41292e-01
5.38400e+03 3.42207e-01
5.38500e+03 3.43123e-01
5.38600e+03 3.44039e-01
5.38700e+03 3.44955e-01
5.38800e+03 3.45872e-01
5.38900e+03 3.46789e-01
5.39000e+03 3.47705e-01
5.39100e+03 3.48292e-01
5.39200e+03 3.48877e-01
5.39300e+03 3.49463e-01
5.39400e+03 3.50049e-01
5.39500e+03 3.50635e-01
5.39600e+03 3.51221e-01
5.39700e+03 3.51807e-01
5.39800e+03 3.52393e-01
5.39900e+03 3.52979e-01
5.40000e+03 3.53566e-01
5.40100e+03 3.54057e-01
5.40200e+03 3.54548e-01
5.40300e+03 3.55040e-01
5.40400e+03 3.55531e-01
5.40500e+03 3.56022e-01
5.40600e+03 3.56514e-01
5.40700e+03 3.57006e-01
5.40800e+03 3.57497e-01
5.40900e+03 3.57990e-01
5.41000e+03 3.58481e-01
5.41100e+03 3.58645e-01
5.41200e+03 3.58810e-01
5.41300e+03 3.58975e-01
5.41400e+03 3.59139e-01
5.41500e+03 3.59304e-01
5.41600e+03 3.59468e-01
5.41700e+03 3.59632e-01
5.41800e+03 3.59797e-01
5.41900e+03 3.59960e-01
5.42000e+03 3.60125e-01
5.42100e+03 3.60028e-01
5.42200e+03 3.59933e-01
5.42300e+03 3.59837e-01
5.42400e+03 3.59740e-01
5.42500e+03 3.59643e-01
5.42600e+03 3.59546e-01
5.42700e+03 3.59450e-01
5.42800e+03 3.59353e-01
5.42900e+03 3.59256e-01
5.43000e+03 3.59159e-01
5.43100e+03 3.59057e-01
5.43200e+03 3.58955e-01
5.43300e+03 3.58852e-01
5.43400e+03 3.58750e-01
5.43500e+03 3.58647e-01
5.43600e+03 3.58545e-01
5.43700e+03 3.58443e-01
5.43800e+03 3.58339e-01
5.43900e+03 3.58237e-01
5.44000e+03 3.58134e-01
5.44100e+03 3.57982e-01
5.44200e+03 3.57830e-01
5.44300e+03 3.57679e-01
5.44400e+03 3.57527e-01
5.44500e+03 3.57375e-01
5.44600e+03 3.57223e-01
5.44700e+03 3.57071e-01
5.44800e+03 3.56919e-01
5.44900e+03 3.56766e-01
5.45000e+03 3.56614e-01
5.45100e+03 3.56564e-01
5.45200e+03 3.56512e-01
5.45300e+03 3.56462e-01
5.45400e+03 3.56410e-01
5.45500e+03 3.56359e-01
5.45600e+03 3.56308e-01
5.45700e+03 3.56257e-01
5.45800e+03 3.56205e-01
5.45900e+03 3.56154e-01
5.46000e+03 3.56102e-01
5.46100e+03 3.56102e-01
5.46200e+03 3.56102e-01
5.46300e+03 3.56103e-01
5.46400e+03 3.56103e-01
5.46500e+03 3.56102e-01
5.46600e+03 3.56102e-01
5.46700e+03 3.56102e-01
5.46800e+03 3.56102e-01
5.46900e+03 3.56101e-01
5.47000e+03 3.56101e-01
5.47100e+03 3.56313e-01
5.47200e+03 3.56524e-01
5.47300e+03 3.56736e-01
5.47400e+03 3.56947e-01
5.47500e+03 3.57159e-01
5.47600e+03 3.57370e-01
5.47700e+03 3.57582e-01
5.47800e+03 3.57793e-01
5.47900e+03 3.58004e-01
5.48000e+03 3.58216e-01
5.48100e+03 3.58221e-01
5.48200e+03 3.58227e-01
5.48300e+03 3.58233e-01
5.48400e+03 3.58238e-01
5.48500e+03 3.58243e-01
5.48600e+03 3.58248e-01
5.48700e+03 3.58254e-01
5.48800e+03 3.58259e-01
5.48900e+03 3.58263e-01
5.49000e+03 3.58268e-01
5.49100e+03 3.57981e-01
5.49200e+03 3.57694e-01
5.49300e+03 3.57406e-01
5.49400e+03 3.57118e-01
5.49500e+03 3.56830e-01
5.49600e+03 3.56542e-01
5.49700e+03 3.56254e-01
5.49800e+03 3.55966e-01
5.49900e+03 3.55678e-01
5.50000e+03 3.55390e-01
5.50100e+03 3.55558e-01
5.50200e+03 3.55725e-01
5.50300e+03 3.55893e-01
5.50400e+03 3.56061e-01
5.50500e+03 3.56229e-01
5.50600e+03 3.56397e-01
5.50700e+03 3.56565e-01
5.50800e+03 3.56732e-01
5.50900e+03 3.56900e-01
5.51000e+03 3.57068e-01
5.51100e+03 3.57204e-01
5.51200e+03 3.57339e-01
5.51300e+03 3.57474e-01
5.51400e+03 3.57610e-01
5.51500e+03 3.57745e-01
5.51600e+03 3.57880e-01
5.51700e+03 3.58016e-01
5.51800e+03 3.58152e-01
5.51900e+03 3.58286e-01
5.52000e+03 3.58422e-01
5.52100e+03 3.58852e-01
5.52200e+03 3.59282e-01
5.52300e+03 3.59713e-01
5.52400e+03 3.60143e-01
5.52500e+03 3.60574e-01
5.52600e+03 3.61004e-01
5.52700e+03 3.61435e-01
5.52800e+03 3.61865e-01
5.52900e+03 3.62296e-01
5.53000e+03 3.62726e-01
5.53100e+03 3.62536e-01
5.53200e+03 3.62344e-01
5.53300e+03 3.62154e-01
5.53400e+03 3.61962e-01
5.53500e+03 3.61770e-01
5.53600e+03 3.61579e-01
5.53700e+03 3.61387e-01
5.53800e+03 3.61196e-01
5.53900e+03 3.61004e-01
5.54000e+03 3.60812e-01
5.54100e+03 3.61283e-01
5.54200e+03 3.61754e-01
5.54300e+03 3.62225e-01
5.54400e+03 3.62695e-01
5.54500e+03 3.63166e-01
5.54600e+03 3.63636e-01
5.54700e+03 3.64107e-01
5.54800e+03 3.64577e-01
5.54900e+03 3.65047e-01
5.55000e+03 3.65519e-01
5.55100e+03 3.65204e-01
5.55200e+03 3.64889e-01
5.55300e+03 3.64574e-01
5.55400e+03 3.64259e-01
5.55500e+03 3.63943e-01
5.55600e+03 3.63629e-01
5.55700e+03 3.63314e-01
5.55800e+03 3.62998e-01
5.55900e+03 3.62682e-01
5.56000e+03 3.62365e-01
5.56100e+03 3.62390e-01
5.56200e+03 3.62415e-01
5.56300e+03 3.62440e-01
5.56400e+03 3.62464e-01
5.56500e+03 3.62489e-01
5.56600e+03 3.62513e-01
5.56700e+03 3.62538e-01
5.56800e+03 3.62562e-01
5.56900e+03 3.62586e-01
5.57000e+03 3.62611e-01
5.57100e+03 3.62469e-01
5.57200e+03 3.62327e-01
5.57300e+03 3.62185e-01
5.57400e+03 3.62043e-01
5.57500e+03 3.61901e-01
5.57600e+03 3.61760e-01
5.57700e+03 3.61618e-01
5.57800e+03 3.61476e-01
5.57900e+03 3.61333e-01
5.58000e+03 3.61190e-01
5.58100e+03 3.60840e-01
5.58200e+03 3.60488e-01
5.58300e+03 3.60138e-01
5.58400e+03 3.59787e-01
5.58500e+03 3.59435e-01
5.58600e+03 3.59084e-01
5.58700e+03 3.58732e-01
5.58800e+03 3.58380e-01
5.58900e+03 3.58028e-01
5.59000e+03 3.57677e-01
5.59100e+03 3.57553e-01
5.59200e+03 3.57430e-01
5.59300e+03 3.57307e-01
5.59400e+03 3.57184e-01
5.59500e+03 3.57061e-01
5.59600e+03 3.56937e-01
5.59700e+03 3.56814e-01
5.59800e+03 3.56690e-01
5.59900e+03 3.56566e-01
5.60000e+03 3.56442e-01
5.60100e+03 3.56416e-01
5.60200e+03 3.56389e-01
5.60300e+03 3.56362e-01
5.60400e+03 3.56335e-01
5.60500e+03 3.56309e-01
5.60600e+03 3.56281e-01
5.60700e+03 3.56255e-01
5.60800e+03 3.56227e-01
5.60900e+03 3.56200e-01
5.61000e+03 3.56172e-01
5.61100e+03 3.56201e-01
5.61200e+03 3.56231e-01
5.61300e+03 3.56259e-01
5.61400e+03 3.56288e-01
5.61500e+03 3.56317e-01
5.61600e+03 3.56346e-01
5.61700e+03 3.56373e-01
5.61800e+03 3.56403e-01
5.61900e+03 3.56431e-01
5.62000e+03 3.56460e-01
5.62100e+03 3.56686e-01
5.62200e+03 3.56914e-01
5.62300e+03 3.57140e-01
5.62400e+03 3.57368e-01
5.62500e+03 3.57595e-01
5.62600e+03 3.57823e-01
5.62700e+03 3.58050e-01
5.62800e+03 3.58277e-01
5.62900e+03 3.58505e-01
5.63000e+03 3.58732e-01
5.63100e+03 3.58964e-01
5.63200e+03 3.59197e-01
5.63300e+03 3.59429e-01
5.63400e+03 3.59661e-01
5.63500e+03 3.59894e-01
5.63600e+03 3.60127e-01
5.63700e+03 3.60359e-01
5.63800e+03 3.60592e-01
5.63900e+03 3.60824e-01
5.64000e+03 3.61057e-01
5.64100e+03 3.61119e-01
5.64200e+03 3.61182e-01
5.64300e+03 3.61246e-01
5.64400e+03 3.61309e-01
5.64500e+03 3.61372e-01
5.64600e+03 3.61435e-01
5.64700e+03 3.61497e-01
5.64800e+03 3.61560e-01
5.64900e+03 3.61623e-01
5.65000e+03 3.61687e-01
5.65100e+03 3.61997e-01
5.65200e+03 3.62308e-01
5.65300e+03 3.62619e-01
5.65400e+03 3.62930e-01
5.65500e+03 3.63241e-01
5.65600e+03 3.63552e-01
5.65700e+03 3.63863e-01
5.65800e+03 3.64174e-01
5.65900e+03 3.64486e-01
5.66000e+03 3.64798e-01
5.66100e+03 3.64882e-01
5.66200e+03 3.64967e-01
5.66300e+03 3.65053e-01
5.66400e+03 3.65138e-01
5.66500e+03 3.65224e-01
5.66600e+03 3.65309e-01
5.66700e+03 3.65394e-01
5.66800e+03 3.65479e-01
5.66900e+03 3.65565e-01
5.67000e+03 3.65650e-01
5.67100e+03 3.65560e-01
5.67200e+03 3.65470e-01
5.67300e+03 3.65381e-01
5.67400e+03 3.65291e-01
5.67500e+03 3.65202e-01
5.67600e+03 3.65111e-01
5.67700e+03 3.65022e-01
5.67800e+03 3.64932e-01
5.67900e+03 3.64843e-01
5.68000e+03 3.64753e-01
5.68100e+03 3.64365e-01
5.68200e+03 3.63976e-01
5.68300e+03 3.63588e-01
5.68400e+03 3.63200e-01
5.68500e+03 3.62811e-01
5.68600e+03 3.62421e-01
5.68700e+03 3.62033e-01
5.68800e+03 3.61644e-01
5.68900e+03 3.61254e-01
5.69000e+03 3.60865e-01
5.69100e+03 3.60584e-01
5.69200e+03 3.60302e-01
5.69300e+03 3.60021e-01
5.69400e+03 3.59739e-01
5.69500e+03 3.59458e-01
5.69600e+03 3.59176e-01
5.69700e+03 3.58894e-01
5.69800e+03 3.58613e-01
5.69900e+03 3.58330e-01
5.70000e+03 3.58049e-01
5.70100e+03 3.57702e-01
5.70200e+03 3.57354e-01
5.70300e+03 3.57007e-01
5.70400e+03 3.56659e-01
5.70500e+03 3.56311e-01
5.70600e+03 3.55963e-01
5.70700e+03 3.55616e-01
5.70800e+03 3.55267e-01
5.70900e+03 3.54919e-01
5.71000e+03 3.54571e-01
5.71100e+03 3.54733e-01
5.71200e+03 3.54894e-01
5.71300e+03 3.55056e-01
5.71400e+03 3.55217e-01
5.71500e+03 3.55380e-01
5.71600e+03 3.55543e-01
5.71700e+03 3.55705e-01
5.71800e+03 3.55867e-01
5.71900e+03 3.56030e-01
5.72000e+03 3.56193e-01
5.72100e+03 3.56139e-01
5.72200e+03 3.56088e-01
5.72300e+03 3.56034e-01
5.72400e+03 3.55981e-01
5.72500e+03 3.55928e-01
5.72600e+03 3.55876e-01
5.72700e+03 3.55823e-01
5.72800e+03 3.55772e-01
5.72900e+03 3.55719e-01
5.73000e+03 3.55667e-01
5.73100e+03 3.55999e-01
5.73200e+03 3.56331e-01
5.73300e+03 3.56664e-01
5.73400e+03 3.56996e-01
5.73500e+03 3.57329e-01
5.73600e+03 3.57662e-01
5.73700e+03 3.57995e-01
5.73800e+03 3.58329e-01
5.73900e+03 3.58662e-01
5.74000e+03 3.58996e-01
5.74100e+03 3.59091e-01
5.74200e+03 3.59188e-01
5.74300e+03 3.59283e-01
5.74400e+03 3.59379e-01
5.74500e+03 3.59475e-01
5.74600e+03 3.59571e-01
5.74700e+03 3.59667e-01
5.74800e+03 3.59764e-01
5.74900e+03 3.59860e-01
5.75000e+03 3.59956e-01
5.75100e+03 3.59501e-01
5.75200e+03 3.59047e-01
5.75300e+03 3.58590e-01
5.75400e+03 3.58134e-01
5.75500e+03 3.57679e-01
5.75600e+03 3.57223e-01
5.75700e+03 3.56767e-01
5.75800e+03 3.56310e-01
5.75900e+03 3.55854e-01
5.76000e+03 3.55398e-01
5.76100e+03 3.54370e-01
5.76200e+03 3.53343e-01
5.76300e+03 3.52316e-01
5.76400e+03 3.51288e-01
5.76500e+03 3.50261e-01
5.76600e+03 3.49233e-01
5.76700e+03 3.48207e-01
5.76800e+03 3.47180e-01
5.76900e+03 3.46153e-01
5.77000e+03 3.45126e-01
5.77100e+03 3.44158e-01
5.77200e+03 3.43189e-01
5.77300e+03 3.42220e-01
5.77400e+03 3.41251e-01
5.77500e+03 3.40281e-01
5.77600e+03 3.39311e-01
5.77700e+03 3.38340e-01
5.77800e+03 3.37370e-01
5.77900e+03 3.36399e-01
5.78000e+03 3.35427e-01
5.78100e+03 3.34840e-01
5.78200e+03 3.34252e-01
5.78300e+03 3.33665e-01
5.78400e+03 3.33077e-01
5.78500e+03 3.32490e-01
5.78600e+03 3.31903e-01
5.78700e+03 3.31315e-01
5.78800e+03 3.30727e-01
5.78900e+03 3.30140e-01
5.79000e+03 3.29552e-01
5.79100e+03 3.29425e-01
5.79200e+03 3.29299e-01
5.79300e+03 3.29172e-01
5.79400e+03 3.29046e-01
5.79500e+03 3.28919e-01
5.79600e+03 3.28792e-01
5.79700e+03 3.28666e-01
5.79800e+03 3.28540e-01
5.79900e+03 3.28413e-01
5.80000e+03 3.28287e-01
5.80100e+03 3.28677e-01
5.80200e+03 3.29067e-01
5.80300e+03 3.29457e-01
5.80400e+03 3.29847e-01
5.80500e+03 3.30238e-01
5.80600e+03 3.30628e-01
5.80700e+03 3.31019e-01
5.80800e+03 3.31410e-01
5.80900e+03 3.31801e-01
5.81000e+03 3.32192e-01
5.81100e+03 3.32664e-01
5.81200e+03 3.33137e-01
5.81300e+03 3.33610e-01
5.81400e+03 3.34082e-01
5.81500e+03 3.34556e-01
5.81600e+03 3.35030e-01
5.81700e+03 3.35504e-01
5.81800e+03 3.35978e-01
5.81900e+03 3.36452e-01
5.82000e+03 3.36928e-01
5.82100e+03 3.36644e-01
5.82200e+03 3.36361e-01
5.82300e+03 3.36077e-01
5.82400e+03 3.35794e-01
5.82500e+03 3.35511e-01
5.82600e+03 3.35227e-01
5.82700e+03 3.34944e-01
5.82800e+03 3.34660e-01
5.82900e+03 3.34377e-01
5.83000e+03 3.34094e-01
5.83100e+03 3.30595e-01
5.83200e+03 3.27096e-01
5.83300e+03 3.23596e-01
5.83400e+03 3.20097e-01
5.83500e+03 3.16596e-01
5.83600e+03 3.13096e-01
5.83700e+03 3.09594e-01
5.83800e+03 3.06093e-01
5.83900e+03 3.02591e-01
5.84000e+03 2.99089e-01
5.84100e+03 2.92130e-01
5.84200e+03 2.85170e-01
5.84300e+03 2.78209e-01
5.84400e+03 2.71245e-01
5.84500e+03 2.64281e-01
5.84600e+03 2.57314e-01
5.84700e+03 2.50346e-01
5.84800e+03 2.43376e-01
5.84900e+03 2.36405e-01
5.85000e+03 2.29431e-01
5.85100e+03 2.21275e-01
5.85200e+03 2.13118e-01
5.85300e+03 2.04960e-01
5.85400e+03 1.96802e-01
5.85500e+03 1.88641e-01
5.85600e+03 1.80481e-01
5.85700e+03 1.72319e-01
5.85800e+03 1.64157e-01
5.85900e+03 1.55993e-01
5.86000e+03 1.47829e-01
5.86100e+03 1.41674e-01
5.86200e+03 1.35517e-01
5.86300e+03 1.29357e-01
5.86400e+03 1.23195e-01
5.86500e+03 1.17030e-01
5.86600e+03 1.10863e-01
5.86700e+03 1.04693e-01
5.86800e+03 9.85210e-02
5.86900e+03 9.23462e-02
5.87000e+03 8.61690e-02
5.87100e+03 8.23979e-02
5.87200e+03 7.86263e-02
5.87300e+03 7.48544e-02
5.87400e+03 7.10821e-02
5.87500e+03 6.73093e-02
5.87600e+03 6.35363e-02
5.87700e+03 5.97627e-02
5.87800e+03 5.59887e-02
5.87900e+03 5.22143e-02
5.88000e+03 4.84394e-02
5.88100e+03 4.63162e-02
5.88200e+03 4.41923e-02
5.88300e+03 4.20676e-02
5.88400e+03 3.99422e-02
5.88500e+03 3.78161e-02
5.88600e+03 3.56893e-02
5.88700e+03 3.35617e-02
5.88800e+03 3.14334e-02
5.88900e+03 2.93043e-02
5.89000e+03 2.71745e-02
5.89100e+03 2.60394e-02
5.89200e+03 2.49038e-02
5.89300e+03 2.37677e-02
5.89400e+03 2.26311e-02
5.89500e+03 2.14941e-02
5.89600e+03 2.03565e-02
5.89700e+03 1.92185e-02
5.89800e+03 1.80799e-02
5.89900e+03 1.69409e-02
5.90000e+03 1.58014e-02
5.90100e+03 1.51765e-02
5.90200e+03 1.45513e-02
5.90300e+03 1.39262e-02
5.90400e+03 1.33008e-02
5.90500e+03 1.26753e-02
5.90600e+03 1.20497e-02
5.90700e+03 1.14240e-02
5.90800e+03 1.07981e-02
5.90900e+03 1.01721e-02
5.91000e+03 9.54595e-03
5.91100e+03 9.19493e-03
5.91200e+03 8.84388e-03
5.91300e+03 8.49275e-03
5.91400e+03 8.14159e-03
5.91500e+03 7.79040e-03
5.91600e+03 7.43914e-03
5.91700e+03 7.08784e-03
5.91800e+03 6.73649e-03
5.91900e+03 6.38509e-03
5.92000e+03 6.03364e-03
5.92100e+03 5.79697e-03
5.92200e+03 5.56019e-03
5.92300e+03 5.32332e-03
5.92400e+03 5.08632e-03
5.92500e+03 4.84924e-03
5.92600e+03 4.61203e-03
5.92700e+03 4.37473e-03
5.92800e+03 4.13731e-03
5.92900e+03 3.89979e-03
5.93000e+03 3.66217e-03
5.93100e+03 3.54011e-03
5.93200e+03 3.41802e-03
5.93300e+03 3.29589e-03
5.93400e+03 3.17372e-03
5.93500e+03 3.05152e-03
5.93600e+03 2.92927e-03
5.93700e+03 2.80698e-03
5.93800e+03 2.68466e-03
5.93900e+03 2.56228e-03
5.94000e+03 2.43988e-03
5.94100e+03 2.38111e-03
5.94200e+03 2.32234e-03
5.94300e+03 2.26354e-03
5.94400e+03 2.20474e-03
5.94500e+03 2.14591e-03
5.94600e+03 2.08707e-03
5.94700e+03 2.02821e-03
5.94800e+03 1.96933e-03
5.94900e+03 1.91044e-03
5.95000e+03 1.85154e-03
5.95100e+03 1.79269e-03
5.95200e+03 1.73382e-03
5.95300e+03 1.67492e-03
5.95400e+03 1.61601e-03
5.95500e+03 1.55708e-03
5.95600e+03 1.49812e-03
5.95700e+03 1.43914e-03
5.95800e+03 1.38014e-03
5.95900e+03 1.32112e-03
5.96000e+03 1.26208e-03
5.96100e+03 1.23990e-03
5.96200e+03 1.21772e-03
5.96300e+03 1.19552e-03
5.96400e+03 1.17331e-03
5.96500e+03 1.15109e-03
5.96600e+03 1.12886e-03
5.96700e+03 1.10662e-03
5.96800e+03 1.08437e-03
5.96900e+03 1.06210e-03
5.97000e+03 1.03983e-03
5.97100e+03 1.01744e-03
5.97200e+03 9.95048e-04
5.97300e+03 9.72646e-04
5.97400e+03 9.50240e-04
5.97500e+03 9.27825e-04
5.97600e+03 9.05403e-04
5.97700e+03 8.82974e-04
5.97800e+03 8.60538e-04
5.97900e+03 8.38097e-04
5.98000e+03 8.15647e-04
5.98100e+03 7.93155e-04
5.98200e+03 7.70660e-04
5.98300e+03 7.48158e-04
5.98400e+03 7.25652e-04
5.98500e+03 7.03139e-04
5.98600e+03 6.80621e-04
5.98700e+03 6.58099e-04
5.98800e+03 6.35573e-04
5.98900e+03 6.13039e-04
5.99000e+03 5.90502e-04
5.99100e+03 5.67991e-04
5.99200e+03 5.45472e-04
5.99300e+03 5.22946e-04
5.99400e+03 5.00411e-04
5.99500e+03 4.77871e-04
5.99600e+03 4.55321e-04
5.99700e+03 4.32764e-04
5.99800e+03 4.10200e-04
5.99900e+03 3.87627e-04
6.00000e+03 3.65048e-04
6.00100e+03 3.59390e-04
6.00200e+03 3.53730e-04
6.00300e+03 3.48069e-04
6.00400e+03 3.42406e-04
6.00500e+03 3.36740e-04
6.00600e+03 3.31073e-04
6.00700e+03 3.25405e-04
6.00800e+03 3.19734e-04
6.00900e+03 3.14061e-04
6.01000e+03 3.08388e-04
6.01100e+03 3.02692e-04
6.01200e+03 2.96994e-04
6.01300e+03 2.91297e-04
6.01400e+03 2.85598e-04
6.01500e+03 2.79898e-04
6.01600e+03 2.74197e-04
6.01700e+03 2.68495e-04
6.01800e+03 2.62792e-04
6.01900e+03 2.57087e-04
6.02000e+03 2.51382e-04
6.02100e+03 2.45700e-04
6.02200e+03 2.40016e-04
6.02300e+03 2.34329e-04
6.02400e+03 2.28640e-04
6.02500e+03 2.22949e-04
6.02600e+03 2.17256e-04
6.02700e+03 2.11561e-04
6.02800e+03 2.05864e-04
6.02900e+03 2.00164e-04
6.03000e+03 1.94463e-04
6.03100e+03 1.88770e-04
6.03200e+03 1.83076e-04
6.03300e+03 1.77378e-04
6.03400e+03 1.71678e-04
6.03500e+03 1.65974e-04
6.03600e+03 1.60268e-04
6.03700e+03 1.54559e-04
6.03800e+03 1.48846e-04
6.03900e+03 1.43131e-04
6.04000e+03 1.37413e-04
6.04100e+03 1.35622e-04
6.04200e+03 1.33831e-04
6.04300e+03 1.32040e-04
6.04400e+03 1.30248e-04
6.04500e+03 1.28455e-04
6.04600e+03 1.26663e-04
6.04700e+03 1.24870e-04
6.04800e+03 1.23077e-04
6.04900e+03 1.21283e-04
6.05000e+03 1.19489e-04
6.05100e+03 1.17701e-04
6.05200e+03 1.15913e-04
6.05300e+03 1.14124e-04
6.05400e+03 1.12335e-04
6.05500e+03 1.10545e-04
6.05600e+03 1.08754e-04
6.05700e+03 1.06963e-04
6.05800e+03 1.05172e-04
6.05900e+03 1.03380e-04
6.06000e+03 1.01587e-04
6.06100e+03 9.97959e-05
6.06200e+03 9.80039e-05
6.06300e+03 9.62119e-05
6.06400e+03 9.44188e-05
6.06500e+03 9.26253e-05
6.06600e+03 9.08312e-05
6.06700e+03 8.90363e-05
6.06800e+03 8.72412e-05
6.06900e+03 8.54451e-05
6.07000e+03 8.36486e-05
6.07100e+03 8.18466e-05
6.07200e+03 8.00442e-05
6.07300e+03 7.82415e-05
6.07400e+03 7.64382e-05
6.07500e+03 7.46349e-05
