# Filter name : HST/ACS_WFC.FR551N
# Description : FR551N ramp filter for HST ACS_WFC at central wavelength
# Photometric system : ACS-WFC
# FilterType : photon
# Band name : ------
# Observatory : HST
# Instrument : ACS
# Comments : Response calculated using the stsynphot python package by STScI. In particular, function stsynphot.band("acs,wfc1,fr551n#5510"). Please, take a look to stsynphot documentation and HST instrument documentation
# 
5.16800e+03 6.31662e-05
5.16900e+03 6.42562e-05
5.17000e+03 6.53948e-05
5.17100e+03 6.65375e-05
5.17200e+03 6.76806e-05
5.17300e+03 6.88240e-05
5.17400e+03 6.99679e-05
5.17500e+03 7.11577e-05
5.17600e+03 7.23480e-05
5.17700e+03 7.35389e-05
5.17800e+03 7.47300e-05
5.17900e+03 7.59215e-05
5.18000e+03 7.71558e-05
5.18100e+03 7.83860e-05
5.18200e+03 7.96166e-05
5.18300e+03 8.08475e-05
5.18400e+03 8.20787e-05
5.18500e+03 8.33485e-05
5.18600e+03 8.46188e-05
5.18700e+03 8.58894e-05
5.18800e+03 8.71604e-05
5.18900e+03 8.84317e-05
5.19000e+03 8.97377e-05
5.19100e+03 9.10380e-05
5.19200e+03 9.23383e-05
5.19300e+03 9.36386e-05
5.19400e+03 9.49394e-05
5.19500e+03 9.62702e-05
5.19600e+03 9.76014e-05
5.19700e+03 9.89326e-05
5.19800e+03 1.00264e-04
5.19900e+03 1.01596e-04
5.20000e+03 1.02953e-04
5.20100e+03 1.04328e-04
5.20200e+03 1.05703e-04
5.20300e+03 1.07078e-04
5.20400e+03 1.08455e-04
5.20500e+03 1.09852e-04
5.20600e+03 1.11251e-04
5.20700e+03 1.12650e-04
5.20800e+03 1.14049e-04
5.20900e+03 1.15449e-04
5.21000e+03 1.16866e-04
5.21100e+03 1.18282e-04
5.21200e+03 1.19698e-04
5.21300e+03 1.21116e-04
5.21400e+03 1.22533e-04
5.21500e+03 1.23963e-04
5.21600e+03 1.25393e-04
5.21700e+03 1.26823e-04
5.21800e+03 1.28254e-04
5.21900e+03 1.29685e-04
5.22000e+03 1.31124e-04
5.22100e+03 1.32541e-04
5.22200e+03 1.33958e-04
5.22300e+03 1.35376e-04
5.22400e+03 1.36794e-04
5.22500e+03 1.38213e-04
5.22600e+03 1.39632e-04
5.22700e+03 1.41051e-04
5.22800e+03 1.42470e-04
5.22900e+03 1.43890e-04
5.23000e+03 1.45305e-04
5.23100e+03 1.46733e-04
5.23200e+03 1.48161e-04
5.23300e+03 1.49590e-04
5.23400e+03 1.51019e-04
5.23500e+03 1.52439e-04
5.23600e+03 1.53860e-04
5.23700e+03 1.55281e-04
5.23800e+03 1.56703e-04
5.23900e+03 1.58125e-04
5.24000e+03 1.59534e-04
5.24100e+03 1.60955e-04
5.24200e+03 1.62377e-04
5.24300e+03 1.63799e-04
5.24400e+03 1.65222e-04
5.24500e+03 1.66627e-04
5.24600e+03 1.68034e-04
5.24700e+03 1.69440e-04
5.24800e+03 1.70848e-04
5.24900e+03 1.72256e-04
5.25000e+03 1.73643e-04
5.25100e+03 1.75019e-04
5.25200e+03 1.76396e-04
5.25300e+03 1.77774e-04
5.25400e+03 1.79151e-04
5.25500e+03 1.80504e-04
5.25600e+03 1.81857e-04
5.25700e+03 1.83211e-04
5.25800e+03 1.84565e-04
5.25900e+03 1.85920e-04
5.26000e+03 1.87246e-04
5.26100e+03 1.88573e-04
5.26200e+03 1.89901e-04
5.26300e+03 1.91230e-04
5.26400e+03 1.92558e-04
5.26500e+03 1.93856e-04
5.26600e+03 1.95155e-04
5.26700e+03 1.96453e-04
5.26800e+03 1.97751e-04
5.26900e+03 1.99051e-04
5.27000e+03 2.00317e-04
5.27100e+03 2.01596e-04
5.27200e+03 2.02875e-04
5.27300e+03 2.04155e-04
5.27400e+03 2.05434e-04
5.27500e+03 2.06680e-04
5.27600e+03 2.07925e-04
5.27700e+03 2.09172e-04
5.27800e+03 2.10419e-04
5.27900e+03 2.11666e-04
5.28000e+03 2.12877e-04
5.28100e+03 2.14053e-04
5.28200e+03 2.15229e-04
5.28300e+03 2.16404e-04
5.28400e+03 2.17580e-04
5.28500e+03 2.18719e-04
5.28600e+03 2.19859e-04
5.28700e+03 2.20998e-04
5.28800e+03 2.22137e-04
5.28900e+03 2.23277e-04
5.29000e+03 2.24380e-04
5.29100e+03 2.25520e-04
5.29200e+03 2.26660e-04
5.29300e+03 2.27800e-04
5.29400e+03 2.28941e-04
5.29500e+03 2.30047e-04
5.29600e+03 2.31154e-04
5.29700e+03 2.32261e-04
5.29800e+03 2.33369e-04
5.29900e+03 2.34477e-04
5.30000e+03 2.35552e-04
5.30100e+03 2.36602e-04
5.30200e+03 2.37653e-04
5.30300e+03 2.38703e-04
5.30400e+03 2.39754e-04
5.30500e+03 2.40777e-04
5.30600e+03 2.41799e-04
5.30700e+03 2.42821e-04
5.30800e+03 2.43843e-04
5.30900e+03 2.44866e-04
5.31000e+03 2.45864e-04
5.31100e+03 2.46895e-04
5.31200e+03 2.47925e-04
5.31300e+03 2.48956e-04
5.31400e+03 2.49988e-04
5.31500e+03 2.51003e-04
5.31600e+03 2.52018e-04
5.31700e+03 2.53034e-04
5.31800e+03 2.54050e-04
5.31900e+03 2.55066e-04
5.32000e+03 2.56077e-04
5.32100e+03 2.57054e-04
5.32200e+03 2.58033e-04
5.32300e+03 2.59012e-04
5.32400e+03 2.59990e-04
5.32500e+03 2.60975e-04
5.32600e+03 2.61960e-04
5.32700e+03 2.62946e-04
5.32800e+03 2.63931e-04
5.32900e+03 2.64916e-04
5.33000e+03 2.65927e-04
5.33100e+03 2.66949e-04
5.33200e+03 2.67972e-04
5.33300e+03 2.68994e-04
5.33400e+03 2.70017e-04
5.33500e+03 2.71089e-04
5.33600e+03 2.72160e-04
5.33700e+03 2.73233e-04
5.33800e+03 2.74306e-04
5.33900e+03 2.75379e-04
5.34000e+03 2.76533e-04
5.34100e+03 2.77699e-04
5.34200e+03 2.78867e-04
5.34300e+03 2.80034e-04
5.34400e+03 2.81201e-04
5.34500e+03 2.82496e-04
5.34600e+03 2.83792e-04
5.34700e+03 2.85087e-04
5.34800e+03 2.86383e-04
5.34900e+03 2.87680e-04
5.35000e+03 2.89165e-04
5.35100e+03 2.90634e-04
5.35200e+03 2.92102e-04
5.35300e+03 2.93571e-04
5.35400e+03 2.95040e-04
5.35500e+03 2.96786e-04
5.35600e+03 2.98534e-04
5.35700e+03 3.00282e-04
5.35800e+03 3.02030e-04
5.35900e+03 3.03778e-04
5.36000e+03 3.05930e-04
5.36100e+03 3.08103e-04
5.36200e+03 3.10277e-04
5.36300e+03 3.12452e-04
5.36400e+03 3.14628e-04
5.36500e+03 3.17387e-04
5.36600e+03 3.20147e-04
5.36700e+03 3.22909e-04
5.36800e+03 3.25671e-04
5.36900e+03 3.28435e-04
5.37000e+03 3.32043e-04
5.37100e+03 3.35633e-04
5.37200e+03 3.39224e-04
5.37300e+03 3.42815e-04
5.37400e+03 3.46407e-04
5.37500e+03 3.51234e-04
5.37600e+03 3.56061e-04
5.37700e+03 3.60890e-04
5.37800e+03 3.65719e-04
5.37900e+03 3.70550e-04
5.38000e+03 3.77197e-04
5.38100e+03 3.83864e-04
5.38200e+03 3.90533e-04
5.38300e+03 3.97204e-04
5.38400e+03 4.03876e-04
5.38500e+03 4.13257e-04
5.38600e+03 4.22640e-04
5.38700e+03 4.32026e-04
5.38800e+03 4.41415e-04
5.38900e+03 4.50807e-04
5.39000e+03 4.64286e-04
5.39100e+03 4.77747e-04
5.39200e+03 4.91209e-04
5.39300e+03 5.04675e-04
5.39400e+03 5.18143e-04
5.39500e+03 5.37879e-04
5.39600e+03 5.57619e-04
5.39700e+03 5.77362e-04
5.39800e+03 5.97110e-04
5.39900e+03 6.16862e-04
5.40000e+03 6.46397e-04
5.40100e+03 6.75995e-04
5.40200e+03 7.05605e-04
5.40300e+03 7.35225e-04
5.40400e+03 7.64856e-04
5.40500e+03 8.10068e-04
5.40600e+03 8.55300e-04
5.40700e+03 9.00548e-04
5.40800e+03 9.45810e-04
5.40900e+03 9.91093e-04
5.41000e+03 1.06172e-03
5.41100e+03 1.13236e-03
5.41200e+03 1.20301e-03
5.41300e+03 1.27369e-03
5.41400e+03 1.34440e-03
5.41500e+03 1.45731e-03
5.41600e+03 1.57025e-03
5.41700e+03 1.68323e-03
5.41800e+03 1.79626e-03
5.41900e+03 1.90931e-03
5.42000e+03 2.09441e-03
5.42100e+03 2.27944e-03
5.42200e+03 2.46451e-03
5.42300e+03 2.64962e-03
5.42400e+03 2.83476e-03
5.42500e+03 3.14608e-03
5.42600e+03 3.45746e-03
5.42700e+03 3.76892e-03
5.42800e+03 4.08043e-03
5.42900e+03 4.39200e-03
5.43000e+03 4.93037e-03
5.43100e+03 5.46917e-03
5.43200e+03 6.00813e-03
5.43300e+03 6.54726e-03
5.43400e+03 7.08656e-03
5.43500e+03 8.04288e-03
5.43600e+03 8.99949e-03
5.43700e+03 9.95643e-03
5.43800e+03 1.09136e-02
5.43900e+03 1.18711e-02
5.44000e+03 1.36044e-02
5.44100e+03 1.53374e-02
5.44200e+03 1.70708e-02
5.44300e+03 1.88046e-02
5.44400e+03 2.05387e-02
5.44500e+03 2.36948e-02
5.44600e+03 2.68515e-02
5.44700e+03 3.00090e-02
5.44800e+03 3.31670e-02
5.44900e+03 3.63258e-02
5.45000e+03 4.19093e-02
5.45100e+03 4.74960e-02
5.45200e+03 5.30842e-02
5.45300e+03 5.86742e-02
5.45400e+03 6.42658e-02
5.45500e+03 7.32669e-02
5.45600e+03 8.22706e-02
5.45700e+03 9.12771e-02
5.45800e+03 1.00286e-01
5.45900e+03 1.09298e-01
5.46000e+03 1.21348e-01
5.46100e+03 1.33393e-01
5.46200e+03 1.45441e-01
5.46300e+03 1.57491e-01
5.46400e+03 1.69542e-01
5.46500e+03 1.81755e-01
5.46600e+03 1.93970e-01
5.46700e+03 2.06188e-01
5.46800e+03 2.18407e-01
5.46900e+03 2.30628e-01
5.47000e+03 2.39502e-01
5.47100e+03 2.48397e-01
5.47200e+03 2.57295e-01
5.47300e+03 2.66196e-01
5.47400e+03 2.75100e-01
5.47500e+03 2.79736e-01
5.47600e+03 2.84372e-01
5.47700e+03 2.89011e-01
5.47800e+03 2.93650e-01
5.47900e+03 2.98292e-01
5.48000e+03 3.00106e-01
5.48100e+03 3.01888e-01
5.48200e+03 3.03670e-01
5.48300e+03 3.05453e-01
5.48400e+03 3.07235e-01
5.48500e+03 3.07770e-01
5.48600e+03 3.08304e-01
5.48700e+03 3.08839e-01
5.48800e+03 3.09374e-01
5.48900e+03 3.09908e-01
5.49000e+03 3.10038e-01
5.49100e+03 3.10167e-01
5.49200e+03 3.10296e-01
5.49300e+03 3.10425e-01
5.49400e+03 3.10554e-01
5.49500e+03 3.10587e-01
5.49600e+03 3.10619e-01
5.49700e+03 3.10652e-01
5.49800e+03 3.10685e-01
5.49900e+03 3.10717e-01
5.50000e+03 3.10735e-01
5.50100e+03 3.10796e-01
5.50200e+03 3.10856e-01
5.50300e+03 3.10918e-01
5.50400e+03 3.10978e-01
5.50500e+03 3.11038e-01
5.50600e+03 3.11097e-01
5.50700e+03 3.11156e-01
5.50800e+03 3.11216e-01
5.50900e+03 3.11275e-01
5.51000e+03 3.11334e-01
5.51100e+03 3.11340e-01
5.51200e+03 3.11345e-01
5.51300e+03 3.11350e-01
5.51400e+03 3.11355e-01
5.51500e+03 3.11359e-01
5.51600e+03 3.11364e-01
5.51700e+03 3.11368e-01
5.51800e+03 3.11373e-01
5.51900e+03 3.11377e-01
5.52000e+03 3.11375e-01
5.52100e+03 3.11396e-01
5.52200e+03 3.11415e-01
5.52300e+03 3.11436e-01
5.52400e+03 3.11456e-01
5.52500e+03 3.11425e-01
5.52600e+03 3.11394e-01
5.52700e+03 3.11363e-01
5.52800e+03 3.11331e-01
5.52900e+03 3.11300e-01
5.53000e+03 3.11025e-01
5.53100e+03 3.10748e-01
5.53200e+03 3.10471e-01
5.53300e+03 3.10194e-01
5.53400e+03 3.09916e-01
5.53500e+03 3.08805e-01
5.53600e+03 3.07694e-01
5.53700e+03 3.06583e-01
5.53800e+03 3.05472e-01
5.53900e+03 3.04360e-01
5.54000e+03 3.01126e-01
5.54100e+03 2.97872e-01
5.54200e+03 2.94618e-01
5.54300e+03 2.91364e-01
5.54400e+03 2.88109e-01
5.54500e+03 2.81041e-01
5.54600e+03 2.73971e-01
5.54700e+03 2.66902e-01
5.54800e+03 2.59833e-01
5.54900e+03 2.52762e-01
5.55000e+03 2.41563e-01
5.55100e+03 2.30396e-01
5.55200e+03 2.19226e-01
5.55300e+03 2.08052e-01
5.55400e+03 1.96874e-01
5.55500e+03 1.84212e-01
5.55600e+03 1.71546e-01
5.55700e+03 1.58876e-01
5.55800e+03 1.46201e-01
5.55900e+03 1.33523e-01
5.56000e+03 1.23002e-01
5.56100e+03 1.12465e-01
5.56200e+03 1.01927e-01
5.56300e+03 9.13885e-02
5.56400e+03 8.08487e-02
5.56500e+03 7.39031e-02
5.56600e+03 6.69567e-02
5.56700e+03 6.00099e-02
5.56800e+03 5.30622e-02
5.56900e+03 4.61139e-02
5.57000e+03 4.20877e-02
5.57100e+03 3.80581e-02
5.57200e+03 3.40288e-02
5.57300e+03 2.99997e-02
5.57400e+03 2.59709e-02
5.57500e+03 2.37482e-02
5.57600e+03 2.15257e-02
5.57700e+03 1.93033e-02
5.57800e+03 1.70810e-02
5.57900e+03 1.48589e-02
5.58000e+03 1.36382e-02
5.58100e+03 1.24188e-02
5.58200e+03 1.11992e-02
5.58300e+03 9.97951e-03
5.58400e+03 8.75967e-03
5.58500e+03 8.07856e-03
5.58600e+03 7.39740e-03
5.58700e+03 6.71616e-03
5.58800e+03 6.03484e-03
5.58900e+03 5.35344e-03
5.59000e+03 4.96343e-03
5.59100e+03 4.57371e-03
5.59200e+03 4.18390e-03
5.59300e+03 3.79399e-03
5.59400e+03 3.40397e-03
5.59500e+03 3.17467e-03
5.59600e+03 2.94530e-03
5.59700e+03 2.71588e-03
5.59800e+03 2.48639e-03
5.59900e+03 2.25684e-03
5.60000e+03 2.11823e-03
5.60100e+03 1.97954e-03
5.60200e+03 1.84083e-03
5.60300e+03 1.70208e-03
5.60400e+03 1.56330e-03
5.60500e+03 1.47733e-03
5.60600e+03 1.39134e-03
5.60700e+03 1.30533e-03
5.60800e+03 1.21931e-03
5.60900e+03 1.13326e-03
5.61000e+03 1.07868e-03
5.61100e+03 1.02412e-03
5.61200e+03 9.69554e-04
5.61300e+03 9.14966e-04
5.61400e+03 8.60361e-04
5.61500e+03 8.24954e-04
5.61600e+03 7.89537e-04
5.61700e+03 7.54106e-04
5.61800e+03 7.18669e-04
5.61900e+03 6.83218e-04
5.62000e+03 6.59747e-04
5.62100e+03 6.36197e-04
5.62200e+03 6.12647e-04
5.62300e+03 5.89094e-04
5.62400e+03 5.65541e-04
5.62500e+03 5.49614e-04
5.62600e+03 5.33687e-04
5.62700e+03 5.17758e-04
5.62800e+03 5.01829e-04
5.62900e+03 4.85898e-04
5.63000e+03 4.74912e-04
5.63100e+03 4.63944e-04
5.63200e+03 4.52977e-04
5.63300e+03 4.42006e-04
5.63400e+03 4.31035e-04
5.63500e+03 4.23322e-04
5.63600e+03 4.15607e-04
5.63700e+03 4.07891e-04
5.63800e+03 4.00174e-04
5.63900e+03 3.92454e-04
5.64000e+03 3.86915e-04
5.64100e+03 3.81384e-04
5.64200e+03 3.75853e-04
5.64300e+03 3.70322e-04
5.64400e+03 3.64788e-04
5.64500e+03 3.60729e-04
5.64600e+03 3.56671e-04
5.64700e+03 3.52610e-04
5.64800e+03 3.48549e-04
5.64900e+03 3.44487e-04
5.65000e+03 3.41435e-04
5.65100e+03 3.38371e-04
5.65200e+03 3.35306e-04
5.65300e+03 3.32241e-04
5.65400e+03 3.29175e-04
5.65500e+03 3.26805e-04
5.65600e+03 3.24435e-04
5.65700e+03 3.22064e-04
5.65800e+03 3.19693e-04
5.65900e+03 3.17322e-04
5.66000e+03 3.15432e-04
5.66100e+03 3.13549e-04
5.66200e+03 3.11667e-04
5.66300e+03 3.09784e-04
5.66400e+03 3.07901e-04
5.66500e+03 3.06351e-04
5.66600e+03 3.04800e-04
5.66700e+03 3.03249e-04
5.66800e+03 3.01698e-04
5.66900e+03 3.00146e-04
5.67000e+03 2.98823e-04
5.67100e+03 2.97512e-04
5.67200e+03 2.96201e-04
5.67300e+03 2.94890e-04
5.67400e+03 2.93578e-04
5.67500e+03 2.92421e-04
5.67600e+03 2.91263e-04
5.67700e+03 2.90105e-04
5.67800e+03 2.88947e-04
5.67900e+03 2.87789e-04
5.68000e+03 2.86731e-04
5.68100e+03 2.85681e-04
5.68200e+03 2.84631e-04
5.68300e+03 2.83580e-04
5.68400e+03 2.82530e-04
5.68500e+03 2.81541e-04
5.68600e+03 2.80552e-04
5.68700e+03 2.79564e-04
5.68800e+03 2.78574e-04
5.68900e+03 2.77585e-04
5.69000e+03 2.76629e-04
5.69100e+03 2.75652e-04
5.69200e+03 2.74674e-04
5.69300e+03 2.73696e-04
5.69400e+03 2.72718e-04
5.69500e+03 2.71754e-04
5.69600e+03 2.70789e-04
5.69700e+03 2.69824e-04
5.69800e+03 2.68859e-04
5.69900e+03 2.67893e-04
5.70000e+03 2.66926e-04
5.70100e+03 2.65980e-04
5.70200e+03 2.65035e-04
5.70300e+03 2.64089e-04
5.70400e+03 2.63143e-04
5.70500e+03 2.62182e-04
5.70600e+03 2.61222e-04
5.70700e+03 2.60262e-04
5.70800e+03 2.59300e-04
5.70900e+03 2.58338e-04
5.71000e+03 2.57355e-04
5.71100e+03 2.56353e-04
5.71200e+03 2.55352e-04
5.71300e+03 2.54350e-04
5.71400e+03 2.53348e-04
5.71500e+03 2.52318e-04
5.71600e+03 2.51287e-04
5.71700e+03 2.50257e-04
5.71800e+03 2.49225e-04
5.71900e+03 2.48194e-04
5.72000e+03 2.47131e-04
5.72100e+03 2.46027e-04
5.72200e+03 2.44925e-04
5.72300e+03 2.43823e-04
5.72400e+03 2.42720e-04
5.72500e+03 2.41582e-04
5.72600e+03 2.40444e-04
5.72700e+03 2.39306e-04
5.72800e+03 2.38169e-04
5.72900e+03 2.37031e-04
5.73000e+03 2.35856e-04
5.73100e+03 2.34731e-04
5.73200e+03 2.33606e-04
5.73300e+03 2.32480e-04
5.73400e+03 2.31354e-04
5.73500e+03 2.30189e-04
5.73600e+03 2.29024e-04
5.73700e+03 2.27858e-04
5.73800e+03 2.26692e-04
5.73900e+03 2.25526e-04
5.74000e+03 2.24321e-04
5.74100e+03 2.23073e-04
5.74200e+03 2.21826e-04
5.74300e+03 2.20579e-04
5.74400e+03 2.19332e-04
5.74500e+03 2.18047e-04
5.74600e+03 2.16762e-04
5.74700e+03 2.15478e-04
5.74800e+03 2.14194e-04
5.74900e+03 2.12909e-04
5.75000e+03 2.11589e-04
5.75100e+03 2.10322e-04
5.75200e+03 2.09055e-04
5.75300e+03 2.07787e-04
5.75400e+03 2.06518e-04
5.75500e+03 2.05215e-04
5.75600e+03 2.03911e-04
5.75700e+03 2.02607e-04
5.75800e+03 2.01302e-04
5.75900e+03 1.99996e-04
5.76000e+03 1.98659e-04
5.76100e+03 1.97273e-04
5.76200e+03 1.95888e-04
5.76300e+03 1.94503e-04
5.76400e+03 1.93118e-04
5.76500e+03 1.91704e-04
5.76600e+03 1.90291e-04
5.76700e+03 1.88877e-04
5.76800e+03 1.87464e-04
5.76900e+03 1.86050e-04
5.77000e+03 1.84611e-04
5.77100e+03 1.83209e-04
5.77200e+03 1.81805e-04
5.77300e+03 1.80400e-04
5.77400e+03 1.78996e-04
5.77500e+03 1.77569e-04
5.77600e+03 1.76142e-04
5.77700e+03 1.74714e-04
5.77800e+03 1.73286e-04
5.77900e+03 1.71858e-04
5.78000e+03 1.70412e-04
5.78100e+03 1.68944e-04
5.78200e+03 1.67475e-04
5.78300e+03 1.66006e-04
5.78400e+03 1.64537e-04
5.78500e+03 1.63056e-04
5.78600e+03 1.61575e-04
5.78700e+03 1.60093e-04
5.78800e+03 1.58611e-04
5.78900e+03 1.57129e-04
5.79000e+03 1.55639e-04
5.79100e+03 1.54161e-04
5.79200e+03 1.52681e-04
5.79300e+03 1.51202e-04
5.79400e+03 1.49722e-04
5.79500e+03 1.48239e-04
5.79600e+03 1.46756e-04
5.79700e+03 1.45273e-04
5.79800e+03 1.43789e-04
5.79900e+03 1.42304e-04
5.80000e+03 1.40823e-04
5.80100e+03 1.39320e-04
5.80200e+03 1.37816e-04
5.80300e+03 1.36313e-04
5.80400e+03 1.34810e-04
5.80500e+03 1.33316e-04
5.80600e+03 1.31821e-04
5.80700e+03 1.30326e-04
5.80800e+03 1.28831e-04
5.80900e+03 1.27337e-04
5.81000e+03 1.25856e-04
5.81100e+03 1.24398e-04
5.81200e+03 1.22939e-04
5.81300e+03 1.21479e-04
5.81400e+03 1.20019e-04
5.81500e+03 1.18578e-04
5.81600e+03 1.17137e-04
5.81700e+03 1.15694e-04
5.81800e+03 1.14251e-04
5.81900e+03 1.12808e-04
5.82000e+03 1.11388e-04
5.82100e+03 1.09964e-04
5.82200e+03 1.08539e-04
5.82300e+03 1.07114e-04
5.82400e+03 1.05689e-04
5.82500e+03 1.04293e-04
5.82600e+03 1.02896e-04
5.82700e+03 1.01499e-04
5.82800e+03 1.00101e-04
5.82900e+03 9.87029e-05
5.83000e+03 9.73387e-05
5.83100e+03 9.59642e-05
5.83200e+03 9.45898e-05
5.83300e+03 9.32150e-05
5.83400e+03 9.18402e-05
5.83500e+03 9.05042e-05
5.83600e+03 8.91682e-05
5.83700e+03 8.78317e-05
5.83800e+03 8.64952e-05
5.83900e+03 8.51588e-05
5.84000e+03 8.38653e-05
5.84100e+03 8.25758e-05
5.84200e+03 8.12862e-05
5.84300e+03 7.99961e-05
5.84400e+03 7.87059e-05
5.84500e+03 7.74626e-05
5.84600e+03 7.62189e-05
5.84700e+03 7.49752e-05
5.84800e+03 7.37312e-05
5.84900e+03 7.24868e-05
5.85000e+03 7.12930e-05
5.85100e+03 7.00940e-05
5.85200e+03 6.88950e-05
5.85300e+03 6.76958e-05
5.85400e+03 6.64966e-05
5.85500e+03 6.53510e-05
5.85600e+03 6.42053e-05
5.85700e+03 6.30596e-05
