# Filter name : HST/ACS_WFC.FR459M
# Description : FR459M ramp filter for HST ACS_WFC at central wavelength
# Photometric system : ACS-WFC
# FilterType : photon
# Band name : ------
# Observatory : HST
# Instrument : ACS
# Comments : Response calculated using the stsynphot python package by STScI. In particular, function stsynphot.band("acs,wfc1,fr459m#4590"). Please, take a look to stsynphot documentation and HST instrument documentation
# 
3.66100e+03 6.31357e-05
3.66200e+03 6.35253e-05
3.66300e+03 6.39159e-05
3.66400e+03 6.43077e-05
3.66500e+03 6.46990e-05
3.66600e+03 6.50910e-05
3.66700e+03 6.54846e-05
3.66800e+03 6.58792e-05
3.66900e+03 6.62746e-05
3.67000e+03 6.66692e-05
3.67100e+03 6.70667e-05
3.67200e+03 6.74656e-05
3.67300e+03 6.78655e-05
3.67400e+03 6.82666e-05
3.67500e+03 6.86664e-05
3.67600e+03 6.90676e-05
3.67700e+03 6.94695e-05
3.67800e+03 6.98729e-05
3.67900e+03 7.02773e-05
3.68000e+03 7.06804e-05
3.68100e+03 7.10930e-05
3.68200e+03 7.15068e-05
3.68300e+03 7.19218e-05
3.68400e+03 7.23381e-05
3.68500e+03 7.27531e-05
3.68600e+03 7.31693e-05
3.68700e+03 7.35865e-05
3.68800e+03 7.40050e-05
3.68900e+03 7.44248e-05
3.69000e+03 7.48431e-05
3.69100e+03 7.52518e-05
3.69200e+03 7.56622e-05
3.69300e+03 7.60731e-05
3.69400e+03 7.64854e-05
3.69500e+03 7.68959e-05
3.69600e+03 7.73073e-05
3.69700e+03 7.77200e-05
3.69800e+03 7.81334e-05
3.69900e+03 7.85481e-05
3.70000e+03 7.89612e-05
3.70100e+03 7.93872e-05
3.70200e+03 7.98148e-05
3.70300e+03 8.02437e-05
3.70400e+03 8.06737e-05
3.70500e+03 8.11015e-05
3.70600e+03 8.15311e-05
3.70700e+03 8.19615e-05
3.70800e+03 8.23931e-05
3.70900e+03 8.28258e-05
3.71000e+03 8.32564e-05
3.71100e+03 8.36947e-05
3.71200e+03 8.41339e-05
3.71300e+03 8.45743e-05
3.71400e+03 8.50161e-05
3.71500e+03 8.54559e-05
3.71600e+03 8.58970e-05
3.71700e+03 8.63389e-05
3.71800e+03 8.67822e-05
3.71900e+03 8.72266e-05
3.72000e+03 8.76694e-05
3.72100e+03 8.81118e-05
3.72200e+03 8.85559e-05
3.72300e+03 8.90012e-05
3.72400e+03 8.94478e-05
3.72500e+03 8.98917e-05
3.72600e+03 9.03372e-05
3.72700e+03 9.07835e-05
3.72800e+03 9.12312e-05
3.72900e+03 9.16799e-05
3.73000e+03 9.21263e-05
3.73100e+03 9.25896e-05
3.73200e+03 9.30541e-05
3.73300e+03 9.35198e-05
3.73400e+03 9.39869e-05
3.73500e+03 9.44519e-05
3.73600e+03 9.49175e-05
3.73700e+03 9.53850e-05
3.73800e+03 9.58536e-05
3.73900e+03 9.63236e-05
3.74000e+03 9.67912e-05
3.74100e+03 9.72518e-05
3.74200e+03 9.77137e-05
3.74300e+03 9.81766e-05
3.74400e+03 9.86412e-05
3.74500e+03 9.91027e-05
3.74600e+03 9.95657e-05
3.74700e+03 1.00030e-04
3.74800e+03 1.00495e-04
3.74900e+03 1.00962e-04
3.75000e+03 1.01425e-04
3.75100e+03 1.01901e-04
3.75200e+03 1.02378e-04
3.75300e+03 1.02856e-04
3.75400e+03 1.03335e-04
3.75500e+03 1.03812e-04
3.75600e+03 1.04290e-04
3.75700e+03 1.04769e-04
3.75800e+03 1.05250e-04
3.75900e+03 1.05732e-04
3.76000e+03 1.06211e-04
3.76100e+03 1.06697e-04
3.76200e+03 1.07185e-04
3.76300e+03 1.07674e-04
3.76400e+03 1.08165e-04
3.76500e+03 1.08652e-04
3.76600e+03 1.09141e-04
3.76700e+03 1.09632e-04
3.76800e+03 1.10123e-04
3.76900e+03 1.10616e-04
3.77000e+03 1.11106e-04
3.77100e+03 1.11585e-04
3.77200e+03 1.12066e-04
3.77300e+03 1.12548e-04
3.77400e+03 1.13031e-04
3.77500e+03 1.13511e-04
3.77600e+03 1.13992e-04
3.77700e+03 1.14475e-04
3.77800e+03 1.14958e-04
3.77900e+03 1.15443e-04
3.78000e+03 1.15924e-04
3.78100e+03 1.16458e-04
3.78200e+03 1.16993e-04
3.78300e+03 1.17529e-04
3.78400e+03 1.18067e-04
3.78500e+03 1.18602e-04
3.78600e+03 1.19139e-04
3.78700e+03 1.19677e-04
3.78800e+03 1.20217e-04
3.78900e+03 1.20759e-04
3.79000e+03 1.21298e-04
3.79100e+03 1.21846e-04
3.79200e+03 1.22396e-04
3.79300e+03 1.22947e-04
3.79400e+03 1.23500e-04
3.79500e+03 1.24051e-04
3.79600e+03 1.24603e-04
3.79700e+03 1.25156e-04
3.79800e+03 1.25711e-04
3.79900e+03 1.26269e-04
3.80000e+03 1.26823e-04
3.80100e+03 1.27255e-04
3.80200e+03 1.27689e-04
3.80300e+03 1.28123e-04
3.80400e+03 1.28559e-04
3.80500e+03 1.28991e-04
3.80600e+03 1.29424e-04
3.80700e+03 1.29858e-04
3.80800e+03 1.30293e-04
3.80900e+03 1.30729e-04
3.81000e+03 1.31162e-04
3.81100e+03 1.31619e-04
3.81200e+03 1.32077e-04
3.81300e+03 1.32536e-04
3.81400e+03 1.32996e-04
3.81500e+03 1.33453e-04
3.81600e+03 1.33911e-04
3.81700e+03 1.34370e-04
3.81800e+03 1.34830e-04
3.81900e+03 1.35291e-04
3.82000e+03 1.35749e-04
3.82100e+03 1.36217e-04
3.82200e+03 1.36687e-04
3.82300e+03 1.37157e-04
3.82400e+03 1.37628e-04
3.82500e+03 1.38097e-04
3.82600e+03 1.38566e-04
3.82700e+03 1.39037e-04
3.82800e+03 1.39508e-04
3.82900e+03 1.39981e-04
3.83000e+03 1.40451e-04
3.83100e+03 1.40953e-04
3.83200e+03 1.41458e-04
3.83300e+03 1.41963e-04
3.83400e+03 1.42469e-04
3.83500e+03 1.42973e-04
3.83600e+03 1.43478e-04
3.83700e+03 1.43985e-04
3.83800e+03 1.44492e-04
3.83900e+03 1.45001e-04
3.84000e+03 1.45507e-04
3.84100e+03 1.46006e-04
3.84200e+03 1.46506e-04
3.84300e+03 1.47006e-04
3.84400e+03 1.47509e-04
3.84500e+03 1.48008e-04
3.84600e+03 1.48509e-04
3.84700e+03 1.49011e-04
3.84800e+03 1.49514e-04
3.84900e+03 1.50019e-04
3.85000e+03 1.50521e-04
3.85100e+03 1.51054e-04
3.85200e+03 1.51589e-04
3.85300e+03 1.52124e-04
3.85400e+03 1.52662e-04
3.85500e+03 1.53197e-04
3.85600e+03 1.53733e-04
3.85700e+03 1.54271e-04
3.85800e+03 1.54810e-04
3.85900e+03 1.55351e-04
3.86000e+03 1.55889e-04
3.86100e+03 1.56406e-04
3.86200e+03 1.56923e-04
3.86300e+03 1.57442e-04
3.86400e+03 1.57962e-04
3.86500e+03 1.58480e-04
3.86600e+03 1.58999e-04
3.86700e+03 1.59520e-04
3.86800e+03 1.60041e-04
3.86900e+03 1.60564e-04
3.87000e+03 1.61085e-04
3.87100e+03 1.61635e-04
3.87200e+03 1.62186e-04
3.87300e+03 1.62739e-04
3.87400e+03 1.63292e-04
3.87500e+03 1.63845e-04
3.87600e+03 1.64398e-04
3.87700e+03 1.64953e-04
3.87800e+03 1.65509e-04
3.87900e+03 1.66067e-04
3.88000e+03 1.66623e-04
3.88100e+03 1.67196e-04
3.88200e+03 1.67771e-04
3.88300e+03 1.68347e-04
3.88400e+03 1.68924e-04
3.88500e+03 1.69500e-04
3.88600e+03 1.70077e-04
3.88700e+03 1.70656e-04
3.88800e+03 1.71236e-04
3.88900e+03 1.71818e-04
3.89000e+03 1.72399e-04
3.89100e+03 1.72959e-04
3.89200e+03 1.73520e-04
3.89300e+03 1.74084e-04
3.89400e+03 1.74648e-04
3.89500e+03 1.75211e-04
3.89600e+03 1.75776e-04
3.89700e+03 1.76342e-04
3.89800e+03 1.76909e-04
3.89900e+03 1.77478e-04
3.90000e+03 1.78045e-04
3.90100e+03 1.78646e-04
3.90200e+03 1.79248e-04
3.90300e+03 1.79852e-04
3.90400e+03 1.80457e-04
3.90500e+03 1.81062e-04
3.90600e+03 1.81668e-04
3.90700e+03 1.82276e-04
3.90800e+03 1.82885e-04
3.90900e+03 1.83496e-04
3.91000e+03 1.84106e-04
3.91100e+03 1.84689e-04
3.91200e+03 1.85274e-04
3.91300e+03 1.85860e-04
3.91400e+03 1.86447e-04
3.91500e+03 1.87034e-04
3.91600e+03 1.87623e-04
3.91700e+03 1.88213e-04
3.91800e+03 1.88805e-04
3.91900e+03 1.89398e-04
3.92000e+03 1.89991e-04
3.92100e+03 1.90602e-04
3.92200e+03 1.91214e-04
3.92300e+03 1.91828e-04
3.92400e+03 1.92444e-04
3.92500e+03 1.93060e-04
3.92600e+03 1.93678e-04
3.92700e+03 1.94297e-04
3.92800e+03 1.94918e-04
3.92900e+03 1.95540e-04
3.93000e+03 1.96164e-04
3.93100e+03 1.96748e-04
3.93200e+03 1.97333e-04
3.93300e+03 1.97920e-04
3.93400e+03 1.98507e-04
3.93500e+03 1.99097e-04
3.93600e+03 1.99688e-04
3.93700e+03 2.00280e-04
3.93800e+03 2.00874e-04
3.93900e+03 2.01468e-04
3.94000e+03 2.02065e-04
3.94100e+03 2.02699e-04
3.94200e+03 2.03336e-04
3.94300e+03 2.03972e-04
3.94400e+03 2.04611e-04
3.94500e+03 2.05253e-04
3.94600e+03 2.05896e-04
3.94700e+03 2.06541e-04
3.94800e+03 2.07187e-04
3.94900e+03 2.07835e-04
3.95000e+03 2.08486e-04
3.95100e+03 2.09105e-04
3.95200e+03 2.09725e-04
3.95300e+03 2.10346e-04
3.95400e+03 2.10968e-04
3.95500e+03 2.11595e-04
3.95600e+03 2.12223e-04
3.95700e+03 2.12853e-04
3.95800e+03 2.13484e-04
3.95900e+03 2.14116e-04
3.96000e+03 2.14754e-04
3.96100e+03 2.15406e-04
3.96200e+03 2.16061e-04
3.96300e+03 2.16717e-04
3.96400e+03 2.17374e-04
3.96500e+03 2.18038e-04
3.96600e+03 2.18703e-04
3.96700e+03 2.19369e-04
3.96800e+03 2.20037e-04
3.96900e+03 2.20707e-04
3.97000e+03 2.21383e-04
3.97100e+03 2.22028e-04
3.97200e+03 2.22675e-04
3.97300e+03 2.23323e-04
3.97400e+03 2.23973e-04
3.97500e+03 2.24630e-04
3.97600e+03 2.25288e-04
3.97700e+03 2.25948e-04
3.97800e+03 2.26610e-04
3.97900e+03 2.27273e-04
3.98000e+03 2.27944e-04
3.98100e+03 2.28656e-04
3.98200e+03 2.29370e-04
3.98300e+03 2.30085e-04
3.98400e+03 2.30802e-04
3.98500e+03 2.31528e-04
3.98600e+03 2.32257e-04
3.98700e+03 2.32987e-04
3.98800e+03 2.33719e-04
3.98900e+03 2.34452e-04
3.99000e+03 2.35197e-04
3.99100e+03 2.35895e-04
3.99200e+03 2.36593e-04
3.99300e+03 2.37293e-04
3.99400e+03 2.37994e-04
3.99500e+03 2.38708e-04
3.99600e+03 2.39424e-04
3.99700e+03 2.40141e-04
3.99800e+03 2.40861e-04
3.99900e+03 2.41581e-04
4.00000e+03 2.42315e-04
4.00100e+03 2.42879e-04
4.00200e+03 2.43443e-04
4.00300e+03 2.44009e-04
4.00400e+03 2.44576e-04
4.00500e+03 2.45157e-04
4.00600e+03 2.45739e-04
4.00700e+03 2.46322e-04
4.00800e+03 2.46906e-04
4.00900e+03 2.47491e-04
4.01000e+03 2.48093e-04
4.01100e+03 2.48676e-04
4.01200e+03 2.49261e-04
4.01300e+03 2.49846e-04
4.01400e+03 2.50432e-04
4.01500e+03 2.51037e-04
4.01600e+03 2.51643e-04
4.01700e+03 2.52249e-04
4.01800e+03 2.52856e-04
4.01900e+03 2.53465e-04
4.02000e+03 2.54094e-04
4.02100e+03 2.54759e-04
4.02200e+03 2.55425e-04
4.02300e+03 2.56091e-04
4.02400e+03 2.56759e-04
4.02500e+03 2.57451e-04
4.02600e+03 2.58143e-04
4.02700e+03 2.58837e-04
4.02800e+03 2.59531e-04
4.02900e+03 2.60227e-04
4.03000e+03 2.60949e-04
4.03100e+03 2.61636e-04
4.03200e+03 2.62324e-04
4.03300e+03 2.63013e-04
4.03400e+03 2.63702e-04
4.03500e+03 2.64421e-04
4.03600e+03 2.65142e-04
4.03700e+03 2.65862e-04
4.03800e+03 2.66584e-04
4.03900e+03 2.67308e-04
4.04000e+03 2.68063e-04
4.04100e+03 2.68789e-04
4.04200e+03 2.69517e-04
4.04300e+03 2.70244e-04
4.04400e+03 2.70973e-04
4.04500e+03 2.71739e-04
4.04600e+03 2.72504e-04
4.04700e+03 2.73271e-04
4.04800e+03 2.74039e-04
4.04900e+03 2.74808e-04
4.05000e+03 2.75616e-04
4.05100e+03 2.76400e-04
4.05200e+03 2.77185e-04
4.05300e+03 2.77971e-04
4.05400e+03 2.78757e-04
4.05500e+03 2.79587e-04
4.05600e+03 2.80419e-04
4.05700e+03 2.81251e-04
4.05800e+03 2.82085e-04
4.05900e+03 2.82920e-04
4.06000e+03 2.83802e-04
4.06100e+03 2.84719e-04
4.06200e+03 2.85635e-04
4.06300e+03 2.86554e-04
4.06400e+03 2.87473e-04
4.06500e+03 2.88448e-04
4.06600e+03 2.89423e-04
4.06700e+03 2.90399e-04
4.06800e+03 2.91377e-04
4.06900e+03 2.92357e-04
4.07000e+03 2.93396e-04
4.07100e+03 2.94456e-04
4.07200e+03 2.95517e-04
4.07300e+03 2.96579e-04
4.07400e+03 2.97643e-04
4.07500e+03 2.98774e-04
4.07600e+03 2.99908e-04
4.07700e+03 3.01042e-04
4.07800e+03 3.02179e-04
4.07900e+03 3.03316e-04
4.08000e+03 3.04529e-04
4.08100e+03 3.05701e-04
4.08200e+03 3.06873e-04
4.08300e+03 3.08048e-04
4.08400e+03 3.09223e-04
4.08500e+03 3.10482e-04
4.08600e+03 3.11742e-04
4.08700e+03 3.13004e-04
4.08800e+03 3.14268e-04
4.08900e+03 3.15533e-04
4.09000e+03 3.16890e-04
4.09100e+03 3.18252e-04
4.09200e+03 3.19616e-04
4.09300e+03 3.20982e-04
4.09400e+03 3.22351e-04
4.09500e+03 3.23821e-04
4.09600e+03 3.25292e-04
4.09700e+03 3.26767e-04
4.09800e+03 3.28243e-04
4.09900e+03 3.29720e-04
4.10000e+03 3.31312e-04
4.10100e+03 3.32854e-04
4.10200e+03 3.34399e-04
4.10300e+03 3.35944e-04
4.10400e+03 3.37492e-04
4.10500e+03 3.39166e-04
4.10600e+03 3.40841e-04
4.10700e+03 3.42518e-04
4.10800e+03 3.44198e-04
4.10900e+03 3.45880e-04
4.11000e+03 3.47702e-04
4.11100e+03 3.49567e-04
4.11200e+03 3.51435e-04
4.11300e+03 3.53306e-04
4.11400e+03 3.55179e-04
4.11500e+03 3.57210e-04
4.11600e+03 3.59243e-04
4.11700e+03 3.61279e-04
4.11800e+03 3.63317e-04
4.11900e+03 3.65359e-04
4.12000e+03 3.67576e-04
4.12100e+03 3.69724e-04
4.12200e+03 3.71874e-04
4.12300e+03 3.74027e-04
4.12400e+03 3.76182e-04
4.12500e+03 3.78531e-04
4.12600e+03 3.80883e-04
4.12700e+03 3.83238e-04
4.12800e+03 3.85595e-04
4.12900e+03 3.87956e-04
4.13000e+03 3.90533e-04
4.13100e+03 3.93125e-04
4.13200e+03 3.95720e-04
4.13300e+03 3.98317e-04
4.13400e+03 4.00918e-04
4.13500e+03 4.03762e-04
4.13600e+03 4.06610e-04
4.13700e+03 4.09461e-04
4.13800e+03 4.12315e-04
4.13900e+03 4.15171e-04
4.14000e+03 4.18303e-04
4.14100e+03 4.21570e-04
4.14200e+03 4.24843e-04
4.14300e+03 4.28120e-04
4.14400e+03 4.31403e-04
4.14500e+03 4.34996e-04
4.14600e+03 4.38594e-04
4.14700e+03 4.42200e-04
4.14800e+03 4.45810e-04
4.14900e+03 4.49426e-04
4.15000e+03 4.53391e-04
4.15100e+03 4.57165e-04
4.15200e+03 4.60941e-04
4.15300e+03 4.64721e-04
4.15400e+03 4.68503e-04
4.15500e+03 4.72675e-04
4.15600e+03 4.76850e-04
4.15700e+03 4.81028e-04
4.15800e+03 4.85211e-04
4.15900e+03 4.89394e-04
4.16000e+03 4.94016e-04
4.16100e+03 4.98683e-04
4.16200e+03 5.03355e-04
4.16300e+03 5.08030e-04
4.16400e+03 5.12710e-04
4.16500e+03 5.17883e-04
4.16600e+03 5.23062e-04
4.16700e+03 5.28246e-04
4.16800e+03 5.33435e-04
4.16900e+03 5.38628e-04
4.17000e+03 5.44379e-04
4.17100e+03 5.50175e-04
4.17200e+03 5.55981e-04
4.17300e+03 5.61792e-04
4.17400e+03 5.67610e-04
4.17500e+03 5.74056e-04
4.17600e+03 5.80510e-04
4.17700e+03 5.86972e-04
4.17800e+03 5.93440e-04
4.17900e+03 5.99917e-04
4.18000e+03 6.07105e-04
4.18100e+03 6.14295e-04
4.18200e+03 6.21494e-04
4.18300e+03 6.28699e-04
4.18400e+03 6.35914e-04
4.18500e+03 6.43935e-04
4.18600e+03 6.51966e-04
4.18700e+03 6.60005e-04
4.18800e+03 6.68053e-04
4.18900e+03 6.76112e-04
4.19000e+03 6.85083e-04
4.19100e+03 6.93870e-04
4.19200e+03 7.02661e-04
4.19300e+03 7.11459e-04
4.19400e+03 7.20261e-04
4.19500e+03 7.30095e-04
4.19600e+03 7.39939e-04
4.19700e+03 7.49785e-04
4.19800e+03 7.59639e-04
4.19900e+03 7.69499e-04
4.20000e+03 7.80534e-04
4.20100e+03 7.91616e-04
4.20200e+03 8.02706e-04
4.20300e+03 8.13806e-04
4.20400e+03 8.24911e-04
4.20500e+03 8.37357e-04
4.20600e+03 8.49811e-04
4.20700e+03 8.62275e-04
4.20800e+03 8.74747e-04
4.20900e+03 8.87227e-04
4.21000e+03 9.01237e-04
4.21100e+03 9.15238e-04
4.21200e+03 9.29249e-04
4.21300e+03 9.43270e-04
4.21400e+03 9.57302e-04
4.21500e+03 9.73078e-04
4.21600e+03 9.88861e-04
4.21700e+03 1.00466e-03
4.21800e+03 1.02046e-03
4.21900e+03 1.03628e-03
4.22000e+03 1.05410e-03
4.22100e+03 1.07188e-03
4.22200e+03 1.08966e-03
4.22300e+03 1.10747e-03
4.22400e+03 1.12528e-03
4.22500e+03 1.14538e-03
4.22600e+03 1.16548e-03
4.22700e+03 1.18560e-03
4.22800e+03 1.20573e-03
4.22900e+03 1.22588e-03
4.23000e+03 1.24864e-03
4.23100e+03 1.27130e-03
4.23200e+03 1.29397e-03
4.23300e+03 1.31665e-03
4.23400e+03 1.33933e-03
4.23500e+03 1.36503e-03
4.23600e+03 1.39073e-03
4.23700e+03 1.41645e-03
4.23800e+03 1.44218e-03
4.23900e+03 1.46791e-03
4.24000e+03 1.49712e-03
4.24100e+03 1.52627e-03
4.24200e+03 1.55542e-03
4.24300e+03 1.58459e-03
4.24400e+03 1.61377e-03
4.24500e+03 1.64693e-03
4.24600e+03 1.68012e-03
4.24700e+03 1.71330e-03
4.24800e+03 1.74650e-03
4.24900e+03 1.77971e-03
4.25000e+03 1.81754e-03
4.25100e+03 1.85549e-03
4.25200e+03 1.89345e-03
4.25300e+03 1.93143e-03
4.25400e+03 1.96943e-03
4.25500e+03 2.01277e-03
4.25600e+03 2.05613e-03
4.25700e+03 2.09951e-03
4.25800e+03 2.14292e-03
4.25900e+03 2.18633e-03
4.26000e+03 2.23595e-03
4.26100e+03 2.28573e-03
4.26200e+03 2.33554e-03
4.26300e+03 2.38538e-03
4.26400e+03 2.43523e-03
4.26500e+03 2.49232e-03
4.26600e+03 2.54942e-03
4.26700e+03 2.60657e-03
4.26800e+03 2.66374e-03
4.26900e+03 2.72094e-03
4.27000e+03 2.78656e-03
4.27100e+03 2.85196e-03
4.27200e+03 2.91739e-03
4.27300e+03 2.98284e-03
4.27400e+03 3.04831e-03
4.27500e+03 3.12358e-03
4.27600e+03 3.19888e-03
4.27700e+03 3.27421e-03
4.27800e+03 3.34956e-03
4.27900e+03 3.42495e-03
4.28000e+03 3.51178e-03
4.28100e+03 3.59831e-03
4.28200e+03 3.68487e-03
4.28300e+03 3.77144e-03
4.28400e+03 3.85802e-03
4.28500e+03 3.95799e-03
4.28600e+03 4.05799e-03
4.28700e+03 4.15800e-03
4.28800e+03 4.25802e-03
4.28900e+03 4.35807e-03
4.29000e+03 4.47381e-03
4.29100e+03 4.59001e-03
4.29200e+03 4.70625e-03
4.29300e+03 4.82252e-03
4.29400e+03 4.93885e-03
4.29500e+03 5.07364e-03
4.29600e+03 5.20849e-03
4.29700e+03 5.34337e-03
4.29800e+03 5.47832e-03
4.29900e+03 5.61332e-03
4.30000e+03 5.77004e-03
4.30100e+03 5.92632e-03
4.30200e+03 6.08263e-03
4.30300e+03 6.23897e-03
4.30400e+03 6.39535e-03
4.30500e+03 6.57731e-03
4.30600e+03 6.75931e-03
4.30700e+03 6.94135e-03
4.30800e+03 7.12343e-03
4.30900e+03 7.30554e-03
4.31000e+03 7.51786e-03
4.31100e+03 7.73143e-03
4.31200e+03 7.94513e-03
4.31300e+03 8.15895e-03
4.31400e+03 8.37288e-03
4.31500e+03 8.62259e-03
4.31600e+03 8.87243e-03
4.31700e+03 9.12239e-03
4.31800e+03 9.37249e-03
4.31900e+03 9.62273e-03
4.32000e+03 9.91529e-03
4.32100e+03 1.02063e-02
4.32200e+03 1.04974e-02
4.32300e+03 1.07886e-02
4.32400e+03 1.10799e-02
4.32500e+03 1.14211e-02
4.32600e+03 1.17624e-02
4.32700e+03 1.21038e-02
4.32800e+03 1.24452e-02
4.32900e+03 1.27867e-02
4.33000e+03 1.31874e-02
4.33100e+03 1.35873e-02
4.33200e+03 1.39873e-02
4.33300e+03 1.43873e-02
4.33400e+03 1.47873e-02
4.33500e+03 1.52573e-02
4.33600e+03 1.57274e-02
4.33700e+03 1.61974e-02
4.33800e+03 1.66675e-02
4.33900e+03 1.71376e-02
4.34000e+03 1.76904e-02
4.34100e+03 1.82455e-02
4.34200e+03 1.88008e-02
4.34300e+03 1.93562e-02
4.34400e+03 1.99118e-02
4.34500e+03 2.05651e-02
4.34600e+03 2.12187e-02
4.34700e+03 2.18724e-02
4.34800e+03 2.25263e-02
4.34900e+03 2.31805e-02
4.35000e+03 2.39496e-02
4.35100e+03 2.47155e-02
4.35200e+03 2.54814e-02
4.35300e+03 2.62475e-02
4.35400e+03 2.70136e-02
4.35500e+03 2.79140e-02
4.35600e+03 2.88144e-02
4.35700e+03 2.97149e-02
4.35800e+03 3.06155e-02
4.35900e+03 3.15161e-02
4.36000e+03 3.25729e-02
4.36100e+03 3.36323e-02
4.36200e+03 3.46916e-02
4.36300e+03 3.57513e-02
4.36400e+03 3.68111e-02
4.36500e+03 3.80517e-02
4.36600e+03 3.92923e-02
4.36700e+03 4.05333e-02
4.36800e+03 4.17745e-02
4.36900e+03 4.30159e-02
4.37000e+03 4.44636e-02
4.37100e+03 4.59125e-02
4.37200e+03 4.73616e-02
4.37300e+03 4.88111e-02
4.37400e+03 5.02610e-02
4.37500e+03 5.19432e-02
4.37600e+03 5.36260e-02
4.37700e+03 5.53089e-02
4.37800e+03 5.69924e-02
4.37900e+03 5.86763e-02
4.38000e+03 6.06171e-02
4.38100e+03 6.25513e-02
4.38200e+03 6.44855e-02
4.38300e+03 6.64198e-02
4.38400e+03 6.83541e-02
4.38500e+03 7.05652e-02
4.38600e+03 7.27765e-02
4.38700e+03 7.49877e-02
4.38800e+03 7.71989e-02
4.38900e+03 7.94102e-02
4.39000e+03 8.19111e-02
4.39100e+03 8.44095e-02
4.39200e+03 8.69077e-02
4.39300e+03 8.94057e-02
4.39400e+03 9.19035e-02
4.39500e+03 9.46924e-02
4.39600e+03 9.74810e-02
4.39700e+03 1.00270e-01
4.39800e+03 1.03058e-01
4.39900e+03 1.05846e-01
4.40000e+03 1.08910e-01
4.40100e+03 1.11988e-01
4.40200e+03 1.15065e-01
4.40300e+03 1.18144e-01
4.40400e+03 1.21223e-01
4.40500e+03 1.24545e-01
4.40600e+03 1.27868e-01
4.40700e+03 1.31191e-01
4.40800e+03 1.34516e-01
4.40900e+03 1.37840e-01
4.41000e+03 1.41354e-01
4.41100e+03 1.44865e-01
4.41200e+03 1.48376e-01
4.41300e+03 1.51888e-01
4.41400e+03 1.55401e-01
4.41500e+03 1.59026e-01
4.41600e+03 1.62652e-01
4.41700e+03 1.66279e-01
4.41800e+03 1.69906e-01
4.41900e+03 1.73534e-01
4.42000e+03 1.77185e-01
4.42100e+03 1.80797e-01
4.42200e+03 1.84407e-01
4.42300e+03 1.88016e-01
4.42400e+03 1.91624e-01
4.42500e+03 1.95155e-01
4.42600e+03 1.98684e-01
4.42700e+03 2.02213e-01
4.42800e+03 2.05741e-01
4.42900e+03 2.09267e-01
4.43000e+03 2.12620e-01
4.43100e+03 2.16004e-01
4.43200e+03 2.19389e-01
4.43300e+03 2.22773e-01
4.43400e+03 2.26157e-01
4.43500e+03 2.29286e-01
4.43600e+03 2.32414e-01
4.43700e+03 2.35543e-01
4.43800e+03 2.38672e-01
4.43900e+03 2.41801e-01
4.44000e+03 2.44611e-01
4.44100e+03 2.47444e-01
4.44200e+03 2.50278e-01
4.44300e+03 2.53111e-01
4.44400e+03 2.55944e-01
4.44500e+03 2.58423e-01
4.44600e+03 2.60903e-01
4.44700e+03 2.63382e-01
4.44800e+03 2.65862e-01
4.44900e+03 2.68342e-01
4.45000e+03 2.70457e-01
4.45100e+03 2.72531e-01
4.45200e+03 2.74605e-01
4.45300e+03 2.76679e-01
4.45400e+03 2.78752e-01
4.45500e+03 2.80469e-01
4.45600e+03 2.82185e-01
4.45700e+03 2.83901e-01
4.45800e+03 2.85616e-01
4.45900e+03 2.87331e-01
4.46000e+03 2.88716e-01
4.46100e+03 2.90141e-01
4.46200e+03 2.91564e-01
4.46300e+03 2.92988e-01
4.46400e+03 2.94412e-01
4.46500e+03 2.95544e-01
4.46600e+03 2.96676e-01
4.46700e+03 2.97808e-01
4.46800e+03 2.98940e-01
4.46900e+03 3.00072e-01
4.47000e+03 3.00954e-01
4.47100e+03 3.01805e-01
4.47200e+03 3.02655e-01
4.47300e+03 3.03505e-01
4.47400e+03 3.04355e-01
4.47500e+03 3.04997e-01
4.47600e+03 3.05640e-01
4.47700e+03 3.06282e-01
4.47800e+03 3.06924e-01
4.47900e+03 3.07565e-01
4.48000e+03 3.08040e-01
4.48100e+03 3.08495e-01
4.48200e+03 3.08950e-01
4.48300e+03 3.09405e-01
4.48400e+03 3.09859e-01
4.48500e+03 3.10181e-01
4.48600e+03 3.10504e-01
4.48700e+03 3.10826e-01
4.48800e+03 3.11149e-01
4.48900e+03 3.11470e-01
4.49000e+03 3.11691e-01
4.49100e+03 3.11939e-01
4.49200e+03 3.12188e-01
4.49300e+03 3.12436e-01
4.49400e+03 3.12685e-01
4.49500e+03 3.12856e-01
4.49600e+03 3.13029e-01
4.49700e+03 3.13200e-01
4.49800e+03 3.13372e-01
4.49900e+03 3.13544e-01
4.50000e+03 3.13659e-01
4.50100e+03 3.13749e-01
4.50200e+03 3.13838e-01
4.50300e+03 3.13927e-01
4.50400e+03 3.14015e-01
4.50500e+03 3.14064e-01
4.50600e+03 3.14111e-01
4.50700e+03 3.14160e-01
4.50800e+03 3.14208e-01
4.50900e+03 3.14256e-01
4.51000e+03 3.14275e-01
4.51100e+03 3.14304e-01
4.51200e+03 3.14333e-01
4.51300e+03 3.14362e-01
4.51400e+03 3.14391e-01
4.51500e+03 3.14401e-01
4.51600e+03 3.14410e-01
4.51700e+03 3.14420e-01
4.51800e+03 3.14428e-01
4.51900e+03 3.14437e-01
4.52000e+03 3.14434e-01
4.52100e+03 3.14461e-01
4.52200e+03 3.14489e-01
4.52300e+03 3.14517e-01
4.52400e+03 3.14544e-01
4.52500e+03 3.14564e-01
4.52600e+03 3.14583e-01
4.52700e+03 3.14602e-01
4.52800e+03 3.14621e-01
4.52900e+03 3.14640e-01
4.53000e+03 3.14654e-01
4.53100e+03 3.14630e-01
4.53200e+03 3.14605e-01
4.53300e+03 3.14580e-01
4.53400e+03 3.14555e-01
4.53500e+03 3.14527e-01
4.53600e+03 3.14499e-01
4.53700e+03 3.14470e-01
4.53800e+03 3.14442e-01
4.53900e+03 3.14414e-01
4.54000e+03 3.14384e-01
4.54100e+03 3.14369e-01
4.54200e+03 3.14355e-01
4.54300e+03 3.14342e-01
4.54400e+03 3.14327e-01
4.54500e+03 3.14312e-01
4.54600e+03 3.14296e-01
4.54700e+03 3.14282e-01
4.54800e+03 3.14266e-01
4.54900e+03 3.14251e-01
4.55000e+03 3.14235e-01
4.55100e+03 3.14183e-01
4.55200e+03 3.14130e-01
4.55300e+03 3.14078e-01
4.55400e+03 3.14025e-01
4.55500e+03 3.13972e-01
4.55600e+03 3.13919e-01
4.55700e+03 3.13867e-01
4.55800e+03 3.13814e-01
4.55900e+03 3.13760e-01
4.56000e+03 3.13707e-01
4.56100e+03 3.13707e-01
4.56200e+03 3.13706e-01
4.56300e+03 3.13705e-01
4.56400e+03 3.13705e-01
4.56500e+03 3.13703e-01
4.56600e+03 3.13702e-01
4.56700e+03 3.13702e-01
4.56800e+03 3.13700e-01
4.56900e+03 3.13699e-01
4.57000e+03 3.13698e-01
4.57100e+03 3.13663e-01
4.57200e+03 3.13628e-01
4.57300e+03 3.13592e-01
4.57400e+03 3.13558e-01
4.57500e+03 3.13522e-01
4.57600e+03 3.13487e-01
4.57700e+03 3.13452e-01
4.57800e+03 3.13416e-01
4.57900e+03 3.13381e-01
4.58000e+03 3.13345e-01
4.58100e+03 3.13305e-01
4.58200e+03 3.13263e-01
4.58300e+03 3.13223e-01
4.58400e+03 3.13182e-01
4.58500e+03 3.13141e-01
4.58600e+03 3.13100e-01
4.58700e+03 3.13059e-01
4.58800e+03 3.13017e-01
4.58900e+03 3.12977e-01
4.59000e+03 3.12935e-01
4.59100e+03 3.12934e-01
4.59200e+03 3.12933e-01
4.59300e+03 3.12932e-01
4.59400e+03 3.12930e-01
4.59500e+03 3.12930e-01
4.59600e+03 3.12929e-01
4.59700e+03 3.12927e-01
4.59800e+03 3.12926e-01
4.59900e+03 3.12924e-01
4.60000e+03 3.12923e-01
4.60100e+03 3.12902e-01
4.60200e+03 3.12881e-01
4.60300e+03 3.12860e-01
4.60400e+03 3.12838e-01
4.60500e+03 3.12817e-01
4.60600e+03 3.12795e-01
4.60700e+03 3.12773e-01
4.60800e+03 3.12751e-01
4.60900e+03 3.12729e-01
4.61000e+03 3.12708e-01
4.61100e+03 3.12666e-01
4.61200e+03 3.12623e-01
4.61300e+03 3.12580e-01
4.61400e+03 3.12538e-01
4.61500e+03 3.12496e-01
4.61600e+03 3.12453e-01
4.61700e+03 3.12410e-01
4.61800e+03 3.12368e-01
4.61900e+03 3.12325e-01
4.62000e+03 3.12282e-01
4.62100e+03 3.12283e-01
4.62200e+03 3.12284e-01
4.62300e+03 3.12286e-01
4.62400e+03 3.12287e-01
4.62500e+03 3.12288e-01
4.62600e+03 3.12289e-01
4.62700e+03 3.12289e-01
4.62800e+03 3.12290e-01
4.62900e+03 3.12292e-01
4.63000e+03 3.12292e-01
4.63100e+03 3.12257e-01
4.63200e+03 3.12222e-01
4.63300e+03 3.12185e-01
4.63400e+03 3.12151e-01
4.63500e+03 3.12115e-01
4.63600e+03 3.12078e-01
4.63700e+03 3.12041e-01
4.63800e+03 3.12005e-01
4.63900e+03 3.11968e-01
4.64000e+03 3.11931e-01
4.64100e+03 3.11907e-01
4.64200e+03 3.11883e-01
4.64300e+03 3.11860e-01
4.64400e+03 3.11836e-01
4.64500e+03 3.11810e-01
4.64600e+03 3.11784e-01
4.64700e+03 3.11757e-01
4.64800e+03 3.11731e-01
4.64900e+03 3.11705e-01
4.65000e+03 3.11674e-01
4.65100e+03 3.11648e-01
4.65200e+03 3.11623e-01
4.65300e+03 3.11598e-01
4.65400e+03 3.11572e-01
4.65500e+03 3.11540e-01
4.65600e+03 3.11507e-01
4.65700e+03 3.11474e-01
4.65800e+03 3.11442e-01
4.65900e+03 3.11410e-01
4.66000e+03 3.11366e-01
4.66100e+03 3.11331e-01
4.66200e+03 3.11295e-01
4.66300e+03 3.11260e-01
4.66400e+03 3.11225e-01
4.66500e+03 3.11173e-01
4.66600e+03 3.11122e-01
4.66700e+03 3.11069e-01
4.66800e+03 3.11017e-01
4.66900e+03 3.10965e-01
4.67000e+03 3.10889e-01
4.67100e+03 3.10804e-01
4.67200e+03 3.10718e-01
4.67300e+03 3.10632e-01
4.67400e+03 3.10546e-01
4.67500e+03 3.10425e-01
4.67600e+03 3.10305e-01
4.67700e+03 3.10184e-01
4.67800e+03 3.10064e-01
4.67900e+03 3.09943e-01
4.68000e+03 3.09774e-01
4.68100e+03 3.09608e-01
4.68200e+03 3.09444e-01
4.68300e+03 3.09279e-01
4.68400e+03 3.09113e-01
4.68500e+03 3.08881e-01
4.68600e+03 3.08649e-01
4.68700e+03 3.08417e-01
4.68800e+03 3.08185e-01
4.68900e+03 3.07953e-01
4.69000e+03 3.07631e-01
4.69100e+03 3.07311e-01
4.69200e+03 3.06991e-01
4.69300e+03 3.06671e-01
4.69400e+03 3.06351e-01
4.69500e+03 3.05914e-01
4.69600e+03 3.05477e-01
4.69700e+03 3.05040e-01
4.69800e+03 3.04602e-01
4.69900e+03 3.04165e-01
4.70000e+03 3.03577e-01
4.70100e+03 3.03005e-01
4.70200e+03 3.02432e-01
4.70300e+03 3.01859e-01
4.70400e+03 3.01287e-01
4.70500e+03 3.00526e-01
4.70600e+03 2.99765e-01
4.70700e+03 2.99003e-01
4.70800e+03 2.98242e-01
4.70900e+03 2.97480e-01
4.71000e+03 2.96489e-01
4.71100e+03 2.95453e-01
4.71200e+03 2.94418e-01
4.71300e+03 2.93383e-01
4.71400e+03 2.92348e-01
4.71500e+03 2.91041e-01
4.71600e+03 2.89735e-01
4.71700e+03 2.88429e-01
4.71800e+03 2.87122e-01
4.71900e+03 2.85817e-01
4.72000e+03 2.84201e-01
4.72100e+03 2.82623e-01
4.72200e+03 2.81046e-01
4.72300e+03 2.79468e-01
4.72400e+03 2.77891e-01
4.72500e+03 2.75971e-01
4.72600e+03 2.74051e-01
4.72700e+03 2.72131e-01
4.72800e+03 2.70211e-01
4.72900e+03 2.68292e-01
4.73000e+03 2.66012e-01
4.73100e+03 2.63725e-01
4.73200e+03 2.61437e-01
4.73300e+03 2.59151e-01
4.73400e+03 2.56864e-01
4.73500e+03 2.54220e-01
4.73600e+03 2.51577e-01
4.73700e+03 2.48934e-01
4.73800e+03 2.46291e-01
4.73900e+03 2.43648e-01
4.74000e+03 2.40676e-01
4.74100e+03 2.37689e-01
4.74200e+03 2.34701e-01
4.74300e+03 2.31715e-01
4.74400e+03 2.28730e-01
4.74500e+03 2.25466e-01
4.74600e+03 2.22204e-01
4.74700e+03 2.18942e-01
4.74800e+03 2.15681e-01
4.74900e+03 2.12421e-01
4.75000e+03 2.08958e-01
4.75100e+03 2.05527e-01
4.75200e+03 2.02095e-01
4.75300e+03 1.98663e-01
4.75400e+03 1.95231e-01
4.75500e+03 1.91686e-01
4.75600e+03 1.88140e-01
4.75700e+03 1.84594e-01
4.75800e+03 1.81048e-01
4.75900e+03 1.77501e-01
4.76000e+03 1.73938e-01
4.76100e+03 1.70360e-01
4.76200e+03 1.66782e-01
4.76300e+03 1.63204e-01
4.76400e+03 1.59627e-01
4.76500e+03 1.56126e-01
4.76600e+03 1.52627e-01
4.76700e+03 1.49127e-01
4.76800e+03 1.45628e-01
4.76900e+03 1.42129e-01
4.77000e+03 1.38788e-01
4.77100e+03 1.35457e-01
4.77200e+03 1.32127e-01
4.77300e+03 1.28797e-01
4.77400e+03 1.25466e-01
4.77500e+03 1.22354e-01
4.77600e+03 1.19243e-01
4.77700e+03 1.16131e-01
4.77800e+03 1.13019e-01
4.77900e+03 1.09906e-01
4.78000e+03 1.07055e-01
4.78100e+03 1.04194e-01
4.78200e+03 1.01334e-01
4.78300e+03 9.84735e-02
4.78400e+03 9.56137e-02
4.78500e+03 9.30364e-02
4.78600e+03 9.04596e-02
4.78700e+03 8.78829e-02
4.78800e+03 8.53066e-02
4.78900e+03 8.27306e-02
4.79000e+03 8.04415e-02
4.79100e+03 7.81549e-02
4.79200e+03 7.58683e-02
4.79300e+03 7.35819e-02
4.79400e+03 7.12958e-02
4.79500e+03 6.92876e-02
4.79600e+03 6.72796e-02
4.79700e+03 6.52719e-02
4.79800e+03 6.32641e-02
4.79900e+03 6.12566e-02
4.80000e+03 5.95098e-02
4.80100e+03 5.77658e-02
4.80200e+03 5.60216e-02
4.80300e+03 5.42774e-02
4.80400e+03 5.25333e-02
4.80500e+03 5.10268e-02
4.80600e+03 4.95203e-02
4.80700e+03 4.80139e-02
4.80800e+03 4.65074e-02
4.80900e+03 4.50009e-02
4.81000e+03 4.37070e-02
4.81100e+03 4.24135e-02
4.81200e+03 4.11200e-02
4.81300e+03 3.98264e-02
4.81400e+03 3.85327e-02
4.81500e+03 3.74265e-02
4.81600e+03 3.63200e-02
4.81700e+03 3.52136e-02
4.81800e+03 3.41071e-02
4.81900e+03 3.30005e-02
4.82000e+03 3.20569e-02
4.82100e+03 3.11142e-02
4.82200e+03 3.01714e-02
4.82300e+03 2.92284e-02
4.82400e+03 2.82854e-02
4.82500e+03 2.74828e-02
4.82600e+03 2.66801e-02
4.82700e+03 2.58775e-02
4.82800e+03 2.50746e-02
4.82900e+03 2.42717e-02
4.83000e+03 2.35891e-02
4.83100e+03 2.29070e-02
4.83200e+03 2.22248e-02
4.83300e+03 2.15425e-02
4.83400e+03 2.08600e-02
4.83500e+03 2.02801e-02
4.83600e+03 1.97001e-02
4.83700e+03 1.91199e-02
4.83800e+03 1.85397e-02
4.83900e+03 1.79594e-02
4.84000e+03 1.74662e-02
4.84100e+03 1.69708e-02
4.84200e+03 1.64754e-02
4.84300e+03 1.59801e-02
4.84400e+03 1.54848e-02
4.84500e+03 1.50633e-02
4.84600e+03 1.46419e-02
4.84700e+03 1.42206e-02
4.84800e+03 1.37993e-02
4.84900e+03 1.33780e-02
4.85000e+03 1.30192e-02
4.85100e+03 1.26603e-02
4.85200e+03 1.23014e-02
4.85300e+03 1.19426e-02
4.85400e+03 1.15838e-02
4.85500e+03 1.12777e-02
4.85600e+03 1.09718e-02
4.85700e+03 1.06659e-02
4.85800e+03 1.03600e-02
4.85900e+03 1.00541e-02
4.86000e+03 9.79286e-03
4.86100e+03 9.53336e-03
4.86200e+03 9.27381e-03
4.86300e+03 9.01419e-03
4.86400e+03 8.75450e-03
4.86500e+03 8.53249e-03
4.86600e+03 8.31041e-03
4.86700e+03 8.08830e-03
4.86800e+03 7.86612e-03
4.86900e+03 7.64389e-03
4.87000e+03 7.45357e-03
4.87100e+03 7.26210e-03
4.87200e+03 7.07063e-03
4.87300e+03 6.87920e-03
4.87400e+03 6.68776e-03
4.87500e+03 6.52342e-03
4.87600e+03 6.35909e-03
4.87700e+03 6.19476e-03
4.87800e+03 6.03043e-03
4.87900e+03 5.86613e-03
4.88000e+03 5.72481e-03
4.88100e+03 5.58372e-03
4.88200e+03 5.44261e-03
4.88300e+03 5.30152e-03
4.88400e+03 5.16042e-03
4.88500e+03 5.03882e-03
4.88600e+03 4.91724e-03
4.88700e+03 4.79566e-03
4.88800e+03 4.67406e-03
4.88900e+03 4.55246e-03
4.89000e+03 4.44749e-03
4.89100e+03 4.34296e-03
4.89200e+03 4.23841e-03
4.89300e+03 4.13384e-03
4.89400e+03 4.02924e-03
4.89500e+03 3.93879e-03
4.89600e+03 3.84833e-03
4.89700e+03 3.75783e-03
4.89800e+03 3.66733e-03
4.89900e+03 3.57680e-03
4.90000e+03 3.49837e-03
4.90100e+03 3.41951e-03
4.90200e+03 3.34064e-03
4.90300e+03 3.26178e-03
4.90400e+03 3.18292e-03
4.90500e+03 3.11443e-03
4.90600e+03 3.04594e-03
4.90700e+03 2.97744e-03
4.90800e+03 2.90895e-03
4.90900e+03 2.84046e-03
4.91000e+03 2.78086e-03
4.91100e+03 2.72151e-03
4.91200e+03 2.66215e-03
4.91300e+03 2.60278e-03
4.91400e+03 2.54340e-03
4.91500e+03 2.49164e-03
4.91600e+03 2.43987e-03
4.91700e+03 2.38811e-03
4.91800e+03 2.33633e-03
4.91900e+03 2.28454e-03
4.92000e+03 2.23932e-03
4.92100e+03 2.19396e-03
4.92200e+03 2.14860e-03
4.92300e+03 2.10323e-03
4.92400e+03 2.05786e-03
4.92500e+03 2.01817e-03
4.92600e+03 1.97847e-03
4.92700e+03 1.93877e-03
4.92800e+03 1.89906e-03
4.92900e+03 1.85937e-03
4.93000e+03 1.82456e-03
4.93100e+03 1.78989e-03
4.93200e+03 1.75521e-03
4.93300e+03 1.72053e-03
4.93400e+03 1.68584e-03
4.93500e+03 1.65539e-03
4.93600e+03 1.62492e-03
4.93700e+03 1.59446e-03
4.93800e+03 1.56399e-03
4.93900e+03 1.53351e-03
4.94000e+03 1.50670e-03
4.94100e+03 1.47996e-03
4.94200e+03 1.45322e-03
4.94300e+03 1.42646e-03
4.94400e+03 1.39969e-03
4.94500e+03 1.37612e-03
4.94600e+03 1.35255e-03
4.94700e+03 1.32896e-03
4.94800e+03 1.30537e-03
4.94900e+03 1.28177e-03
4.95000e+03 1.26095e-03
4.95100e+03 1.23988e-03
4.95200e+03 1.21881e-03
4.95300e+03 1.19774e-03
4.95400e+03 1.17668e-03
4.95500e+03 1.15805e-03
4.95600e+03 1.13942e-03
4.95700e+03 1.12079e-03
4.95800e+03 1.10216e-03
4.95900e+03 1.08354e-03
4.96000e+03 1.06703e-03
4.96100e+03 1.05073e-03
4.96200e+03 1.03441e-03
4.96300e+03 1.01810e-03
4.96400e+03 1.00178e-03
4.96500e+03 9.87312e-04
4.96600e+03 9.72842e-04
4.96700e+03 9.58367e-04
4.96800e+03 9.43888e-04
4.96900e+03 9.29406e-04
4.97000e+03 9.16548e-04
4.97100e+03 9.03664e-04
4.97200e+03 8.90775e-04
4.97300e+03 8.77885e-04
4.97400e+03 8.64992e-04
4.97500e+03 8.53525e-04
4.97600e+03 8.42056e-04
4.97700e+03 8.30587e-04
4.97800e+03 8.19113e-04
4.97900e+03 8.07635e-04
4.98000e+03 7.97415e-04
4.98100e+03 7.87140e-04
4.98200e+03 7.76864e-04
4.98300e+03 7.66587e-04
4.98400e+03 7.56309e-04
4.98500e+03 7.47137e-04
4.98600e+03 7.37966e-04
4.98700e+03 7.28793e-04
4.98800e+03 7.19620e-04
4.98900e+03 7.10448e-04
4.99000e+03 7.02249e-04
4.99100e+03 6.94130e-04
4.99200e+03 6.86008e-04
4.99300e+03 6.77885e-04
4.99400e+03 6.69759e-04
4.99500e+03 6.62492e-04
4.99600e+03 6.55226e-04
4.99700e+03 6.47956e-04
4.99800e+03 6.40683e-04
4.99900e+03 6.33407e-04
5.00000e+03 6.26895e-04
5.00100e+03 6.20330e-04
5.00200e+03 6.13762e-04
5.00300e+03 6.07194e-04
5.00400e+03 6.00624e-04
5.00500e+03 5.94731e-04
5.00600e+03 5.88837e-04
5.00700e+03 5.82942e-04
5.00800e+03 5.77048e-04
5.00900e+03 5.71151e-04
5.01000e+03 5.65854e-04
5.01100e+03 5.60584e-04
5.01200e+03 5.55312e-04
5.01300e+03 5.50040e-04
5.01400e+03 5.44766e-04
5.01500e+03 5.40026e-04
5.01600e+03 5.35284e-04
5.01700e+03 5.30540e-04
5.01800e+03 5.25795e-04
5.01900e+03 5.21050e-04
5.02000e+03 5.16777e-04
5.02100e+03 5.12489e-04
5.02200e+03 5.08199e-04
5.02300e+03 5.03911e-04
5.02400e+03 4.99620e-04
5.02500e+03 4.95752e-04
5.02600e+03 4.91882e-04
5.02700e+03 4.88012e-04
5.02800e+03 4.84142e-04
5.02900e+03 4.80270e-04
5.03000e+03 4.76776e-04
5.03100e+03 4.73291e-04
5.03200e+03 4.69806e-04
5.03300e+03 4.66322e-04
5.03400e+03 4.62835e-04
5.03500e+03 4.59685e-04
5.03600e+03 4.56533e-04
5.03700e+03 4.53381e-04
5.03800e+03 4.50229e-04
5.03900e+03 4.47075e-04
5.04000e+03 4.44222e-04
5.04100e+03 4.41386e-04
5.04200e+03 4.38547e-04
5.04300e+03 4.35708e-04
5.04400e+03 4.32869e-04
5.04500e+03 4.30298e-04
5.04600e+03 4.27726e-04
5.04700e+03 4.25154e-04
5.04800e+03 4.22580e-04
5.04900e+03 4.20005e-04
5.05000e+03 4.17672e-04
5.05100e+03 4.15320e-04
5.05200e+03 4.12967e-04
5.05300e+03 4.10615e-04
5.05400e+03 4.08261e-04
5.05500e+03 4.06123e-04
5.05600e+03 4.03985e-04
5.05700e+03 4.01847e-04
5.05800e+03 3.99707e-04
5.05900e+03 3.97568e-04
5.06000e+03 3.95623e-04
5.06100e+03 3.93689e-04
5.06200e+03 3.91754e-04
5.06300e+03 3.89819e-04
5.06400e+03 3.87883e-04
5.06500e+03 3.86122e-04
5.06600e+03 3.84359e-04
5.06700e+03 3.82597e-04
5.06800e+03 3.80834e-04
5.06900e+03 3.79070e-04
5.07000e+03 3.77463e-04
5.07100e+03 3.75832e-04
5.07200e+03 3.74200e-04
5.07300e+03 3.72568e-04
5.07400e+03 3.70936e-04
5.07500e+03 3.69445e-04
5.07600e+03 3.67954e-04
5.07700e+03 3.66463e-04
5.07800e+03 3.64972e-04
5.07900e+03 3.63480e-04
5.08000e+03 3.62115e-04
5.08100e+03 3.60756e-04
5.08200e+03 3.59396e-04
5.08300e+03 3.58036e-04
5.08400e+03 3.56676e-04
5.08500e+03 3.55431e-04
5.08600e+03 3.54185e-04
5.08700e+03 3.52938e-04
5.08800e+03 3.51691e-04
5.08900e+03 3.50445e-04
5.09000e+03 3.49302e-04
5.09100e+03 3.48182e-04
5.09200e+03 3.47062e-04
5.09300e+03 3.45941e-04
5.09400e+03 3.44820e-04
5.09500e+03 3.43792e-04
5.09600e+03 3.42764e-04
5.09700e+03 3.41736e-04
5.09800e+03 3.40707e-04
5.09900e+03 3.39678e-04
5.10000e+03 3.38732e-04
5.10100e+03 3.37819e-04
5.10200e+03 3.36904e-04
5.10300e+03 3.35990e-04
5.10400e+03 3.35074e-04
5.10500e+03 3.34234e-04
5.10600e+03 3.33395e-04
5.10700e+03 3.32554e-04
5.10800e+03 3.31713e-04
5.10900e+03 3.30872e-04
5.11000e+03 3.30099e-04
5.11100e+03 3.29285e-04
5.11200e+03 3.28471e-04
5.11300e+03 3.27656e-04
5.11400e+03 3.26841e-04
5.11500e+03 3.26089e-04
5.11600e+03 3.25337e-04
5.11700e+03 3.24583e-04
5.11800e+03 3.23830e-04
5.11900e+03 3.23077e-04
5.12000e+03 3.22380e-04
5.12100e+03 3.21706e-04
5.12200e+03 3.21033e-04
5.12300e+03 3.20360e-04
5.12400e+03 3.19685e-04
5.12500e+03 3.19062e-04
5.12600e+03 3.18439e-04
5.12700e+03 3.17815e-04
5.12800e+03 3.17191e-04
5.12900e+03 3.16566e-04
5.13000e+03 3.15988e-04
5.13100e+03 3.15397e-04
5.13200e+03 3.14805e-04
5.13300e+03 3.14213e-04
5.13400e+03 3.13621e-04
5.13500e+03 3.13070e-04
5.13600e+03 3.12519e-04
5.13700e+03 3.11968e-04
5.13800e+03 3.11417e-04
5.13900e+03 3.10866e-04
5.14000e+03 3.10353e-04
5.14100e+03 3.09831e-04
5.14200e+03 3.09310e-04
5.14300e+03 3.08790e-04
5.14400e+03 3.08268e-04
5.14500e+03 3.07780e-04
5.14600e+03 3.07294e-04
5.14700e+03 3.06805e-04
5.14800e+03 3.06317e-04
5.14900e+03 3.05829e-04
5.15000e+03 3.05371e-04
5.15100e+03 3.04918e-04
5.15200e+03 3.04465e-04
5.15300e+03 3.04012e-04
5.15400e+03 3.03558e-04
5.15500e+03 3.03132e-04
5.15600e+03 3.02706e-04
5.15700e+03 3.02280e-04
5.15800e+03 3.01853e-04
5.15900e+03 3.01427e-04
5.16000e+03 3.01025e-04
5.16100e+03 3.00626e-04
5.16200e+03 3.00228e-04
5.16300e+03 2.99829e-04
5.16400e+03 2.99430e-04
5.16500e+03 2.99054e-04
5.16600e+03 2.98677e-04
5.16700e+03 2.98300e-04
5.16800e+03 2.97923e-04
5.16900e+03 2.97546e-04
5.17000e+03 2.97189e-04
5.17100e+03 2.96848e-04
5.17200e+03 2.96506e-04
5.17300e+03 2.96164e-04
5.17400e+03 2.95822e-04
5.17500e+03 2.95498e-04
5.17600e+03 2.95174e-04
5.17700e+03 2.94850e-04
5.17800e+03 2.94525e-04
5.17900e+03 2.94199e-04
5.18000e+03 2.93890e-04
5.18100e+03 2.93564e-04
5.18200e+03 2.93238e-04
5.18300e+03 2.92912e-04
5.18400e+03 2.92585e-04
5.18500e+03 2.92272e-04
5.18600e+03 2.91960e-04
5.18700e+03 2.91647e-04
5.18800e+03 2.91334e-04
5.18900e+03 2.91021e-04
5.19000e+03 2.90721e-04
5.19100e+03 2.90401e-04
5.19200e+03 2.90081e-04
5.19300e+03 2.89760e-04
5.19400e+03 2.89440e-04
5.19500e+03 2.89130e-04
5.19600e+03 2.88822e-04
5.19700e+03 2.88512e-04
5.19800e+03 2.88203e-04
5.19900e+03 2.87894e-04
5.20000e+03 2.87594e-04
5.20100e+03 2.87342e-04
5.20200e+03 2.87089e-04
5.20300e+03 2.86836e-04
5.20400e+03 2.86583e-04
5.20500e+03 2.86338e-04
5.20600e+03 2.86094e-04
5.20700e+03 2.85849e-04
5.20800e+03 2.85604e-04
5.20900e+03 2.85359e-04
5.21000e+03 2.85121e-04
5.21100e+03 2.84880e-04
5.21200e+03 2.84639e-04
5.21300e+03 2.84397e-04
5.21400e+03 2.84156e-04
5.21500e+03 2.83921e-04
5.21600e+03 2.83686e-04
5.21700e+03 2.83450e-04
5.21800e+03 2.83214e-04
5.21900e+03 2.82979e-04
5.22000e+03 2.82748e-04
5.22100e+03 2.82473e-04
5.22200e+03 2.82196e-04
5.22300e+03 2.81920e-04
5.22400e+03 2.81644e-04
5.22500e+03 2.81372e-04
5.22600e+03 2.81100e-04
5.22700e+03 2.80828e-04
5.22800e+03 2.80556e-04
5.22900e+03 2.80284e-04
5.23000e+03 2.80015e-04
5.23100e+03 2.79770e-04
5.23200e+03 2.79524e-04
5.23300e+03 2.79279e-04
5.23400e+03 2.79033e-04
5.23500e+03 2.78789e-04
5.23600e+03 2.78546e-04
5.23700e+03 2.78303e-04
5.23800e+03 2.78059e-04
5.23900e+03 2.77815e-04
5.24000e+03 2.77573e-04
5.24100e+03 2.77350e-04
5.24200e+03 2.77128e-04
5.24300e+03 2.76906e-04
5.24400e+03 2.76683e-04
5.24500e+03 2.76461e-04
5.24600e+03 2.76239e-04
5.24700e+03 2.76017e-04
5.24800e+03 2.75796e-04
5.24900e+03 2.75574e-04
5.25000e+03 2.75351e-04
5.25100e+03 2.75112e-04
5.25200e+03 2.74872e-04
5.25300e+03 2.74632e-04
5.25400e+03 2.74393e-04
5.25500e+03 2.74153e-04
5.25600e+03 2.73912e-04
5.25700e+03 2.73672e-04
5.25800e+03 2.73431e-04
5.25900e+03 2.73191e-04
5.26000e+03 2.72949e-04
5.26100e+03 2.72709e-04
5.26200e+03 2.72469e-04
5.26300e+03 2.72228e-04
5.26400e+03 2.71987e-04
5.26500e+03 2.71745e-04
5.26600e+03 2.71503e-04
5.26700e+03 2.71259e-04
5.26800e+03 2.71017e-04
5.26900e+03 2.70774e-04
5.27000e+03 2.70529e-04
5.27100e+03 2.70301e-04
5.27200e+03 2.70072e-04
5.27300e+03 2.69842e-04
5.27400e+03 2.69613e-04
5.27500e+03 2.69381e-04
5.27600e+03 2.69148e-04
5.27700e+03 2.68916e-04
5.27800e+03 2.68685e-04
5.27900e+03 2.68452e-04
5.28000e+03 2.68216e-04
5.28100e+03 2.67935e-04
5.28200e+03 2.67654e-04
5.28300e+03 2.67372e-04
5.28400e+03 2.67091e-04
5.28500e+03 2.66807e-04
5.28600e+03 2.66522e-04
5.28700e+03 2.66237e-04
5.28800e+03 2.65953e-04
5.28900e+03 2.65668e-04
5.29000e+03 2.65379e-04
5.29100e+03 2.65134e-04
5.29200e+03 2.64888e-04
5.29300e+03 2.64642e-04
5.29400e+03 2.64395e-04
5.29500e+03 2.64145e-04
5.29600e+03 2.63895e-04
5.29700e+03 2.63644e-04
5.29800e+03 2.63393e-04
5.29900e+03 2.63142e-04
5.30000e+03 2.62886e-04
5.30100e+03 2.62602e-04
5.30200e+03 2.62319e-04
5.30300e+03 2.62034e-04
5.30400e+03 2.61749e-04
5.30500e+03 2.61461e-04
5.30600e+03 2.61172e-04
5.30700e+03 2.60883e-04
5.30800e+03 2.60593e-04
5.30900e+03 2.60304e-04
5.31000e+03 2.60009e-04
5.31100e+03 2.59747e-04
5.31200e+03 2.59486e-04
5.31300e+03 2.59223e-04
5.31400e+03 2.58961e-04
5.31500e+03 2.58694e-04
5.31600e+03 2.58425e-04
5.31700e+03 2.58157e-04
5.31800e+03 2.57890e-04
5.31900e+03 2.57621e-04
5.32000e+03 2.57347e-04
5.32100e+03 2.57040e-04
5.32200e+03 2.56733e-04
5.32300e+03 2.56426e-04
5.32400e+03 2.56119e-04
5.32500e+03 2.55806e-04
5.32600e+03 2.55493e-04
5.32700e+03 2.55180e-04
5.32800e+03 2.54867e-04
5.32900e+03 2.54553e-04
5.33000e+03 2.54234e-04
5.33100e+03 2.53926e-04
5.33200e+03 2.53618e-04
5.33300e+03 2.53309e-04
5.33400e+03 2.53001e-04
5.33500e+03 2.52686e-04
5.33600e+03 2.52370e-04
5.33700e+03 2.52055e-04
5.33800e+03 2.51740e-04
5.33900e+03 2.51425e-04
5.34000e+03 2.51102e-04
5.34100e+03 2.50790e-04
5.34200e+03 2.50479e-04
5.34300e+03 2.50167e-04
5.34400e+03 2.49854e-04
5.34500e+03 2.49535e-04
5.34600e+03 2.49216e-04
5.34700e+03 2.48896e-04
5.34800e+03 2.48576e-04
5.34900e+03 2.48257e-04
5.35000e+03 2.47929e-04
5.35100e+03 2.47586e-04
5.35200e+03 2.47243e-04
5.35300e+03 2.46899e-04
5.35400e+03 2.46556e-04
5.35500e+03 2.46204e-04
5.35600e+03 2.45854e-04
5.35700e+03 2.45502e-04
5.35800e+03 2.45151e-04
5.35900e+03 2.44799e-04
5.36000e+03 2.44440e-04
5.36100e+03 2.44098e-04
5.36200e+03 2.43755e-04
5.36300e+03 2.43413e-04
5.36400e+03 2.43070e-04
5.36500e+03 2.42719e-04
5.36600e+03 2.42368e-04
5.36700e+03 2.42018e-04
5.36800e+03 2.41667e-04
5.36900e+03 2.41316e-04
5.37000e+03 2.40956e-04
5.37100e+03 2.40581e-04
5.37200e+03 2.40207e-04
5.37300e+03 2.39832e-04
5.37400e+03 2.39457e-04
5.37500e+03 2.39074e-04
5.37600e+03 2.38691e-04
5.37700e+03 2.38307e-04
5.37800e+03 2.37924e-04
5.37900e+03 2.37540e-04
5.38000e+03 2.37149e-04
5.38100e+03 2.36767e-04
5.38200e+03 2.36387e-04
5.38300e+03 2.36005e-04
5.38400e+03 2.35624e-04
5.38500e+03 2.35234e-04
5.38600e+03 2.34844e-04
5.38700e+03 2.34454e-04
5.38800e+03 2.34065e-04
5.38900e+03 2.33674e-04
5.39000e+03 2.33276e-04
5.39100e+03 2.32866e-04
5.39200e+03 2.32455e-04
5.39300e+03 2.32045e-04
5.39400e+03 2.31634e-04
5.39500e+03 2.31215e-04
5.39600e+03 2.30796e-04
5.39700e+03 2.30376e-04
5.39800e+03 2.29957e-04
5.39900e+03 2.29537e-04
5.40000e+03 2.29109e-04
5.40100e+03 2.28700e-04
5.40200e+03 2.28291e-04
5.40300e+03 2.27882e-04
5.40400e+03 2.27472e-04
5.40500e+03 2.27054e-04
5.40600e+03 2.26636e-04
5.40700e+03 2.26217e-04
5.40800e+03 2.25798e-04
5.40900e+03 2.25380e-04
5.41000e+03 2.24952e-04
5.41100e+03 2.24519e-04
5.41200e+03 2.24086e-04
5.41300e+03 2.23653e-04
5.41400e+03 2.23220e-04
5.41500e+03 2.22779e-04
5.41600e+03 2.22337e-04
5.41700e+03 2.21894e-04
5.41800e+03 2.21452e-04
5.41900e+03 2.21009e-04
5.42000e+03 2.20558e-04
5.42100e+03 2.20093e-04
5.42200e+03 2.19629e-04
5.42300e+03 2.19164e-04
5.42400e+03 2.18699e-04
5.42500e+03 2.18225e-04
5.42600e+03 2.17751e-04
5.42700e+03 2.17278e-04
5.42800e+03 2.16804e-04
5.42900e+03 2.16329e-04
5.43000e+03 2.15847e-04
5.43100e+03 2.15376e-04
5.43200e+03 2.14906e-04
5.43300e+03 2.14435e-04
5.43400e+03 2.13964e-04
5.43500e+03 2.13485e-04
5.43600e+03 2.13005e-04
5.43700e+03 2.12526e-04
5.43800e+03 2.12045e-04
5.43900e+03 2.11565e-04
5.44000e+03 2.11077e-04
5.44100e+03 2.10578e-04
5.44200e+03 2.10079e-04
5.44300e+03 2.09580e-04
5.44400e+03 2.09080e-04
5.44500e+03 2.08573e-04
5.44600e+03 2.08065e-04
5.44700e+03 2.07557e-04
5.44800e+03 2.07049e-04
5.44900e+03 2.06541e-04
5.45000e+03 2.06024e-04
5.45100e+03 2.05517e-04
5.45200e+03 2.05008e-04
5.45300e+03 2.04501e-04
5.45400e+03 2.03992e-04
5.45500e+03 2.03475e-04
5.45600e+03 2.02959e-04
5.45700e+03 2.02442e-04
5.45800e+03 2.01925e-04
5.45900e+03 2.01408e-04
5.46000e+03 2.00883e-04
5.46100e+03 2.00345e-04
5.46200e+03 1.99808e-04
5.46300e+03 1.99271e-04
5.46400e+03 1.98733e-04
5.46500e+03 1.98188e-04
5.46600e+03 1.97642e-04
5.46700e+03 1.97097e-04
5.46800e+03 1.96551e-04
5.46900e+03 1.96005e-04
5.47000e+03 1.95451e-04
5.47100e+03 1.94914e-04
5.47200e+03 1.94376e-04
5.47300e+03 1.93838e-04
5.47400e+03 1.93300e-04
5.47500e+03 1.92754e-04
5.47600e+03 1.92208e-04
5.47700e+03 1.91661e-04
5.47800e+03 1.91114e-04
5.47900e+03 1.90568e-04
5.48000e+03 1.90014e-04
5.48100e+03 1.89439e-04
5.48200e+03 1.88865e-04
5.48300e+03 1.88290e-04
5.48400e+03 1.87715e-04
5.48500e+03 1.87133e-04
5.48600e+03 1.86552e-04
5.48700e+03 1.85970e-04
5.48800e+03 1.85388e-04
5.48900e+03 1.84805e-04
5.49000e+03 1.84217e-04
5.49100e+03 1.83627e-04
5.49200e+03 1.83038e-04
5.49300e+03 1.82449e-04
5.49400e+03 1.81859e-04
5.49500e+03 1.81263e-04
5.49600e+03 1.80667e-04
5.49700e+03 1.80071e-04
5.49800e+03 1.79475e-04
5.49900e+03 1.78879e-04
5.50000e+03 1.78276e-04
5.50100e+03 1.77699e-04
5.50200e+03 1.77120e-04
5.50300e+03 1.76542e-04
5.50400e+03 1.75964e-04
5.50500e+03 1.75379e-04
5.50600e+03 1.74795e-04
5.50700e+03 1.74210e-04
5.50800e+03 1.73624e-04
5.50900e+03 1.73039e-04
5.51000e+03 1.72448e-04
5.51100e+03 1.71827e-04
5.51200e+03 1.71205e-04
5.51300e+03 1.70584e-04
5.51400e+03 1.69963e-04
5.51500e+03 1.69336e-04
5.51600e+03 1.68710e-04
5.51700e+03 1.68083e-04
5.51800e+03 1.67457e-04
5.51900e+03 1.66830e-04
5.52000e+03 1.66199e-04
5.52100e+03 1.65580e-04
5.52200e+03 1.64960e-04
5.52300e+03 1.64340e-04
5.52400e+03 1.63721e-04
5.52500e+03 1.63097e-04
5.52600e+03 1.62472e-04
5.52700e+03 1.61848e-04
5.52800e+03 1.61223e-04
5.52900e+03 1.60598e-04
5.53000e+03 1.59969e-04
5.53100e+03 1.59339e-04
5.53200e+03 1.58709e-04
5.53300e+03 1.58079e-04
5.53400e+03 1.57448e-04
5.53500e+03 1.56814e-04
5.53600e+03 1.56180e-04
5.53700e+03 1.55545e-04
5.53800e+03 1.54911e-04
5.53900e+03 1.54276e-04
5.54000e+03 1.53638e-04
5.54100e+03 1.52990e-04
5.54200e+03 1.52343e-04
5.54300e+03 1.51695e-04
5.54400e+03 1.51047e-04
5.54500e+03 1.50397e-04
5.54600e+03 1.49746e-04
5.54700e+03 1.49095e-04
5.54800e+03 1.48444e-04
5.54900e+03 1.47793e-04
5.55000e+03 1.47141e-04
5.55100e+03 1.46509e-04
5.55200e+03 1.45876e-04
5.55300e+03 1.45244e-04
5.55400e+03 1.44611e-04
5.55500e+03 1.43976e-04
5.55600e+03 1.43342e-04
5.55700e+03 1.42707e-04
5.55800e+03 1.42071e-04
5.55900e+03 1.41436e-04
5.56000e+03 1.40798e-04
5.56100e+03 1.40145e-04
5.56200e+03 1.39492e-04
5.56300e+03 1.38839e-04
5.56400e+03 1.38186e-04
5.56500e+03 1.37532e-04
5.56600e+03 1.36878e-04
5.56700e+03 1.36224e-04
5.56800e+03 1.35569e-04
5.56900e+03 1.34915e-04
5.57000e+03 1.34260e-04
5.57100e+03 1.33594e-04
5.57200e+03 1.32929e-04
5.57300e+03 1.32263e-04
5.57400e+03 1.31598e-04
5.57500e+03 1.30933e-04
5.57600e+03 1.30268e-04
5.57700e+03 1.29602e-04
5.57800e+03 1.28937e-04
5.57900e+03 1.28271e-04
5.58000e+03 1.27607e-04
5.58100e+03 1.26953e-04
5.58200e+03 1.26300e-04
5.58300e+03 1.25646e-04
5.58400e+03 1.24992e-04
5.58500e+03 1.24339e-04
5.58600e+03 1.23687e-04
5.58700e+03 1.23033e-04
5.58800e+03 1.22380e-04
5.58900e+03 1.21727e-04
5.59000e+03 1.21076e-04
5.59100e+03 1.20433e-04
5.59200e+03 1.19790e-04
5.59300e+03 1.19147e-04
5.59400e+03 1.18504e-04
5.59500e+03 1.17863e-04
5.59600e+03 1.17221e-04
5.59700e+03 1.16580e-04
5.59800e+03 1.15938e-04
5.59900e+03 1.15296e-04
5.60000e+03 1.14657e-04
5.60100e+03 1.14015e-04
5.60200e+03 1.13373e-04
5.60300e+03 1.12731e-04
5.60400e+03 1.12089e-04
5.60500e+03 1.11449e-04
5.60600e+03 1.10810e-04
5.60700e+03 1.10170e-04
5.60800e+03 1.09530e-04
5.60900e+03 1.08891e-04
5.61000e+03 1.08254e-04
5.61100e+03 1.07622e-04
5.61200e+03 1.06989e-04
5.61300e+03 1.06357e-04
5.61400e+03 1.05723e-04
5.61500e+03 1.05095e-04
5.61600e+03 1.04465e-04
5.61700e+03 1.03836e-04
5.61800e+03 1.03207e-04
5.61900e+03 1.02577e-04
5.62000e+03 1.01951e-04
5.62100e+03 1.01315e-04
5.62200e+03 1.00678e-04
5.62300e+03 1.00041e-04
5.62400e+03 9.94047e-05
5.62500e+03 9.87730e-05
5.62600e+03 9.81415e-05
5.62700e+03 9.75099e-05
5.62800e+03 9.68782e-05
5.62900e+03 9.62466e-05
5.63000e+03 9.56205e-05
5.63100e+03 9.49985e-05
5.63200e+03 9.43769e-05
5.63300e+03 9.37548e-05
5.63400e+03 9.31328e-05
5.63500e+03 9.25170e-05
5.63600e+03 9.19011e-05
5.63700e+03 9.12849e-05
5.63800e+03 9.06688e-05
5.63900e+03 9.00523e-05
5.64000e+03 8.94427e-05
5.64100e+03 8.88355e-05
5.64200e+03 8.82281e-05
5.64300e+03 8.76208e-05
5.64400e+03 8.70131e-05
5.64500e+03 8.64126e-05
5.64600e+03 8.58121e-05
5.64700e+03 8.52112e-05
5.64800e+03 8.46104e-05
5.64900e+03 8.40094e-05
5.65000e+03 8.34161e-05
5.65100e+03 8.28199e-05
5.65200e+03 8.22236e-05
5.65300e+03 8.16271e-05
5.65400e+03 8.10307e-05
5.65500e+03 8.04423e-05
5.65600e+03 7.98539e-05
5.65700e+03 7.92655e-05
5.65800e+03 7.86768e-05
5.65900e+03 7.80882e-05
5.66000e+03 7.75082e-05
5.66100e+03 7.69301e-05
5.66200e+03 7.63518e-05
5.66300e+03 7.57736e-05
5.66400e+03 7.51951e-05
5.66500e+03 7.46259e-05
5.66600e+03 7.40564e-05
5.66700e+03 7.34868e-05
5.66800e+03 7.29170e-05
5.66900e+03 7.23473e-05
5.67000e+03 7.17868e-05
5.67100e+03 7.12293e-05
5.67200e+03 7.06718e-05
5.67300e+03 7.01141e-05
5.67400e+03 6.95562e-05
5.67500e+03 6.90081e-05
5.67600e+03 6.84598e-05
5.67700e+03 6.79116e-05
5.67800e+03 6.73630e-05
5.67900e+03 6.68144e-05
5.68000e+03 6.62759e-05
5.68100e+03 6.57391e-05
5.68200e+03 6.52022e-05
5.68300e+03 6.46649e-05
5.68400e+03 6.41277e-05
5.68500e+03 6.36009e-05
5.68600e+03 6.30739e-05
