# Filter name : HST/ACS_WFC.FR1016N
# Description : FR1016N ramp filter for HST ACS_WFC at central wavelength
# Photometric system : ACS-WFC
# FilterType : photon
# Band name : ------
# Observatory : HST
# Instrument : ACS
# Comments : Response calculated using the stsynphot python package by STScI. In particular, function stsynphot.band("acs,wfc1,fr1016n#10160"). Please, take a look to stsynphot documentation and HST instrument documentation
# 
9.43500e+03 7.47102e-06
9.43600e+03 7.56577e-06
9.43700e+03 7.66021e-06
9.43800e+03 7.75993e-06
9.43900e+03 7.85932e-06
9.44000e+03 7.95843e-06
9.44100e+03 8.05752e-06
9.44200e+03 8.15635e-06
9.44300e+03 8.26046e-06
9.44400e+03 8.36422e-06
9.44500e+03 8.46764e-06
9.44600e+03 8.57084e-06
9.44700e+03 8.67361e-06
9.44800e+03 8.78179e-06
9.44900e+03 8.88964e-06
9.45000e+03 8.99707e-06
9.45100e+03 9.10364e-06
9.45200e+03 9.20979e-06
9.45300e+03 9.32135e-06
9.45400e+03 9.43248e-06
9.45500e+03 9.54331e-06
9.45600e+03 9.65375e-06
9.45700e+03 9.76386e-06
9.45800e+03 9.87916e-06
9.45900e+03 9.99433e-06
9.46000e+03 1.01090e-05
9.46100e+03 1.02237e-05
9.46200e+03 1.03380e-05
9.46300e+03 1.04577e-05
9.46400e+03 1.05771e-05
9.46500e+03 1.06960e-05
9.46600e+03 1.08146e-05
9.46700e+03 1.09328e-05
9.46800e+03 1.10562e-05
9.46900e+03 1.11793e-05
9.47000e+03 1.13020e-05
9.47100e+03 1.14244e-05
9.47200e+03 1.15464e-05
9.47300e+03 1.16735e-05
9.47400e+03 1.18004e-05
9.47500e+03 1.19268e-05
9.47600e+03 1.20528e-05
9.47700e+03 1.21784e-05
9.47800e+03 1.23092e-05
9.47900e+03 1.24397e-05
9.48000e+03 1.25696e-05
9.48100e+03 1.26990e-05
9.48200e+03 1.28279e-05
9.48300e+03 1.29621e-05
9.48400e+03 1.30956e-05
9.48500e+03 1.32288e-05
9.48600e+03 1.33616e-05
9.48700e+03 1.34939e-05
9.48800e+03 1.36314e-05
9.48900e+03 1.37683e-05
9.49000e+03 1.39048e-05
9.49100e+03 1.40400e-05
9.49200e+03 1.41748e-05
9.49300e+03 1.43145e-05
9.49400e+03 1.44537e-05
9.49500e+03 1.45924e-05
9.49600e+03 1.47308e-05
9.49700e+03 1.48686e-05
9.49800e+03 1.50112e-05
9.49900e+03 1.51534e-05
9.50000e+03 1.52950e-05
9.50100e+03 1.54373e-05
9.50200e+03 1.55789e-05
9.50300e+03 1.57253e-05
9.50400e+03 1.58713e-05
9.50500e+03 1.60168e-05
9.50600e+03 1.61618e-05
9.50700e+03 1.63062e-05
9.50800e+03 1.64553e-05
9.50900e+03 1.66040e-05
9.51000e+03 1.67521e-05
9.51100e+03 1.69003e-05
9.51200e+03 1.70478e-05
9.51300e+03 1.71999e-05
9.51400e+03 1.73515e-05
9.51500e+03 1.75026e-05
9.51600e+03 1.76532e-05
9.51700e+03 1.78032e-05
9.51800e+03 1.79577e-05
9.51900e+03 1.81115e-05
9.52000e+03 1.82651e-05
9.52100e+03 1.84169e-05
9.52200e+03 1.85684e-05
9.52300e+03 1.87240e-05
9.52400e+03 1.88791e-05
9.52500e+03 1.90339e-05
9.52600e+03 1.91877e-05
9.52700e+03 1.93412e-05
9.52800e+03 1.94986e-05
9.52900e+03 1.96557e-05
9.53000e+03 1.98120e-05
9.53100e+03 1.99684e-05
9.53200e+03 2.01244e-05
9.53300e+03 2.02841e-05
9.53400e+03 2.04436e-05
9.53500e+03 2.06022e-05
9.53600e+03 2.07604e-05
9.53700e+03 2.09179e-05
9.53800e+03 2.10791e-05
9.53900e+03 2.12396e-05
9.54000e+03 2.14000e-05
9.54100e+03 2.15576e-05
9.54200e+03 2.17152e-05
9.54300e+03 2.18759e-05
9.54400e+03 2.20361e-05
9.54500e+03 2.21957e-05
9.54600e+03 2.23546e-05
9.54700e+03 2.25130e-05
9.54800e+03 2.26747e-05
9.54900e+03 2.28356e-05
9.55000e+03 2.29959e-05
9.55100e+03 2.31576e-05
9.55200e+03 2.33186e-05
9.55300e+03 2.34828e-05
9.55400e+03 2.36461e-05
9.55500e+03 2.38090e-05
9.55600e+03 2.39713e-05
9.55700e+03 2.41329e-05
9.55800e+03 2.42975e-05
9.55900e+03 2.44615e-05
9.56000e+03 2.46244e-05
9.56100e+03 2.47859e-05
9.56200e+03 2.49470e-05
9.56300e+03 2.51104e-05
9.56400e+03 2.52733e-05
9.56500e+03 2.54355e-05
9.56600e+03 2.55971e-05
9.56700e+03 2.57577e-05
9.56800e+03 2.59213e-05
9.56900e+03 2.60839e-05
9.57000e+03 2.62460e-05
9.57100e+03 2.64077e-05
9.57200e+03 2.65693e-05
9.57300e+03 2.67327e-05
9.57400e+03 2.68956e-05
9.57500e+03 2.70577e-05
9.57600e+03 2.72195e-05
9.57700e+03 2.73804e-05
9.57800e+03 2.75434e-05
9.57900e+03 2.77055e-05
9.58000e+03 2.78670e-05
9.58100e+03 2.80250e-05
9.58200e+03 2.81823e-05
9.58300e+03 2.83410e-05
9.58400e+03 2.84995e-05
9.58500e+03 2.86571e-05
9.58600e+03 2.88137e-05
9.58700e+03 2.89698e-05
9.58800e+03 2.91276e-05
9.58900e+03 2.92843e-05
9.59000e+03 2.94405e-05
9.59100e+03 2.96003e-05
9.59200e+03 2.97595e-05
9.59300e+03 2.99198e-05
9.59400e+03 3.00795e-05
9.59500e+03 3.02386e-05
9.59600e+03 3.03969e-05
9.59700e+03 3.05548e-05
9.59800e+03 3.07134e-05
9.59900e+03 3.08716e-05
9.60000e+03 3.10291e-05
9.60100e+03 3.11866e-05
9.60200e+03 3.13439e-05
9.60300e+03 3.15021e-05
9.60400e+03 3.16592e-05
9.60500e+03 3.18163e-05
9.60600e+03 3.19719e-05
9.60700e+03 3.21276e-05
9.60800e+03 3.22837e-05
9.60900e+03 3.24390e-05
9.61000e+03 3.25938e-05
9.61100e+03 3.27460e-05
9.61200e+03 3.28973e-05
9.61300e+03 3.30494e-05
9.61400e+03 3.32002e-05
9.61500e+03 3.33509e-05
9.61600e+03 3.35007e-05
9.61700e+03 3.36500e-05
9.61800e+03 3.37991e-05
9.61900e+03 3.39478e-05
9.62000e+03 3.40957e-05
9.62100e+03 3.42422e-05
9.62200e+03 3.43874e-05
9.62300e+03 3.45331e-05
9.62400e+03 3.46777e-05
9.62500e+03 3.48217e-05
9.62600e+03 3.49653e-05
9.62700e+03 3.51080e-05
9.62800e+03 3.52503e-05
9.62900e+03 3.53926e-05
9.63000e+03 3.55333e-05
9.63100e+03 3.56761e-05
9.63200e+03 3.58181e-05
9.63300e+03 3.59599e-05
9.63400e+03 3.61011e-05
9.63500e+03 3.62412e-05
9.63600e+03 3.63811e-05
9.63700e+03 3.65202e-05
9.63800e+03 3.66585e-05
9.63900e+03 3.67965e-05
9.64000e+03 3.69333e-05
9.64100e+03 3.70668e-05
9.64200e+03 3.71999e-05
9.64300e+03 3.73318e-05
9.64400e+03 3.74632e-05
9.64500e+03 3.75942e-05
9.64600e+03 3.77239e-05
9.64700e+03 3.78534e-05
9.64800e+03 3.79821e-05
9.64900e+03 3.81095e-05
9.65000e+03 3.82366e-05
9.65100e+03 3.83665e-05
9.65200e+03 3.84962e-05
9.65300e+03 3.86248e-05
9.65400e+03 3.87525e-05
9.65500e+03 3.88798e-05
9.65600e+03 3.90066e-05
9.65700e+03 3.91320e-05
9.65800e+03 3.92568e-05
9.65900e+03 3.93810e-05
9.66000e+03 3.95040e-05
9.66100e+03 3.96243e-05
9.66200e+03 3.97441e-05
9.66300e+03 3.98625e-05
9.66400e+03 3.99802e-05
9.66500e+03 4.00971e-05
9.66600e+03 4.02137e-05
9.66700e+03 4.03296e-05
9.66800e+03 4.04437e-05
9.66900e+03 4.05577e-05
9.67000e+03 4.06710e-05
9.67100e+03 4.07827e-05
9.67200e+03 4.08946e-05
9.67300e+03 4.10048e-05
9.67400e+03 4.11138e-05
9.67500e+03 4.12229e-05
9.67600e+03 4.13308e-05
9.67700e+03 4.14383e-05
9.67800e+03 4.15440e-05
9.67900e+03 4.16489e-05
9.68000e+03 4.17536e-05
9.68100e+03 4.18589e-05
9.68200e+03 4.19625e-05
9.68300e+03 4.20656e-05
9.68400e+03 4.21675e-05
9.68500e+03 4.22685e-05
9.68600e+03 4.23692e-05
9.68700e+03 4.24696e-05
9.68800e+03 4.25675e-05
9.68900e+03 4.26657e-05
9.69000e+03 4.27622e-05
9.69100e+03 4.28598e-05
9.69200e+03 4.29571e-05
9.69300e+03 4.30522e-05
9.69400e+03 4.31466e-05
9.69500e+03 4.32409e-05
9.69600e+03 4.33338e-05
9.69700e+03 4.34269e-05
9.69800e+03 4.35177e-05
9.69900e+03 4.36080e-05
9.70000e+03 4.36975e-05
9.70100e+03 4.37864e-05
9.70200e+03 4.38744e-05
9.70300e+03 4.39606e-05
9.70400e+03 4.40463e-05
9.70500e+03 4.41316e-05
9.70600e+03 4.42160e-05
9.70700e+03 4.43000e-05
9.70800e+03 4.43815e-05
9.70900e+03 4.44634e-05
9.71000e+03 4.45439e-05
9.71100e+03 4.46220e-05
9.71200e+03 4.46991e-05
9.71300e+03 4.47744e-05
9.71400e+03 4.48493e-05
9.71500e+03 4.49230e-05
9.71600e+03 4.49972e-05
9.71700e+03 4.50697e-05
9.71800e+03 4.51411e-05
9.71900e+03 4.52117e-05
9.72000e+03 4.52819e-05
9.72100e+03 4.53530e-05
9.72200e+03 4.54238e-05
9.72300e+03 4.54923e-05
9.72400e+03 4.55613e-05
9.72500e+03 4.56288e-05
9.72600e+03 4.56960e-05
9.72700e+03 4.57629e-05
9.72800e+03 4.58282e-05
9.72900e+03 4.58925e-05
9.73000e+03 4.59568e-05
9.73100e+03 4.60192e-05
9.73200e+03 4.60818e-05
9.73300e+03 4.61430e-05
9.73400e+03 4.62031e-05
9.73500e+03 4.62630e-05
9.73600e+03 4.63220e-05
9.73700e+03 4.63808e-05
9.73800e+03 4.64381e-05
9.73900e+03 4.64948e-05
9.74000e+03 4.65510e-05
9.74100e+03 4.66067e-05
9.74200e+03 4.66608e-05
9.74300e+03 4.67147e-05
9.74400e+03 4.67677e-05
9.74500e+03 4.68198e-05
9.74600e+03 4.68716e-05
9.74700e+03 4.69227e-05
9.74800e+03 4.69733e-05
9.74900e+03 4.70233e-05
9.75000e+03 4.70724e-05
9.75100e+03 4.71226e-05
9.75200e+03 4.71719e-05
9.75300e+03 4.72208e-05
9.75400e+03 4.72682e-05
9.75500e+03 4.73159e-05
9.75600e+03 4.73635e-05
9.75700e+03 4.74097e-05
9.75800e+03 4.74559e-05
9.75900e+03 4.75015e-05
9.76000e+03 4.75466e-05
9.76100e+03 4.75923e-05
9.76200e+03 4.76363e-05
9.76300e+03 4.76811e-05
9.76400e+03 4.77252e-05
9.76500e+03 4.77684e-05
9.76600e+03 4.78114e-05
9.76700e+03 4.78541e-05
9.76800e+03 4.78973e-05
9.76900e+03 4.79391e-05
9.77000e+03 4.79811e-05
9.77100e+03 4.80175e-05
9.77200e+03 4.80533e-05
9.77300e+03 4.80896e-05
9.77400e+03 4.81263e-05
9.77500e+03 4.81615e-05
9.77600e+03 4.81964e-05
9.77700e+03 4.82306e-05
9.77800e+03 4.82667e-05
9.77900e+03 4.83021e-05
9.78000e+03 4.83372e-05
9.78100e+03 4.83770e-05
9.78200e+03 4.84179e-05
9.78300e+03 4.84591e-05
9.78400e+03 4.85007e-05
9.78500e+03 4.85413e-05
9.78600e+03 4.85822e-05
9.78700e+03 4.86216e-05
9.78800e+03 4.86645e-05
9.78900e+03 4.87058e-05
9.79000e+03 4.87483e-05
9.79100e+03 4.87867e-05
9.79200e+03 4.88253e-05
9.79300e+03 4.88671e-05
9.79400e+03 4.89091e-05
9.79500e+03 4.89492e-05
9.79600e+03 4.89902e-05
9.79700e+03 4.90299e-05
9.79800e+03 4.90744e-05
9.79900e+03 4.91180e-05
9.80000e+03 4.91608e-05
9.80100e+03 4.92415e-05
9.80200e+03 4.93217e-05
9.80300e+03 4.94079e-05
9.80400e+03 4.94940e-05
9.80500e+03 4.95793e-05
9.80600e+03 4.96641e-05
9.80700e+03 4.97488e-05
9.80800e+03 4.98400e-05
9.80900e+03 4.99307e-05
9.81000e+03 5.00217e-05
9.81100e+03 5.01129e-05
9.81200e+03 5.02033e-05
9.81300e+03 5.03028e-05
9.81400e+03 5.04018e-05
9.81500e+03 5.05003e-05
9.81600e+03 5.05983e-05
9.81700e+03 5.06958e-05
9.81800e+03 5.08029e-05
9.81900e+03 5.09108e-05
9.82000e+03 5.10177e-05
9.82100e+03 5.11217e-05
9.82200e+03 5.12246e-05
9.82300e+03 5.13405e-05
9.82400e+03 5.14554e-05
9.82500e+03 5.15698e-05
9.82600e+03 5.16844e-05
9.82700e+03 5.17975e-05
9.82800e+03 5.19260e-05
9.82900e+03 5.20529e-05
9.83000e+03 5.21797e-05
9.83100e+03 5.23052e-05
9.83200e+03 5.24292e-05
9.83300e+03 5.25709e-05
9.83400e+03 5.27123e-05
9.83500e+03 5.28521e-05
9.83600e+03 5.29921e-05
9.83700e+03 5.31315e-05
9.83800e+03 5.32917e-05
9.83900e+03 5.34502e-05
9.84000e+03 5.36080e-05
9.84100e+03 5.37653e-05
9.84200e+03 5.39211e-05
9.84300e+03 5.41010e-05
9.84400e+03 5.42810e-05
9.84500e+03 5.44596e-05
9.84600e+03 5.46371e-05
9.84700e+03 5.48140e-05
9.84800e+03 5.50210e-05
9.84900e+03 5.52254e-05
9.85000e+03 5.54296e-05
9.85100e+03 5.56351e-05
9.85200e+03 5.58396e-05
9.85300e+03 5.60791e-05
9.85400e+03 5.63166e-05
9.85500e+03 5.65530e-05
9.85600e+03 5.67894e-05
9.85700e+03 5.70238e-05
9.85800e+03 5.72989e-05
9.85900e+03 5.75733e-05
9.86000e+03 5.78465e-05
9.86100e+03 5.81176e-05
9.86200e+03 5.83869e-05
9.86300e+03 5.87054e-05
9.86400e+03 5.90210e-05
9.86500e+03 5.93364e-05
9.86600e+03 5.96504e-05
9.86700e+03 5.99625e-05
9.86800e+03 6.03322e-05
9.86900e+03 6.06999e-05
9.87000e+03 6.10661e-05
9.87100e+03 6.14324e-05
9.87200e+03 6.17978e-05
9.87300e+03 6.22309e-05
9.87400e+03 6.26612e-05
9.87500e+03 6.30902e-05
9.87600e+03 6.35181e-05
9.87700e+03 6.39438e-05
9.87800e+03 6.44504e-05
9.87900e+03 6.49545e-05
9.88000e+03 6.54560e-05
9.88100e+03 6.59507e-05
9.88200e+03 6.64423e-05
9.88300e+03 6.70284e-05
9.88400e+03 6.76132e-05
9.88500e+03 6.81961e-05
9.88600e+03 6.87767e-05
9.88700e+03 6.93535e-05
9.88800e+03 7.00452e-05
9.88900e+03 7.07335e-05
9.89000e+03 7.14194e-05
9.89100e+03 7.21159e-05
9.89200e+03 7.28072e-05
9.89300e+03 7.36368e-05
9.89400e+03 7.44633e-05
9.89500e+03 7.52854e-05
9.89600e+03 7.61064e-05
9.89700e+03 7.69236e-05
9.89800e+03 7.79054e-05
9.89900e+03 7.88843e-05
9.90000e+03 7.98566e-05
9.90100e+03 8.08147e-05
9.90200e+03 8.17681e-05
9.90300e+03 8.29177e-05
9.90400e+03 8.40640e-05
9.90500e+03 8.52058e-05
9.90600e+03 8.63420e-05
9.90700e+03 8.74743e-05
9.90800e+03 8.88445e-05
9.90900e+03 9.02100e-05
9.91000e+03 9.15690e-05
9.91100e+03 9.29299e-05
9.91200e+03 9.42855e-05
9.91300e+03 9.59315e-05
9.91400e+03 9.75693e-05
9.91500e+03 9.92024e-05
9.91600e+03 1.00828e-04
9.91700e+03 1.02448e-04
9.91800e+03 1.04421e-04
9.91900e+03 1.06384e-04
9.92000e+03 1.08340e-04
9.92100e+03 1.10288e-04
9.92200e+03 1.12228e-04
9.92300e+03 1.14599e-04
9.92400e+03 1.16960e-04
9.92500e+03 1.19312e-04
9.92600e+03 1.21655e-04
9.92700e+03 1.23987e-04
9.92800e+03 1.26847e-04
9.92900e+03 1.29697e-04
9.93000e+03 1.32533e-04
9.93100e+03 1.35354e-04
9.93200e+03 1.38161e-04
9.93300e+03 1.41618e-04
9.93400e+03 1.45059e-04
9.93500e+03 1.48488e-04
9.93600e+03 1.51901e-04
9.93700e+03 1.55302e-04
9.93800e+03 1.59504e-04
9.93900e+03 1.63686e-04
9.94000e+03 1.67853e-04
9.94100e+03 1.72012e-04
9.94200e+03 1.76150e-04
9.94300e+03 1.81287e-04
9.94400e+03 1.86404e-04
9.94500e+03 1.91500e-04
9.94600e+03 1.96574e-04
9.94700e+03 2.01627e-04
9.94800e+03 2.07925e-04
9.94900e+03 2.14193e-04
9.95000e+03 2.20439e-04
9.95100e+03 2.26647e-04
9.95200e+03 2.32826e-04
9.95300e+03 2.40562e-04
9.95400e+03 2.48268e-04
9.95500e+03 2.55938e-04
9.95600e+03 2.63575e-04
9.95700e+03 2.71182e-04
9.95800e+03 2.80751e-04
9.95900e+03 2.90279e-04
9.96000e+03 2.99767e-04
9.96100e+03 3.09229e-04
9.96200e+03 3.18648e-04
9.96300e+03 3.30553e-04
9.96400e+03 3.42411e-04
9.96500e+03 3.54220e-04
9.96600e+03 3.65976e-04
9.96700e+03 3.77682e-04
9.96800e+03 3.92557e-04
9.96900e+03 4.07366e-04
9.97000e+03 4.22115e-04
9.97100e+03 4.36793e-04
9.97200e+03 4.51404e-04
9.97300e+03 4.70069e-04
9.97400e+03 4.88655e-04
9.97500e+03 5.07156e-04
9.97600e+03 5.25578e-04
9.97700e+03 5.43924e-04
9.97800e+03 5.67473e-04
9.97900e+03 5.90936e-04
9.98000e+03 6.14286e-04
9.98100e+03 6.37543e-04
9.98200e+03 6.60711e-04
9.98300e+03 6.90604e-04
9.98400e+03 7.20373e-04
9.98500e+03 7.50020e-04
9.98600e+03 7.79531e-04
9.98700e+03 8.08911e-04
9.98800e+03 8.47065e-04
9.98900e+03 8.85034e-04
9.99000e+03 9.22837e-04
9.99100e+03 9.60528e-04
9.99200e+03 9.98025e-04
9.99300e+03 1.04698e-03
9.99400e+03 1.09574e-03
9.99500e+03 1.14425e-03
9.99600e+03 1.19258e-03
9.99700e+03 1.24069e-03
9.99800e+03 1.30377e-03
9.99900e+03 1.36658e-03
1.00000e+04 1.42914e-03
1.00010e+04 1.49215e-03
1.00020e+04 1.55494e-03
1.00030e+04 1.63751e-03
1.00040e+04 1.71982e-03
1.00050e+04 1.80184e-03
1.00060e+04 1.88360e-03
1.00070e+04 1.96507e-03
1.00080e+04 2.07261e-03
1.00090e+04 2.17978e-03
1.00100e+04 2.28658e-03
1.00110e+04 2.39295e-03
1.00120e+04 2.49894e-03
1.00130e+04 2.63917e-03
1.00140e+04 2.77891e-03
1.00150e+04 2.91816e-03
1.00160e+04 3.05693e-03
1.00170e+04 3.19519e-03
1.00180e+04 3.37813e-03
1.00190e+04 3.56042e-03
1.00200e+04 3.74208e-03
1.00210e+04 3.92343e-03
1.00220e+04 4.10419e-03
1.00230e+04 4.34252e-03
1.00240e+04 4.58005e-03
1.00250e+04 4.81677e-03
1.00260e+04 5.05271e-03
1.00270e+04 5.28784e-03
1.00280e+04 5.59555e-03
1.00290e+04 5.90223e-03
1.00300e+04 6.20788e-03
1.00310e+04 6.51220e-03
1.00320e+04 6.81546e-03
1.00330e+04 7.20705e-03
1.00340e+04 7.59726e-03
1.00350e+04 7.98611e-03
1.00360e+04 8.37358e-03
1.00370e+04 8.75969e-03
1.00380e+04 9.24756e-03
1.00390e+04 9.73372e-03
1.00400e+04 1.02182e-02
1.00410e+04 1.07010e-02
1.00420e+04 1.11821e-02
1.00430e+04 1.17709e-02
1.00440e+04 1.23576e-02
1.00450e+04 1.29423e-02
1.00460e+04 1.35248e-02
1.00470e+04 1.41053e-02
1.00480e+04 1.47851e-02
1.00490e+04 1.54626e-02
1.00500e+04 1.61376e-02
1.00510e+04 1.68099e-02
1.00520e+04 1.74798e-02
1.00530e+04 1.82210e-02
1.00540e+04 1.89594e-02
1.00550e+04 1.96951e-02
1.00560e+04 2.04281e-02
1.00570e+04 2.11583e-02
1.00580e+04 2.19119e-02
1.00590e+04 2.26627e-02
1.00600e+04 2.34106e-02
1.00610e+04 2.41549e-02
1.00620e+04 2.48963e-02
1.00630e+04 2.56024e-02
1.00640e+04 2.63058e-02
1.00650e+04 2.70064e-02
1.00660e+04 2.77042e-02
1.00670e+04 2.83993e-02
1.00680e+04 2.90059e-02
1.00690e+04 2.96099e-02
1.00700e+04 3.02116e-02
1.00710e+04 3.08114e-02
1.00720e+04 3.14087e-02
1.00730e+04 3.18841e-02
1.00740e+04 3.23575e-02
1.00750e+04 3.28289e-02
1.00760e+04 3.32983e-02
1.00770e+04 3.37658e-02
1.00780e+04 3.41031e-02
1.00790e+04 3.44388e-02
1.00800e+04 3.47731e-02
1.00810e+04 3.51052e-02
1.00820e+04 3.54359e-02
1.00830e+04 3.56487e-02
1.00840e+04 3.58604e-02
1.00850e+04 3.60711e-02
1.00860e+04 3.62806e-02
1.00870e+04 3.64891e-02
1.00880e+04 3.66032e-02
1.00890e+04 3.67166e-02
1.00900e+04 3.68292e-02
1.00910e+04 3.69425e-02
1.00920e+04 3.70553e-02
1.00930e+04 3.70990e-02
1.00940e+04 3.71423e-02
1.00950e+04 3.71852e-02
1.00960e+04 3.72276e-02
1.00970e+04 3.72695e-02
1.00980e+04 3.72649e-02
1.00990e+04 3.72601e-02
1.01000e+04 3.72549e-02
1.01010e+04 3.72457e-02
1.01020e+04 3.72362e-02
1.01030e+04 3.71972e-02
1.01040e+04 3.71581e-02
1.01050e+04 3.71189e-02
1.01060e+04 3.70795e-02
1.01070e+04 3.70399e-02
1.01080e+04 3.69829e-02
1.01090e+04 3.69258e-02
1.01100e+04 3.68686e-02
1.01110e+04 3.68154e-02
1.01120e+04 3.67622e-02
1.01130e+04 3.66992e-02
1.01140e+04 3.66361e-02
1.01150e+04 3.65730e-02
1.01160e+04 3.65097e-02
1.01170e+04 3.64466e-02
1.01180e+04 3.63782e-02
1.01190e+04 3.63099e-02
1.01200e+04 3.62414e-02
1.01210e+04 3.61700e-02
1.01220e+04 3.60985e-02
1.01230e+04 3.60247e-02
1.01240e+04 3.59507e-02
1.01250e+04 3.58768e-02
1.01260e+04 3.58030e-02
1.01270e+04 3.57290e-02
1.01280e+04 3.56541e-02
1.01290e+04 3.55791e-02
1.01300e+04 3.55041e-02
1.01310e+04 3.54314e-02
1.01320e+04 3.53588e-02
1.01330e+04 3.52857e-02
1.01340e+04 3.52126e-02
1.01350e+04 3.51394e-02
1.01360e+04 3.50663e-02
1.01370e+04 3.49931e-02
1.01380e+04 3.49198e-02
1.01390e+04 3.48465e-02
1.01400e+04 3.47732e-02
1.01410e+04 3.46981e-02
1.01420e+04 3.46230e-02
1.01430e+04 3.45479e-02
1.01440e+04 3.44727e-02
1.01450e+04 3.43976e-02
1.01460e+04 3.43224e-02
1.01470e+04 3.42473e-02
1.01480e+04 3.41721e-02
1.01490e+04 3.40970e-02
1.01500e+04 3.40217e-02
1.01510e+04 3.39462e-02
1.01520e+04 3.38706e-02
1.01530e+04 3.37949e-02
1.01540e+04 3.37194e-02
1.01550e+04 3.36438e-02
1.01560e+04 3.35682e-02
1.01570e+04 3.34926e-02
1.01580e+04 3.34171e-02
1.01590e+04 3.33414e-02
1.01600e+04 3.32659e-02
1.01610e+04 3.31902e-02
1.01620e+04 3.31145e-02
1.01630e+04 3.30389e-02
1.01640e+04 3.29633e-02
1.01650e+04 3.28876e-02
1.01660e+04 3.28120e-02
1.01670e+04 3.27364e-02
1.01680e+04 3.26607e-02
1.01690e+04 3.25851e-02
1.01700e+04 3.25095e-02
1.01710e+04 3.24373e-02
1.01720e+04 3.23650e-02
1.01730e+04 3.22927e-02
1.01740e+04 3.22205e-02
1.01750e+04 3.21482e-02
1.01760e+04 3.20759e-02
1.01770e+04 3.20036e-02
1.01780e+04 3.19312e-02
1.01790e+04 3.18589e-02
1.01800e+04 3.17866e-02
1.01810e+04 3.17103e-02
1.01820e+04 3.16342e-02
1.01830e+04 3.15579e-02
1.01840e+04 3.14817e-02
1.01850e+04 3.14055e-02
1.01860e+04 3.13293e-02
1.01870e+04 3.12531e-02
1.01880e+04 3.11766e-02
1.01890e+04 3.11002e-02
1.01900e+04 3.10237e-02
1.01910e+04 3.09478e-02
1.01920e+04 3.08720e-02
1.01930e+04 3.07955e-02
1.01940e+04 3.07189e-02
1.01950e+04 3.06423e-02
1.01960e+04 3.05658e-02
1.01970e+04 3.04892e-02
1.01980e+04 3.04109e-02
1.01990e+04 3.03327e-02
1.02000e+04 3.02544e-02
1.02010e+04 3.01961e-02
1.02020e+04 3.01378e-02
1.02030e+04 3.00760e-02
1.02040e+04 3.00140e-02
1.02050e+04 2.99522e-02
1.02060e+04 2.98904e-02
1.02070e+04 2.98286e-02
1.02080e+04 2.97598e-02
1.02090e+04 2.96912e-02
1.02100e+04 2.96227e-02
1.02110e+04 2.95556e-02
1.02120e+04 2.94884e-02
1.02130e+04 2.94090e-02
1.02140e+04 2.93297e-02
1.02150e+04 2.92504e-02
1.02160e+04 2.91713e-02
1.02170e+04 2.90923e-02
1.02180e+04 2.89927e-02
1.02190e+04 2.88932e-02
1.02200e+04 2.87939e-02
1.02210e+04 2.86907e-02
1.02220e+04 2.85878e-02
1.02230e+04 2.84526e-02
1.02240e+04 2.83177e-02
1.02250e+04 2.81832e-02
1.02260e+04 2.80489e-02
1.02270e+04 2.79150e-02
1.02280e+04 2.77337e-02
1.02290e+04 2.75528e-02
1.02300e+04 2.73724e-02
1.02310e+04 2.71958e-02
1.02320e+04 2.70197e-02
1.02330e+04 2.67789e-02
1.02340e+04 2.65387e-02
1.02350e+04 2.62991e-02
1.02360e+04 2.60605e-02
1.02370e+04 2.58224e-02
1.02380e+04 2.55036e-02
1.02390e+04 2.51860e-02
1.02400e+04 2.48691e-02
1.02410e+04 2.45541e-02
1.02420e+04 2.42400e-02
1.02430e+04 2.38364e-02
1.02440e+04 2.34342e-02
1.02450e+04 2.30335e-02
1.02460e+04 2.26341e-02
1.02470e+04 2.22360e-02
1.02480e+04 2.17535e-02
1.02490e+04 2.12726e-02
1.02500e+04 2.07935e-02
1.02510e+04 2.03144e-02
1.02520e+04 1.98371e-02
1.02530e+04 1.92973e-02
1.02540e+04 1.87595e-02
1.02550e+04 1.82238e-02
1.02560e+04 1.76901e-02
1.02570e+04 1.71585e-02
1.02580e+04 1.65999e-02
1.02590e+04 1.60434e-02
1.02600e+04 1.54892e-02
1.02610e+04 1.49360e-02
1.02620e+04 1.43851e-02
1.02630e+04 1.38464e-02
1.02640e+04 1.33100e-02
1.02650e+04 1.27758e-02
1.02660e+04 1.22438e-02
1.02670e+04 1.17140e-02
1.02680e+04 1.12288e-02
1.02690e+04 1.07456e-02
1.02700e+04 1.02645e-02
1.02710e+04 9.78667e-03
1.02720e+04 9.31078e-03
1.02730e+04 8.89838e-03
1.02740e+04 8.48760e-03
1.02750e+04 8.07849e-03
1.02760e+04 7.67100e-03
1.02770e+04 7.26516e-03
1.02780e+04 6.92845e-03
1.02790e+04 6.59310e-03
1.02800e+04 6.25911e-03
1.02810e+04 5.92583e-03
1.02820e+04 5.59397e-03
1.02830e+04 5.32732e-03
1.02840e+04 5.06181e-03
1.02850e+04 4.79743e-03
1.02860e+04 4.53419e-03
1.02870e+04 4.27208e-03
1.02880e+04 4.06611e-03
1.02890e+04 3.86102e-03
1.02900e+04 3.65682e-03
1.02910e+04 3.45383e-03
1.02920e+04 3.25169e-03
1.02930e+04 3.09509e-03
1.02940e+04 2.93915e-03
1.02950e+04 2.78386e-03
1.02960e+04 2.62923e-03
1.02970e+04 2.47525e-03
1.02980e+04 2.35691e-03
1.02990e+04 2.23905e-03
1.03000e+04 2.12170e-03
1.03010e+04 2.00484e-03
1.03020e+04 1.88848e-03
1.03030e+04 1.79933e-03
1.03040e+04 1.71057e-03
1.03050e+04 1.62219e-03
1.03060e+04 1.53420e-03
1.03070e+04 1.44658e-03
1.03080e+04 1.37947e-03
1.03090e+04 1.31265e-03
1.03100e+04 1.24612e-03
1.03110e+04 1.17988e-03
1.03120e+04 1.11393e-03
1.03130e+04 1.06331e-03
1.03140e+04 1.01291e-03
1.03150e+04 9.62723e-04
1.03160e+04 9.12764e-04
1.03170e+04 8.63026e-04
1.03180e+04 8.24705e-04
1.03190e+04 7.86548e-04
1.03200e+04 7.48564e-04
1.03210e+04 7.10780e-04
1.03220e+04 6.73164e-04
1.03230e+04 6.44047e-04
1.03240e+04 6.15056e-04
1.03250e+04 5.86197e-04
1.03260e+04 5.57463e-04
1.03270e+04 5.28859e-04
1.03280e+04 5.06600e-04
1.03290e+04 4.84440e-04
1.03300e+04 4.62382e-04
1.03310e+04 4.40383e-04
1.03320e+04 4.18488e-04
1.03330e+04 4.01351e-04
1.03340e+04 3.84291e-04
1.03350e+04 3.67312e-04
1.03360e+04 3.50413e-04
1.03370e+04 3.33593e-04
1.03380e+04 3.20349e-04
1.03390e+04 3.07167e-04
1.03400e+04 2.94048e-04
1.03410e+04 2.81017e-04
1.03420e+04 2.68044e-04
1.03430e+04 2.57773e-04
1.03440e+04 2.47549e-04
1.03450e+04 2.37372e-04
1.03460e+04 2.27240e-04
1.03470e+04 2.17156e-04
1.03480e+04 2.09124e-04
1.03490e+04 2.01128e-04
1.03500e+04 1.93170e-04
1.03510e+04 1.85230e-04
1.03520e+04 1.77327e-04
1.03530e+04 1.70994e-04
1.03540e+04 1.64691e-04
1.03550e+04 1.58418e-04
1.03560e+04 1.52176e-04
1.03570e+04 1.45965e-04
1.03580e+04 1.40956e-04
1.03590e+04 1.35973e-04
1.03600e+04 1.31013e-04
1.03610e+04 1.26098e-04
1.03620e+04 1.21205e-04
1.03630e+04 1.17239e-04
1.03640e+04 1.13292e-04
1.03650e+04 1.09363e-04
1.03660e+04 1.05452e-04
1.03670e+04 1.01560e-04
1.03680e+04 9.83878e-05
1.03690e+04 9.52297e-05
1.03700e+04 9.20869e-05
1.03710e+04 8.89446e-05
1.03720e+04 8.58185e-05
1.03730e+04 8.32546e-05
1.03740e+04 8.07028e-05
1.03750e+04 7.81640e-05
1.03760e+04 7.56381e-05
1.03770e+04 7.31248e-05
1.03780e+04 7.10515e-05
1.03790e+04 6.89889e-05
1.03800e+04 6.69367e-05
1.03810e+04 6.48991e-05
1.03820e+04 6.28721e-05
1.03830e+04 6.11912e-05
1.03840e+04 5.95181e-05
1.03850e+04 5.78536e-05
1.03860e+04 5.61973e-05
1.03870e+04 5.45492e-05
1.03880e+04 5.31748e-05
1.03890e+04 5.18071e-05
1.03900e+04 5.04463e-05
1.03910e+04 4.90860e-05
1.03920e+04 4.77328e-05
1.03930e+04 4.65972e-05
1.03940e+04 4.54677e-05
1.03950e+04 4.43437e-05
1.03960e+04 4.32258e-05
1.03970e+04 4.21136e-05
1.03980e+04 4.11751e-05
1.03990e+04 4.02414e-05
1.04000e+04 3.93124e-05
1.04010e+04 3.84211e-05
1.04020e+04 3.75333e-05
1.04030e+04 3.67832e-05
1.04040e+04 3.60360e-05
1.04050e+04 3.52917e-05
1.04060e+04 3.45503e-05
1.04070e+04 3.38118e-05
1.04080e+04 3.31844e-05
1.04090e+04 3.25593e-05
1.04100e+04 3.19368e-05
1.04110e+04 3.13155e-05
1.04120e+04 3.06968e-05
1.04130e+04 3.01679e-05
1.04140e+04 2.96411e-05
1.04150e+04 2.91164e-05
1.04160e+04 2.85938e-05
1.04170e+04 2.80733e-05
1.04180e+04 2.76258e-05
1.04190e+04 2.71799e-05
1.04200e+04 2.67359e-05
1.04210e+04 2.62939e-05
1.04220e+04 2.58537e-05
1.04230e+04 2.54730e-05
1.04240e+04 2.50936e-05
1.04250e+04 2.47158e-05
1.04260e+04 2.43395e-05
1.04270e+04 2.39647e-05
1.04280e+04 2.36384e-05
1.04290e+04 2.33136e-05
1.04300e+04 2.29898e-05
1.04310e+04 2.26656e-05
1.04320e+04 2.23427e-05
1.04330e+04 2.20596e-05
1.04340e+04 2.17778e-05
1.04350e+04 2.14970e-05
1.04360e+04 2.12174e-05
1.04370e+04 2.09388e-05
1.04380e+04 2.06931e-05
1.04390e+04 2.04483e-05
1.04400e+04 2.02044e-05
1.04410e+04 1.99645e-05
1.04420e+04 1.97254e-05
1.04430e+04 1.95133e-05
1.04440e+04 1.93020e-05
1.04450e+04 1.90913e-05
1.04460e+04 1.88816e-05
1.04470e+04 1.86725e-05
1.04480e+04 1.84858e-05
1.04490e+04 1.82997e-05
1.04500e+04 1.81142e-05
1.04510e+04 1.79272e-05
1.04520e+04 1.77408e-05
1.04530e+04 1.75729e-05
1.04540e+04 1.74056e-05
1.04550e+04 1.72389e-05
1.04560e+04 1.70730e-05
1.04570e+04 1.69076e-05
1.04580e+04 1.67575e-05
1.04590e+04 1.66080e-05
1.04600e+04 1.64590e-05
1.04610e+04 1.63123e-05
1.04620e+04 1.61661e-05
1.04630e+04 1.60327e-05
1.04640e+04 1.58996e-05
1.04650e+04 1.57670e-05
1.04660e+04 1.56350e-05
1.04670e+04 1.55033e-05
1.04680e+04 1.53822e-05
1.04690e+04 1.52615e-05
1.04700e+04 1.51413e-05
1.04710e+04 1.50213e-05
1.04720e+04 1.49018e-05
1.04730e+04 1.47910e-05
1.04740e+04 1.46805e-05
1.04750e+04 1.45705e-05
1.04760e+04 1.44608e-05
1.04770e+04 1.43515e-05
1.04780e+04 1.42496e-05
1.04790e+04 1.41479e-05
1.04800e+04 1.40467e-05
1.04810e+04 1.39443e-05
1.04820e+04 1.38423e-05
1.04830e+04 1.37463e-05
1.04840e+04 1.36508e-05
1.04850e+04 1.35555e-05
1.04860e+04 1.34605e-05
1.04870e+04 1.33659e-05
1.04880e+04 1.32764e-05
1.04890e+04 1.31872e-05
1.04900e+04 1.30983e-05
1.04910e+04 1.30116e-05
1.04920e+04 1.29253e-05
1.04930e+04 1.28433e-05
1.04940e+04 1.27614e-05
1.04950e+04 1.26798e-05
1.04960e+04 1.25985e-05
1.04970e+04 1.25173e-05
1.04980e+04 1.24397e-05
1.04990e+04 1.23624e-05
1.05000e+04 1.22853e-05
1.05010e+04 1.22077e-05
1.05020e+04 1.21304e-05
1.05030e+04 1.20560e-05
1.05040e+04 1.19818e-05
1.05050e+04 1.19078e-05
1.05060e+04 1.18341e-05
1.05070e+04 1.17606e-05
1.05080e+04 1.16896e-05
1.05090e+04 1.16187e-05
1.05100e+04 1.15481e-05
1.05110e+04 1.14782e-05
1.05120e+04 1.14085e-05
1.05130e+04 1.13409e-05
1.05140e+04 1.12734e-05
1.05150e+04 1.12062e-05
1.05160e+04 1.11391e-05
1.05170e+04 1.10722e-05
1.05180e+04 1.10070e-05
1.05190e+04 1.09420e-05
1.05200e+04 1.08772e-05
1.05210e+04 1.08122e-05
1.05220e+04 1.07475e-05
1.05230e+04 1.06841e-05
1.05240e+04 1.06209e-05
1.05250e+04 1.05579e-05
1.05260e+04 1.04951e-05
1.05270e+04 1.04324e-05
1.05280e+04 1.03710e-05
1.05290e+04 1.03097e-05
1.05300e+04 1.02485e-05
1.05310e+04 1.01867e-05
1.05320e+04 1.01250e-05
1.05330e+04 1.00644e-05
1.05340e+04 1.00039e-05
1.05350e+04 9.94354e-06
1.05360e+04 9.88342e-06
1.05370e+04 9.82342e-06
1.05380e+04 9.76431e-06
1.05390e+04 9.70526e-06
1.05400e+04 9.64646e-06
1.05410e+04 9.58750e-06
1.05420e+04 9.52869e-06
1.05430e+04 9.47057e-06
1.05440e+04 9.41256e-06
1.05450e+04 9.35482e-06
1.05460e+04 9.29719e-06
1.05470e+04 9.23975e-06
1.05480e+04 9.18280e-06
1.05490e+04 9.12607e-06
1.05500e+04 9.06952e-06
1.05510e+04 9.01445e-06
1.05520e+04 8.95949e-06
1.05530e+04 8.90500e-06
1.05540e+04 8.85064e-06
1.05550e+04 8.79644e-06
1.05560e+04 8.74235e-06
1.05570e+04 8.68853e-06
1.05580e+04 8.63493e-06
1.05590e+04 8.58150e-06
1.05600e+04 8.52820e-06
1.05610e+04 8.47521e-06
1.05620e+04 8.42235e-06
1.05630e+04 8.36967e-06
1.05640e+04 8.31719e-06
1.05650e+04 8.26488e-06
1.05660e+04 8.21270e-06
1.05670e+04 8.16072e-06
1.05680e+04 8.10887e-06
1.05690e+04 8.05718e-06
1.05700e+04 8.00563e-06
1.05710e+04 7.95322e-06
1.05720e+04 7.90103e-06
1.05730e+04 7.84893e-06
1.05740e+04 7.79695e-06
1.05750e+04 7.74521e-06
1.05760e+04 7.69362e-06
1.05770e+04 7.64221e-06
1.05780e+04 7.59092e-06
1.05790e+04 7.53976e-06
1.05800e+04 7.48880e-06
