# Filter name : HST/ACS_WFC.FR931N
# Description : FR931N ramp filter for HST ACS_WFC at central wavelength
# Photometric system : ACS-WFC
# FilterType : photon
# Band name : ------
# Observatory : HST
# Instrument : ACS
# Comments : Response calculated using the stsynphot python package by STScI. In particular, function stsynphot.band("acs,wfc1,fr931n#9310"). Please, take a look to stsynphot documentation and HST instrument documentation
# 
8.70000e+03 2.93180e-05
8.70100e+03 2.96556e-05
8.70200e+03 2.99927e-05
8.70300e+03 3.03292e-05
8.70400e+03 3.06651e-05
8.70500e+03 3.10136e-05
8.70600e+03 3.13614e-05
8.70700e+03 3.17088e-05
8.70800e+03 3.20554e-05
8.70900e+03 3.24015e-05
8.71000e+03 3.27599e-05
8.71100e+03 3.31231e-05
8.71200e+03 3.34859e-05
8.71300e+03 3.38480e-05
8.71400e+03 3.42098e-05
8.71500e+03 3.45838e-05
8.71600e+03 3.49571e-05
8.71700e+03 3.53300e-05
8.71800e+03 3.57024e-05
8.71900e+03 3.60744e-05
8.72000e+03 3.64579e-05
8.72100e+03 3.68398e-05
8.72200e+03 3.72212e-05
8.72300e+03 3.76019e-05
8.72400e+03 3.79821e-05
8.72500e+03 3.83738e-05
8.72600e+03 3.87649e-05
8.72700e+03 3.91555e-05
8.72800e+03 3.95455e-05
8.72900e+03 3.99349e-05
8.73000e+03 4.03355e-05
8.73100e+03 4.07339e-05
8.73200e+03 4.11321e-05
8.73300e+03 4.15296e-05
8.73400e+03 4.19263e-05
8.73500e+03 4.23338e-05
8.73600e+03 4.27406e-05
8.73700e+03 4.31469e-05
8.73800e+03 4.35526e-05
8.73900e+03 4.39576e-05
8.74000e+03 4.43728e-05
8.74100e+03 4.47916e-05
8.74200e+03 4.52098e-05
8.74300e+03 4.56275e-05
8.74400e+03 4.60447e-05
8.74500e+03 4.64717e-05
8.74600e+03 4.68981e-05
8.74700e+03 4.73239e-05
8.74800e+03 4.77491e-05
8.74900e+03 4.81737e-05
8.75000e+03 4.86079e-05
8.75100e+03 4.90333e-05
8.75200e+03 4.94581e-05
8.75300e+03 4.98819e-05
8.75400e+03 5.03051e-05
8.75500e+03 5.07371e-05
8.75600e+03 5.11681e-05
8.75700e+03 5.15987e-05
8.75800e+03 5.20283e-05
8.75900e+03 5.24572e-05
8.76000e+03 5.28941e-05
8.76100e+03 5.33404e-05
8.76200e+03 5.37859e-05
8.76300e+03 5.42309e-05
8.76400e+03 5.46752e-05
8.76500e+03 5.51270e-05
8.76600e+03 5.55785e-05
8.76700e+03 5.60294e-05
8.76800e+03 5.64798e-05
8.76900e+03 5.69292e-05
8.77000e+03 5.73861e-05
8.77100e+03 5.78361e-05
8.77200e+03 5.82852e-05
8.77300e+03 5.87337e-05
8.77400e+03 5.91816e-05
8.77500e+03 5.96358e-05
8.77600e+03 6.00894e-05
8.77700e+03 6.05422e-05
8.77800e+03 6.09942e-05
8.77900e+03 6.14457e-05
8.78000e+03 6.19029e-05
8.78100e+03 6.23617e-05
8.78200e+03 6.28199e-05
8.78300e+03 6.32773e-05
8.78400e+03 6.37338e-05
8.78500e+03 6.41957e-05
8.78600e+03 6.46570e-05
8.78700e+03 6.51177e-05
8.78800e+03 6.55777e-05
8.78900e+03 6.60367e-05
8.79000e+03 6.65007e-05
8.79100e+03 6.69664e-05
8.79200e+03 6.74319e-05
8.79300e+03 6.78966e-05
8.79400e+03 6.83607e-05
8.79500e+03 6.88289e-05
8.79600e+03 6.92964e-05
8.79700e+03 6.97630e-05
8.79800e+03 7.02290e-05
8.79900e+03 7.06944e-05
8.80000e+03 7.11632e-05
8.80100e+03 7.16289e-05
8.80200e+03 7.20940e-05
8.80300e+03 7.25581e-05
8.80400e+03 7.30218e-05
8.80500e+03 7.34876e-05
8.80600e+03 7.39533e-05
8.80700e+03 7.44181e-05
8.80800e+03 7.48822e-05
8.80900e+03 7.53454e-05
8.81000e+03 7.58111e-05
8.81100e+03 7.62727e-05
8.81200e+03 7.67337e-05
8.81300e+03 7.71935e-05
8.81400e+03 7.76530e-05
8.81500e+03 7.81139e-05
8.81600e+03 7.85738e-05
8.81700e+03 7.90332e-05
8.81800e+03 7.94918e-05
8.81900e+03 7.99496e-05
8.82000e+03 8.04083e-05
8.82100e+03 8.08676e-05
8.82200e+03 8.13263e-05
8.82300e+03 8.17841e-05
8.82400e+03 8.22414e-05
8.82500e+03 8.26991e-05
8.82600e+03 8.31557e-05
8.82700e+03 8.36119e-05
8.82800e+03 8.40671e-05
8.82900e+03 8.45219e-05
8.83000e+03 8.49761e-05
8.83100e+03 8.54331e-05
8.83200e+03 8.58892e-05
8.83300e+03 8.63445e-05
8.83400e+03 8.67996e-05
8.83500e+03 8.72532e-05
8.83600e+03 8.77067e-05
8.83700e+03 8.81594e-05
8.83800e+03 8.86112e-05
8.83900e+03 8.90622e-05
8.84000e+03 8.95123e-05
8.84100e+03 8.99554e-05
8.84200e+03 9.03972e-05
8.84300e+03 9.08385e-05
8.84400e+03 9.12792e-05
8.84500e+03 9.17179e-05
8.84600e+03 9.21558e-05
8.84700e+03 9.25927e-05
8.84800e+03 9.30293e-05
8.84900e+03 9.34652e-05
8.85000e+03 9.38987e-05
8.85100e+03 9.43295e-05
8.85200e+03 9.47597e-05
8.85300e+03 9.51889e-05
8.85400e+03 9.56176e-05
8.85500e+03 9.60436e-05
8.85600e+03 9.64688e-05
8.85700e+03 9.68932e-05
8.85800e+03 9.73167e-05
8.85900e+03 9.77395e-05
8.86000e+03 9.81588e-05
8.86100e+03 9.85959e-05
8.86200e+03 9.90323e-05
8.86300e+03 9.94680e-05
8.86400e+03 9.99029e-05
8.86500e+03 1.00335e-04
8.86600e+03 1.00767e-04
8.86700e+03 1.01197e-04
8.86800e+03 1.01627e-04
8.86900e+03 1.02056e-04
8.87000e+03 1.02482e-04
8.87100e+03 1.02894e-04
8.87200e+03 1.03305e-04
8.87300e+03 1.03716e-04
8.87400e+03 1.04126e-04
8.87500e+03 1.04532e-04
8.87600e+03 1.04938e-04
8.87700e+03 1.05342e-04
8.87800e+03 1.05746e-04
8.87900e+03 1.06150e-04
8.88000e+03 1.06549e-04
8.88100e+03 1.06941e-04
8.88200e+03 1.07333e-04
8.88300e+03 1.07723e-04
8.88400e+03 1.08113e-04
8.88500e+03 1.08498e-04
8.88600e+03 1.08883e-04
8.88700e+03 1.09267e-04
8.88800e+03 1.09651e-04
8.88900e+03 1.10034e-04
8.89000e+03 1.10412e-04
8.89100e+03 1.10798e-04
8.89200e+03 1.11183e-04
8.89300e+03 1.11568e-04
8.89400e+03 1.11952e-04
8.89500e+03 1.12332e-04
8.89600e+03 1.12711e-04
8.89700e+03 1.13090e-04
8.89800e+03 1.13467e-04
8.89900e+03 1.13845e-04
8.90000e+03 1.14218e-04
8.90100e+03 1.14587e-04
8.90200e+03 1.14957e-04
8.90300e+03 1.15326e-04
8.90400e+03 1.15693e-04
8.90500e+03 1.16057e-04
8.90600e+03 1.16421e-04
8.90700e+03 1.16784e-04
8.90800e+03 1.17145e-04
8.90900e+03 1.17507e-04
8.91000e+03 1.17865e-04
8.91100e+03 1.18223e-04
8.91200e+03 1.18581e-04
8.91300e+03 1.18939e-04
8.91400e+03 1.19295e-04
8.91500e+03 1.19649e-04
8.91600e+03 1.20002e-04
8.91700e+03 1.20354e-04
8.91800e+03 1.20706e-04
8.91900e+03 1.21057e-04
8.92000e+03 1.21406e-04
8.92100e+03 1.21757e-04
8.92200e+03 1.22106e-04
8.92300e+03 1.22457e-04
8.92400e+03 1.22805e-04
8.92500e+03 1.23152e-04
8.92600e+03 1.23499e-04
8.92700e+03 1.23845e-04
8.92800e+03 1.24190e-04
8.92900e+03 1.24535e-04
8.93000e+03 1.24879e-04
8.93100e+03 1.25211e-04
8.93200e+03 1.25543e-04
8.93300e+03 1.25875e-04
8.93400e+03 1.26206e-04
8.93500e+03 1.26537e-04
8.93600e+03 1.26867e-04
8.93700e+03 1.27196e-04
8.93800e+03 1.27525e-04
8.93900e+03 1.27854e-04
8.94000e+03 1.28183e-04
8.94100e+03 1.28525e-04
8.94200e+03 1.28868e-04
8.94300e+03 1.29209e-04
8.94400e+03 1.29549e-04
8.94500e+03 1.29894e-04
8.94600e+03 1.30237e-04
8.94700e+03 1.30579e-04
8.94800e+03 1.30921e-04
8.94900e+03 1.31262e-04
8.95000e+03 1.31608e-04
8.95100e+03 1.31948e-04
8.95200e+03 1.32289e-04
8.95300e+03 1.32628e-04
8.95400e+03 1.32968e-04
8.95500e+03 1.33313e-04
8.95600e+03 1.33658e-04
8.95700e+03 1.34002e-04
8.95800e+03 1.34346e-04
8.95900e+03 1.34688e-04
8.96000e+03 1.35040e-04
8.96100e+03 1.35381e-04
8.96200e+03 1.35722e-04
8.96300e+03 1.36062e-04
8.96400e+03 1.36402e-04
8.96500e+03 1.36753e-04
8.96600e+03 1.37103e-04
8.96700e+03 1.37452e-04
8.96800e+03 1.37800e-04
8.96900e+03 1.38149e-04
8.97000e+03 1.38511e-04
8.97100e+03 1.38884e-04
8.97200e+03 1.39256e-04
8.97300e+03 1.39627e-04
8.97400e+03 1.39998e-04
8.97500e+03 1.40387e-04
8.97600e+03 1.40776e-04
8.97700e+03 1.41163e-04
8.97800e+03 1.41550e-04
8.97900e+03 1.41937e-04
8.98000e+03 1.42347e-04
8.98100e+03 1.42750e-04
8.98200e+03 1.43154e-04
8.98300e+03 1.43556e-04
8.98400e+03 1.43958e-04
8.98500e+03 1.44388e-04
8.98600e+03 1.44818e-04
8.98700e+03 1.45246e-04
8.98800e+03 1.45675e-04
8.98900e+03 1.46102e-04
8.99000e+03 1.46563e-04
8.99100e+03 1.47038e-04
8.99200e+03 1.47513e-04
8.99300e+03 1.47985e-04
8.99400e+03 1.48458e-04
8.99500e+03 1.48973e-04
8.99600e+03 1.49487e-04
8.99700e+03 1.49999e-04
8.99800e+03 1.50512e-04
8.99900e+03 1.51024e-04
9.00000e+03 1.51587e-04
9.00100e+03 1.52120e-04
9.00200e+03 1.52654e-04
9.00300e+03 1.53186e-04
9.00400e+03 1.53717e-04
9.00500e+03 1.54310e-04
9.00600e+03 1.54900e-04
9.00700e+03 1.55491e-04
9.00800e+03 1.56079e-04
9.00900e+03 1.56667e-04
9.01000e+03 1.57329e-04
9.01100e+03 1.58015e-04
9.01200e+03 1.58699e-04
9.01300e+03 1.59384e-04
9.01400e+03 1.60066e-04
9.01500e+03 1.60838e-04
9.01600e+03 1.61609e-04
9.01700e+03 1.62379e-04
9.01800e+03 1.63146e-04
9.01900e+03 1.63913e-04
9.02000e+03 1.64788e-04
9.02100e+03 1.65651e-04
9.02200e+03 1.66513e-04
9.02300e+03 1.67375e-04
9.02400e+03 1.68233e-04
9.02500e+03 1.69221e-04
9.02600e+03 1.70208e-04
9.02700e+03 1.71192e-04
9.02800e+03 1.72175e-04
9.02900e+03 1.73156e-04
9.03000e+03 1.74292e-04
9.03100e+03 1.75424e-04
9.03200e+03 1.76554e-04
9.03300e+03 1.77682e-04
9.03400e+03 1.78806e-04
9.03500e+03 1.80118e-04
9.03600e+03 1.81427e-04
9.03700e+03 1.82734e-04
9.03800e+03 1.84038e-04
9.03900e+03 1.85340e-04
9.04000e+03 1.86867e-04
9.04100e+03 1.88397e-04
9.04200e+03 1.89926e-04
9.04300e+03 1.91452e-04
9.04400e+03 1.92976e-04
9.04500e+03 1.94769e-04
9.04600e+03 1.96561e-04
9.04700e+03 1.98350e-04
9.04800e+03 2.00137e-04
9.04900e+03 2.01919e-04
9.05000e+03 2.04031e-04
9.05100e+03 2.06134e-04
9.05200e+03 2.08233e-04
9.05300e+03 2.10329e-04
9.05400e+03 2.12421e-04
9.05500e+03 2.14913e-04
9.05600e+03 2.17399e-04
9.05700e+03 2.19883e-04
9.05800e+03 2.22362e-04
9.05900e+03 2.24836e-04
9.06000e+03 2.27795e-04
9.06100e+03 2.30732e-04
9.06200e+03 2.33665e-04
9.06300e+03 2.36591e-04
9.06400e+03 2.39512e-04
9.06500e+03 2.43027e-04
9.06600e+03 2.46535e-04
9.06700e+03 2.50036e-04
9.06800e+03 2.53529e-04
9.06900e+03 2.57016e-04
9.07000e+03 2.61232e-04
9.07100e+03 2.65476e-04
9.07200e+03 2.69716e-04
9.07300e+03 2.73948e-04
9.07400e+03 2.78173e-04
9.07500e+03 2.83294e-04
9.07600e+03 2.88406e-04
9.07700e+03 2.93512e-04
9.07800e+03 2.98609e-04
9.07900e+03 3.03697e-04
9.08000e+03 3.09894e-04
9.08100e+03 3.16047e-04
9.08200e+03 3.22191e-04
9.08300e+03 3.28322e-04
9.08400e+03 3.34441e-04
9.08500e+03 3.41932e-04
9.08600e+03 3.49412e-04
9.08700e+03 3.56877e-04
9.08800e+03 3.64330e-04
9.08900e+03 3.71768e-04
9.09000e+03 3.80917e-04
9.09100e+03 3.90065e-04
9.09200e+03 3.99195e-04
9.09300e+03 4.08310e-04
9.09400e+03 4.17410e-04
9.09500e+03 4.28651e-04
9.09600e+03 4.39873e-04
9.09700e+03 4.51079e-04
9.09800e+03 4.62262e-04
9.09900e+03 4.73426e-04
9.10000e+03 4.87288e-04
9.10100e+03 5.01177e-04
9.10200e+03 5.15043e-04
9.10300e+03 5.28889e-04
9.10400e+03 5.42714e-04
9.10500e+03 5.59951e-04
9.10600e+03 5.77167e-04
9.10700e+03 5.94355e-04
9.10800e+03 6.11519e-04
9.10900e+03 6.28655e-04
9.11000e+03 6.50139e-04
9.11100e+03 6.71526e-04
9.11200e+03 6.92878e-04
9.11300e+03 7.14193e-04
9.11400e+03 7.35471e-04
9.11500e+03 7.62310e-04
9.11600e+03 7.89099e-04
9.11700e+03 8.15843e-04
9.11800e+03 8.42535e-04
9.11900e+03 8.69187e-04
9.12000e+03 9.02990e-04
9.12100e+03 9.36732e-04
9.12200e+03 9.70420e-04
9.12300e+03 1.00404e-03
9.12400e+03 1.03761e-03
9.12500e+03 1.08043e-03
9.12600e+03 1.12318e-03
9.12700e+03 1.16586e-03
9.12800e+03 1.20845e-03
9.12900e+03 1.25098e-03
9.13000e+03 1.30556e-03
9.13100e+03 1.35993e-03
9.13200e+03 1.41419e-03
9.13300e+03 1.46835e-03
9.13400e+03 1.52241e-03
9.13500e+03 1.59224e-03
9.13600e+03 1.66194e-03
9.13700e+03 1.73151e-03
9.13800e+03 1.80094e-03
9.13900e+03 1.87024e-03
9.14000e+03 1.96035e-03
9.14100e+03 2.05049e-03
9.14200e+03 2.14048e-03
9.14300e+03 2.23031e-03
9.14400e+03 2.31999e-03
9.14500e+03 2.43728e-03
9.14600e+03 2.55439e-03
9.14700e+03 2.67126e-03
9.14800e+03 2.78796e-03
9.14900e+03 2.90445e-03
9.15000e+03 3.05778e-03
9.15100e+03 3.21067e-03
9.15200e+03 3.36326e-03
9.15300e+03 3.51558e-03
9.15400e+03 3.66760e-03
9.15500e+03 3.86901e-03
9.15600e+03 4.07003e-03
9.15700e+03 4.27070e-03
9.15800e+03 4.47098e-03
9.15900e+03 4.67085e-03
9.16000e+03 4.93718e-03
9.16100e+03 5.20358e-03
9.16200e+03 5.46954e-03
9.16300e+03 5.73505e-03
9.16400e+03 6.00012e-03
9.16500e+03 6.35487e-03
9.16600e+03 6.70902e-03
9.16700e+03 7.06260e-03
9.16800e+03 7.41559e-03
9.16900e+03 7.76798e-03
9.17000e+03 8.24130e-03
9.17100e+03 8.71239e-03
9.17200e+03 9.18260e-03
9.17300e+03 9.65184e-03
9.17400e+03 1.01201e-02
9.17500e+03 1.07504e-02
9.17600e+03 1.13794e-02
9.17700e+03 1.20071e-02
9.17800e+03 1.26335e-02
9.17900e+03 1.32588e-02
9.18000e+03 1.40987e-02
9.18100e+03 1.49380e-02
9.18200e+03 1.57758e-02
9.18300e+03 1.66119e-02
9.18400e+03 1.74465e-02
9.18500e+03 1.85603e-02
9.18600e+03 1.96721e-02
9.18700e+03 2.07817e-02
9.18800e+03 2.18893e-02
9.18900e+03 2.29948e-02
9.19000e+03 2.44509e-02
9.19100e+03 2.59061e-02
9.19200e+03 2.73587e-02
9.19300e+03 2.88086e-02
9.19400e+03 3.02561e-02
9.19500e+03 3.21208e-02
9.19600e+03 3.39822e-02
9.19700e+03 3.58402e-02
9.19800e+03 3.76949e-02
9.19900e+03 3.95465e-02
9.20000e+03 4.18525e-02
9.20100e+03 4.41539e-02
9.20200e+03 4.64513e-02
9.20300e+03 4.87448e-02
9.20400e+03 5.10340e-02
9.20500e+03 5.37525e-02
9.20600e+03 5.64664e-02
9.20700e+03 5.91748e-02
9.20800e+03 6.18789e-02
9.20900e+03 6.45782e-02
9.21000e+03 6.75887e-02
9.21100e+03 7.05937e-02
9.21200e+03 7.35933e-02
9.21300e+03 7.65879e-02
9.21400e+03 7.95764e-02
9.21500e+03 8.26633e-02
9.21600e+03 8.57442e-02
9.21700e+03 8.88201e-02
9.21800e+03 9.18896e-02
9.21900e+03 9.49537e-02
9.22000e+03 9.78516e-02
9.22100e+03 1.00748e-01
9.22200e+03 1.03640e-01
9.22300e+03 1.06526e-01
9.22400e+03 1.09408e-01
9.22500e+03 1.11888e-01
9.22600e+03 1.14363e-01
9.22700e+03 1.16833e-01
9.22800e+03 1.19299e-01
9.22900e+03 1.21762e-01
9.23000e+03 1.23685e-01
9.23100e+03 1.25599e-01
9.23200e+03 1.27510e-01
9.23300e+03 1.29418e-01
9.23400e+03 1.31321e-01
9.23500e+03 1.32670e-01
9.23600e+03 1.34016e-01
9.23700e+03 1.35360e-01
9.23800e+03 1.36701e-01
9.23900e+03 1.38040e-01
9.24000e+03 1.38898e-01
9.24100e+03 1.39765e-01
9.24200e+03 1.40631e-01
9.24300e+03 1.41496e-01
9.24400e+03 1.42358e-01
9.24500e+03 1.42854e-01
9.24600e+03 1.43350e-01
9.24700e+03 1.43843e-01
9.24800e+03 1.44337e-01
9.24900e+03 1.44828e-01
9.25000e+03 1.45066e-01
9.25100e+03 1.45299e-01
9.25200e+03 1.45530e-01
9.25300e+03 1.45760e-01
9.25400e+03 1.45991e-01
9.25500e+03 1.46059e-01
9.25600e+03 1.46127e-01
9.25700e+03 1.46195e-01
9.25800e+03 1.46262e-01
9.25900e+03 1.46330e-01
9.26000e+03 1.46301e-01
9.26100e+03 1.46273e-01
9.26200e+03 1.46246e-01
9.26300e+03 1.46218e-01
9.26400e+03 1.46190e-01
9.26500e+03 1.46110e-01
9.26600e+03 1.46029e-01
9.26700e+03 1.45948e-01
9.26800e+03 1.45866e-01
9.26900e+03 1.45785e-01
9.27000e+03 1.45676e-01
9.27100e+03 1.45568e-01
9.27200e+03 1.45459e-01
9.27300e+03 1.45350e-01
9.27400e+03 1.45241e-01
9.27500e+03 1.45119e-01
9.27600e+03 1.44998e-01
9.27700e+03 1.44876e-01
9.27800e+03 1.44754e-01
9.27900e+03 1.44632e-01
9.28000e+03 1.44506e-01
9.28100e+03 1.44367e-01
9.28200e+03 1.44227e-01
9.28300e+03 1.44089e-01
9.28400e+03 1.43950e-01
9.28500e+03 1.43809e-01
9.28600e+03 1.43669e-01
9.28700e+03 1.43528e-01
9.28800e+03 1.43387e-01
9.28900e+03 1.43246e-01
9.29000e+03 1.43105e-01
9.29100e+03 1.42976e-01
9.29200e+03 1.42848e-01
9.29300e+03 1.42720e-01
9.29400e+03 1.42591e-01
9.29500e+03 1.42463e-01
9.29600e+03 1.42334e-01
9.29700e+03 1.42206e-01
9.29800e+03 1.42078e-01
9.29900e+03 1.41949e-01
9.30000e+03 1.41820e-01
9.30100e+03 1.41686e-01
9.30200e+03 1.41551e-01
9.30300e+03 1.41417e-01
9.30400e+03 1.41283e-01
9.30500e+03 1.41149e-01
9.30600e+03 1.41015e-01
9.30700e+03 1.40881e-01
9.30800e+03 1.40746e-01
9.30900e+03 1.40611e-01
9.31000e+03 1.40478e-01
9.31100e+03 1.40351e-01
9.31200e+03 1.40226e-01
9.31300e+03 1.40099e-01
9.31400e+03 1.39972e-01
9.31500e+03 1.39846e-01
9.31600e+03 1.39720e-01
9.31700e+03 1.39593e-01
9.31800e+03 1.39467e-01
9.31900e+03 1.39340e-01
9.32000e+03 1.39214e-01
9.32100e+03 1.39075e-01
9.32200e+03 1.38937e-01
9.32300e+03 1.38800e-01
9.32400e+03 1.38662e-01
9.32500e+03 1.38524e-01
9.32600e+03 1.38386e-01
9.32700e+03 1.38248e-01
9.32800e+03 1.38110e-01
9.32900e+03 1.37973e-01
9.33000e+03 1.37834e-01
9.33100e+03 1.37699e-01
9.33200e+03 1.37563e-01
9.33300e+03 1.37429e-01
9.33400e+03 1.37294e-01
9.33500e+03 1.37158e-01
9.33600e+03 1.37021e-01
9.33700e+03 1.36883e-01
9.33800e+03 1.36747e-01
9.33900e+03 1.36611e-01
9.34000e+03 1.36472e-01
9.34100e+03 1.36323e-01
9.34200e+03 1.36176e-01
9.34300e+03 1.36028e-01
9.34400e+03 1.35880e-01
9.34500e+03 1.35723e-01
9.34600e+03 1.35568e-01
9.34700e+03 1.35411e-01
9.34800e+03 1.35254e-01
9.34900e+03 1.35097e-01
9.35000e+03 1.34923e-01
9.35100e+03 1.34769e-01
9.35200e+03 1.34616e-01
9.35300e+03 1.34462e-01
9.35400e+03 1.34309e-01
9.35500e+03 1.34117e-01
9.35600e+03 1.33926e-01
9.35700e+03 1.33735e-01
9.35800e+03 1.33544e-01
9.35900e+03 1.33354e-01
9.36000e+03 1.33094e-01
9.36100e+03 1.32812e-01
9.36200e+03 1.32530e-01
9.36300e+03 1.32249e-01
9.36400e+03 1.31968e-01
9.36500e+03 1.31568e-01
9.36600e+03 1.31169e-01
9.36700e+03 1.30771e-01
9.36800e+03 1.30374e-01
9.36900e+03 1.29976e-01
9.37000e+03 1.29390e-01
9.37100e+03 1.28809e-01
9.37200e+03 1.28230e-01
9.37300e+03 1.27652e-01
9.37400e+03 1.27074e-01
9.37500e+03 1.26217e-01
9.37600e+03 1.25360e-01
9.37700e+03 1.24506e-01
9.37800e+03 1.23652e-01
9.37900e+03 1.22801e-01
9.38000e+03 1.21570e-01
9.38100e+03 1.20341e-01
9.38200e+03 1.19115e-01
9.38300e+03 1.17890e-01
9.38400e+03 1.16669e-01
9.38500e+03 1.14989e-01
9.38600e+03 1.13314e-01
9.38700e+03 1.11643e-01
9.38800e+03 1.09974e-01
9.38900e+03 1.08309e-01
9.39000e+03 1.06171e-01
9.39100e+03 1.04041e-01
9.39200e+03 1.01914e-01
9.39300e+03 9.97923e-02
9.39400e+03 9.76748e-02
9.39500e+03 9.51635e-02
9.39600e+03 9.26573e-02
9.39700e+03 9.01568e-02
9.39800e+03 8.76603e-02
9.39900e+03 8.51692e-02
9.40000e+03 8.24598e-02
9.40100e+03 7.97339e-02
9.40200e+03 7.70146e-02
9.40300e+03 7.43028e-02
9.40400e+03 7.15977e-02
9.40500e+03 6.88980e-02
9.40600e+03 6.62056e-02
9.40700e+03 6.35201e-02
9.40800e+03 6.08413e-02
9.40900e+03 5.81697e-02
9.41000e+03 5.57036e-02
9.41100e+03 5.32460e-02
9.41200e+03 5.07940e-02
9.41300e+03 4.83485e-02
9.41400e+03 4.59098e-02
9.41500e+03 4.38025e-02
9.41600e+03 4.17007e-02
9.41700e+03 3.96046e-02
9.41800e+03 3.75136e-02
9.41900e+03 3.54282e-02
9.42000e+03 3.37179e-02
9.42100e+03 3.20080e-02
9.42200e+03 3.03029e-02
9.42300e+03 2.86026e-02
9.42400e+03 2.69073e-02
9.42500e+03 2.55682e-02
9.42600e+03 2.42332e-02
9.42700e+03 2.29019e-02
9.42800e+03 2.15742e-02
9.42900e+03 2.02508e-02
9.43000e+03 1.92315e-02
9.43100e+03 1.82170e-02
9.43200e+03 1.72052e-02
9.43300e+03 1.61961e-02
9.43400e+03 1.51897e-02
9.43500e+03 1.44274e-02
9.43600e+03 1.36669e-02
9.43700e+03 1.29085e-02
9.43800e+03 1.21523e-02
9.43900e+03 1.13982e-02
9.44000e+03 1.08315e-02
9.44100e+03 1.02668e-02
9.44200e+03 9.70361e-03
9.44300e+03 9.14196e-03
9.44400e+03 8.58177e-03
9.44500e+03 8.16214e-03
9.44600e+03 7.74372e-03
9.44700e+03 7.32632e-03
9.44800e+03 6.91014e-03
9.44900e+03 6.49506e-03
9.45000e+03 6.18392e-03
9.45100e+03 5.87327e-03
9.45200e+03 5.56344e-03
9.45300e+03 5.25455e-03
9.45400e+03 4.94650e-03
9.45500e+03 4.71489e-03
9.45600e+03 4.48391e-03
9.45700e+03 4.25361e-03
9.45800e+03 4.02390e-03
9.45900e+03 3.79495e-03
9.46000e+03 3.62193e-03
9.46100e+03 3.44957e-03
9.46200e+03 3.27767e-03
9.46300e+03 3.10627e-03
9.46400e+03 2.93536e-03
9.46500e+03 2.80550e-03
9.46600e+03 2.67603e-03
9.46700e+03 2.54691e-03
9.46800e+03 2.41815e-03
9.46900e+03 2.28975e-03
9.47000e+03 2.19162e-03
9.47100e+03 2.09377e-03
9.47200e+03 1.99618e-03
9.47300e+03 1.89885e-03
9.47400e+03 1.80182e-03
9.47500e+03 1.72716e-03
9.47600e+03 1.65272e-03
9.47700e+03 1.57848e-03
9.47800e+03 1.50444e-03
9.47900e+03 1.43063e-03
9.48000e+03 1.37346e-03
9.48100e+03 1.31643e-03
9.48200e+03 1.25956e-03
9.48300e+03 1.20286e-03
9.48400e+03 1.14631e-03
9.48500e+03 1.10223e-03
9.48600e+03 1.05827e-03
9.48700e+03 1.01444e-03
9.48800e+03 9.70736e-04
9.48900e+03 9.27151e-04
9.49000e+03 8.92950e-04
9.49100e+03 8.58796e-04
9.49200e+03 8.24748e-04
9.49300e+03 7.90799e-04
9.49400e+03 7.56949e-04
9.49500e+03 7.30205e-04
9.49600e+03 7.03550e-04
9.49700e+03 6.76968e-04
9.49800e+03 6.50464e-04
9.49900e+03 6.24042e-04
9.50000e+03 6.03033e-04
9.50100e+03 5.82129e-04
9.50200e+03 5.61281e-04
9.50300e+03 5.40491e-04
9.50400e+03 5.19765e-04
9.50500e+03 5.03188e-04
9.50600e+03 4.86661e-04
9.50700e+03 4.70174e-04
9.50800e+03 4.53739e-04
9.50900e+03 4.37355e-04
9.51000e+03 4.24166e-04
9.51100e+03 4.11032e-04
9.51200e+03 3.97931e-04
9.51300e+03 3.84868e-04
9.51400e+03 3.71842e-04
9.51500e+03 3.61298e-04
9.51600e+03 3.50785e-04
9.51700e+03 3.40301e-04
9.51800e+03 3.29849e-04
9.51900e+03 3.19423e-04
9.52000e+03 3.10939e-04
9.52100e+03 3.02458e-04
9.52200e+03 2.94005e-04
9.52300e+03 2.85576e-04
9.52400e+03 2.77173e-04
9.52500e+03 2.70292e-04
9.52600e+03 2.63425e-04
9.52700e+03 2.56582e-04
9.52800e+03 2.49757e-04
9.52900e+03 2.42955e-04
9.53000e+03 2.37348e-04
9.53100e+03 2.31765e-04
9.53200e+03 2.26199e-04
9.53300e+03 2.20648e-04
9.53400e+03 2.15117e-04
9.53500e+03 2.10529e-04
9.53600e+03 2.05957e-04
9.53700e+03 2.01397e-04
9.53800e+03 1.96849e-04
9.53900e+03 1.92314e-04
9.54000e+03 1.88536e-04
9.54100e+03 1.84751e-04
9.54200e+03 1.80981e-04
9.54300e+03 1.77221e-04
9.54400e+03 1.73472e-04
9.54500e+03 1.70326e-04
9.54600e+03 1.67189e-04
9.54700e+03 1.64062e-04
9.54800e+03 1.60946e-04
9.54900e+03 1.57836e-04
9.55000e+03 1.55211e-04
9.55100e+03 1.52607e-04
9.55200e+03 1.50010e-04
9.55300e+03 1.47420e-04
9.55400e+03 1.44837e-04
9.55500e+03 1.42644e-04
9.55600e+03 1.40457e-04
9.55700e+03 1.38275e-04
9.55800e+03 1.36101e-04
9.55900e+03 1.33933e-04
9.56000e+03 1.32077e-04
9.56100e+03 1.30222e-04
9.56200e+03 1.28373e-04
9.56300e+03 1.26529e-04
9.56400e+03 1.24690e-04
9.56500e+03 1.23107e-04
9.56600e+03 1.21528e-04
9.56700e+03 1.19952e-04
9.56800e+03 1.18383e-04
9.56900e+03 1.16817e-04
9.57000e+03 1.15460e-04
9.57100e+03 1.14108e-04
9.57200e+03 1.12762e-04
9.57300e+03 1.11418e-04
9.57400e+03 1.10079e-04
9.57500e+03 1.08908e-04
9.57600e+03 1.07743e-04
9.57700e+03 1.06579e-04
9.57800e+03 1.05419e-04
9.57900e+03 1.04262e-04
9.58000e+03 1.03243e-04
9.58100e+03 1.02217e-04
9.58200e+03 1.01195e-04
9.58300e+03 1.00173e-04
9.58400e+03 9.91574e-05
9.58500e+03 9.82542e-05
9.58600e+03 9.73531e-05
9.58700e+03 9.64549e-05
9.58800e+03 9.55603e-05
9.58900e+03 9.46673e-05
9.59000e+03 9.38684e-05
9.59100e+03 9.30850e-05
9.59200e+03 9.23043e-05
9.59300e+03 9.15249e-05
9.59400e+03 9.07477e-05
9.59500e+03 9.00476e-05
9.59600e+03 8.93493e-05
9.59700e+03 8.86533e-05
9.59800e+03 8.79580e-05
9.59900e+03 8.72654e-05
9.60000e+03 8.66361e-05
9.60100e+03 8.60102e-05
9.60200e+03 8.53872e-05
9.60300e+03 8.47662e-05
9.60400e+03 8.41453e-05
9.60500e+03 8.35784e-05
9.60600e+03 8.30107e-05
9.60700e+03 8.24466e-05
9.60800e+03 8.18834e-05
9.60900e+03 8.13211e-05
9.61000e+03 8.08023e-05
9.61100e+03 8.02801e-05
9.61200e+03 7.97587e-05
9.61300e+03 7.92399e-05
9.61400e+03 7.87206e-05
9.61500e+03 7.82387e-05
9.61600e+03 7.77571e-05
9.61700e+03 7.72775e-05
9.61800e+03 7.67982e-05
9.61900e+03 7.63206e-05
9.62000e+03 7.58723e-05
9.62100e+03 7.54235e-05
9.62200e+03 7.49746e-05
9.62300e+03 7.45280e-05
9.62400e+03 7.40817e-05
9.62500e+03 7.36599e-05
9.62600e+03 7.32397e-05
9.62700e+03 7.28201e-05
9.62800e+03 7.24014e-05
9.62900e+03 7.19851e-05
9.63000e+03 7.15869e-05
9.63100e+03 7.11954e-05
9.63200e+03 7.08043e-05
9.63300e+03 7.04149e-05
9.63400e+03 7.00264e-05
9.63500e+03 6.96534e-05
9.63600e+03 6.92824e-05
9.63700e+03 6.89118e-05
9.63800e+03 6.85418e-05
9.63900e+03 6.81733e-05
9.64000e+03 6.78174e-05
9.64100e+03 6.74573e-05
9.64200e+03 6.70989e-05
9.64300e+03 6.67405e-05
9.64400e+03 6.63834e-05
9.64500e+03 6.60376e-05
9.64600e+03 6.56917e-05
9.64700e+03 6.53475e-05
9.64800e+03 6.50044e-05
9.64900e+03 6.46611e-05
9.65000e+03 6.43272e-05
9.65100e+03 6.40001e-05
9.65200e+03 6.36745e-05
9.65300e+03 6.33496e-05
9.65400e+03 6.30250e-05
9.65500e+03 6.27078e-05
9.65600e+03 6.23916e-05
9.65700e+03 6.20750e-05
9.65800e+03 6.17602e-05
9.65900e+03 6.14462e-05
9.66000e+03 6.11368e-05
9.66100e+03 6.08250e-05
9.66200e+03 6.05143e-05
9.66300e+03 6.02043e-05
9.66400e+03 5.98950e-05
9.66500e+03 5.95897e-05
9.66600e+03 5.92858e-05
9.66700e+03 5.89826e-05
9.66800e+03 5.86798e-05
9.66900e+03 5.83783e-05
9.67000e+03 5.80801e-05
9.67100e+03 5.77815e-05
9.67200e+03 5.74847e-05
9.67300e+03 5.71884e-05
9.67400e+03 5.68923e-05
9.67500e+03 5.65995e-05
9.67600e+03 5.63068e-05
9.67700e+03 5.60151e-05
9.67800e+03 5.57241e-05
9.67900e+03 5.54334e-05
9.68000e+03 5.51452e-05
9.68100e+03 5.48594e-05
9.68200e+03 5.45729e-05
9.68300e+03 5.42887e-05
9.68400e+03 5.40045e-05
9.68500e+03 5.37212e-05
9.68600e+03 5.34388e-05
9.68700e+03 5.31577e-05
9.68800e+03 5.28764e-05
9.68900e+03 5.25970e-05
9.69000e+03 5.23171e-05
9.69100e+03 5.20398e-05
9.69200e+03 5.17636e-05
9.69300e+03 5.14877e-05
9.69400e+03 5.12125e-05
9.69500e+03 5.09382e-05
9.69600e+03 5.06636e-05
9.69700e+03 5.03905e-05
9.69800e+03 5.01179e-05
9.69900e+03 4.98458e-05
9.70000e+03 4.95738e-05
9.70100e+03 4.93023e-05
9.70200e+03 4.90312e-05
9.70300e+03 4.87610e-05
9.70400e+03 4.84915e-05
9.70500e+03 4.82221e-05
9.70600e+03 4.79530e-05
9.70700e+03 4.76848e-05
9.70800e+03 4.74167e-05
9.70900e+03 4.71503e-05
9.71000e+03 4.68827e-05
9.71100e+03 4.66139e-05
9.71200e+03 4.63455e-05
9.71300e+03 4.60778e-05
9.71400e+03 4.58110e-05
9.71500e+03 4.55432e-05
9.71600e+03 4.52772e-05
9.71700e+03 4.50108e-05
9.71800e+03 4.47459e-05
9.71900e+03 4.44815e-05
9.72000e+03 4.42167e-05
9.72100e+03 4.39542e-05
9.72200e+03 4.36925e-05
9.72300e+03 4.34310e-05
9.72400e+03 4.31713e-05
9.72500e+03 4.29102e-05
9.72600e+03 4.26499e-05
9.72700e+03 4.23907e-05
9.72800e+03 4.21322e-05
9.72900e+03 4.18740e-05
9.73000e+03 4.16158e-05
9.73100e+03 4.13570e-05
9.73200e+03 4.10997e-05
9.73300e+03 4.08431e-05
9.73400e+03 4.05869e-05
9.73500e+03 4.03304e-05
9.73600e+03 4.00743e-05
9.73700e+03 3.98192e-05
9.73800e+03 3.95647e-05
9.73900e+03 3.93110e-05
9.74000e+03 3.90567e-05
9.74100e+03 3.88032e-05
9.74200e+03 3.85497e-05
9.74300e+03 3.82976e-05
9.74400e+03 3.80460e-05
9.74500e+03 3.77936e-05
9.74600e+03 3.75422e-05
9.74700e+03 3.72915e-05
9.74800e+03 3.70418e-05
9.74900e+03 3.67928e-05
9.75000e+03 3.65432e-05
9.75100e+03 3.62956e-05
9.75200e+03 3.60485e-05
9.75300e+03 3.58022e-05
9.75400e+03 3.55560e-05
9.75500e+03 3.53102e-05
9.75600e+03 3.50654e-05
9.75700e+03 3.48208e-05
9.75800e+03 3.45771e-05
9.75900e+03 3.43341e-05
9.76000e+03 3.40910e-05
9.76100e+03 3.38494e-05
9.76200e+03 3.36078e-05
9.76300e+03 3.33674e-05
9.76400e+03 3.31277e-05
9.76500e+03 3.28878e-05
9.76600e+03 3.26487e-05
9.76700e+03 3.24107e-05
9.76800e+03 3.21733e-05
9.76900e+03 3.19361e-05
9.77000e+03 3.16995e-05
9.77100e+03 3.14604e-05
9.77200e+03 3.12220e-05
9.77300e+03 3.09842e-05
9.77400e+03 3.07477e-05
9.77500e+03 3.05110e-05
9.77600e+03 3.02752e-05
9.77700e+03 3.00401e-05
9.77800e+03 2.98061e-05
9.77900e+03 2.95727e-05
9.78000e+03 2.93401e-05
