# Filter name : HST/ACS_WFC.F475W
# Description : F475W filter for HST ACS_WFC
# Photometric system : ACS-WFC
# FilterType : photon
# Band name : ------
# Observatory : HST
# Instrument : ACS
# Comments : Response calculated using the stsynphot python package by STScI. In particular, function stsynphot.band("acs,wfc1,f475w"). Please, take a look to stsynphot documentation and HST instrument documentation
# 
3.79700e+03 7.86814e-05
3.79800e+03 8.83984e-05
3.79900e+03 9.81664e-05
3.80000e+03 1.07984e-04
3.80100e+03 1.17739e-04
3.80200e+03 1.27525e-04
3.80300e+03 1.37344e-04
3.80400e+03 1.47194e-04
3.80500e+03 1.57077e-04
3.80600e+03 1.66992e-04
3.80700e+03 1.76939e-04
3.80800e+03 1.86919e-04
3.80900e+03 1.96931e-04
3.81000e+03 2.06974e-04
3.81100e+03 2.17089e-04
3.81200e+03 2.27240e-04
3.81300e+03 2.37427e-04
3.81400e+03 2.47650e-04
3.81500e+03 2.57909e-04
3.81600e+03 2.68205e-04
3.81700e+03 2.78537e-04
3.81800e+03 2.88904e-04
3.81900e+03 2.99308e-04
3.82000e+03 3.09749e-04
3.82100e+03 3.20248e-04
3.82200e+03 3.30785e-04
3.82300e+03 3.41359e-04
3.82400e+03 3.51972e-04
3.82500e+03 3.62624e-04
3.82600e+03 3.73312e-04
3.82700e+03 3.84040e-04
3.82800e+03 3.94805e-04
3.82900e+03 4.05610e-04
3.83000e+03 4.16453e-04
3.83100e+03 4.96832e-04
3.83200e+03 5.77546e-04
3.83300e+03 6.58594e-04
3.83400e+03 7.39976e-04
3.83500e+03 8.21698e-04
3.83600e+03 9.03754e-04
3.83700e+03 9.86148e-04
3.83800e+03 1.06888e-03
3.83900e+03 1.15195e-03
3.84000e+03 1.23536e-03
3.84100e+03 1.31903e-03
3.84200e+03 1.40303e-03
3.84300e+03 1.48736e-03
3.84400e+03 1.57202e-03
3.84500e+03 1.65702e-03
3.84600e+03 1.74235e-03
3.84700e+03 1.82801e-03
3.84800e+03 1.91401e-03
3.84900e+03 2.00035e-03
3.85000e+03 2.08702e-03
3.85100e+03 2.25730e-03
3.85200e+03 2.42832e-03
3.85300e+03 2.60007e-03
3.85400e+03 2.77256e-03
3.85500e+03 2.94580e-03
3.85600e+03 3.11978e-03
3.85700e+03 3.29450e-03
3.85800e+03 3.46998e-03
3.85900e+03 3.64619e-03
3.86000e+03 3.82315e-03
3.86100e+03 4.10168e-03
3.86200e+03 4.38130e-03
3.86300e+03 4.66204e-03
3.86400e+03 4.94390e-03
3.86500e+03 5.22688e-03
3.86600e+03 5.51099e-03
3.86700e+03 5.79621e-03
3.86800e+03 6.08256e-03
3.86900e+03 6.37006e-03
3.87000e+03 6.65867e-03
3.87100e+03 7.10080e-03
3.87200e+03 7.54482e-03
3.87300e+03 7.99076e-03
3.87400e+03 8.43859e-03
3.87500e+03 8.88834e-03
3.87600e+03 9.34000e-03
3.87700e+03 9.79358e-03
3.87800e+03 1.02491e-02
3.87900e+03 1.07065e-02
3.88000e+03 1.11659e-02
3.88100e+03 1.18014e-02
3.88200e+03 1.24398e-02
3.88300e+03 1.30810e-02
3.88400e+03 1.37250e-02
3.88500e+03 1.43718e-02
3.88600e+03 1.50214e-02
3.88700e+03 1.56740e-02
3.88800e+03 1.63293e-02
3.88900e+03 1.69875e-02
3.89000e+03 1.76485e-02
3.89100e+03 1.84764e-02
3.89200e+03 1.93076e-02
3.89300e+03 2.01423e-02
3.89400e+03 2.09803e-02
3.89500e+03 2.18218e-02
3.89600e+03 2.26668e-02
3.89700e+03 2.35152e-02
3.89800e+03 2.43671e-02
3.89900e+03 2.52224e-02
3.90000e+03 2.60812e-02
3.90100e+03 2.69787e-02
3.90200e+03 2.78803e-02
3.90300e+03 2.87857e-02
3.90400e+03 2.96951e-02
3.90500e+03 3.06084e-02
3.90600e+03 3.15257e-02
3.90700e+03 3.24469e-02
3.90800e+03 3.33721e-02
3.90900e+03 3.43013e-02
3.91000e+03 3.52344e-02
3.91100e+03 3.62199e-02
3.91200e+03 3.72095e-02
3.91300e+03 3.82029e-02
3.91400e+03 3.92003e-02
3.91500e+03 4.02016e-02
3.91600e+03 4.12069e-02
3.91700e+03 4.22162e-02
3.91800e+03 4.32295e-02
3.91900e+03 4.42469e-02
3.92000e+03 4.52681e-02
3.92100e+03 4.62392e-02
3.92200e+03 4.72142e-02
3.92300e+03 4.81933e-02
3.92400e+03 4.91761e-02
3.92500e+03 5.01630e-02
3.92600e+03 5.11538e-02
3.92700e+03 5.21486e-02
3.92800e+03 5.31474e-02
3.92900e+03 5.41502e-02
3.93000e+03 5.51571e-02
3.93100e+03 5.62155e-02
3.93200e+03 5.72777e-02
3.93300e+03 5.83439e-02
3.93400e+03 5.94139e-02
3.93500e+03 6.04877e-02
3.93600e+03 6.15656e-02
3.93700e+03 6.26470e-02
3.93800e+03 6.37326e-02
3.93900e+03 6.48220e-02
3.94000e+03 6.59153e-02
3.94100e+03 6.69030e-02
3.94200e+03 6.78949e-02
3.94300e+03 6.88901e-02
3.94400e+03 6.98893e-02
3.94500e+03 7.08923e-02
3.94600e+03 7.18991e-02
3.94700e+03 7.29098e-02
3.94800e+03 7.39243e-02
3.94900e+03 7.49427e-02
3.95000e+03 7.59647e-02
3.95100e+03 7.71327e-02
3.95200e+03 7.83048e-02
3.95300e+03 7.94810e-02
3.95400e+03 8.06615e-02
3.95500e+03 8.18459e-02
3.95600e+03 8.30348e-02
3.95700e+03 8.42277e-02
3.95800e+03 8.54247e-02
3.95900e+03 8.66259e-02
3.96000e+03 8.78316e-02
3.96100e+03 8.89839e-02
3.96200e+03 9.01405e-02
3.96300e+03 9.13014e-02
3.96400e+03 9.24661e-02
3.96500e+03 9.36351e-02
3.96600e+03 9.48085e-02
3.96700e+03 9.59856e-02
3.96800e+03 9.71673e-02
3.96900e+03 9.83530e-02
3.97000e+03 9.95428e-02
3.97100e+03 1.00851e-01
3.97200e+03 1.02163e-01
3.97300e+03 1.03480e-01
3.97400e+03 1.04801e-01
3.97500e+03 1.06126e-01
3.97600e+03 1.07456e-01
3.97700e+03 1.08790e-01
3.97800e+03 1.10129e-01
3.97900e+03 1.11472e-01
3.98000e+03 1.12819e-01
3.98100e+03 1.14027e-01
3.98200e+03 1.15238e-01
3.98300e+03 1.16454e-01
3.98400e+03 1.17674e-01
3.98500e+03 1.18897e-01
3.98600e+03 1.20126e-01
3.98700e+03 1.21359e-01
3.98800e+03 1.22595e-01
3.98900e+03 1.23837e-01
3.99000e+03 1.25082e-01
3.99100e+03 1.26272e-01
3.99200e+03 1.27465e-01
3.99300e+03 1.28662e-01
3.99400e+03 1.29862e-01
3.99500e+03 1.31067e-01
3.99600e+03 1.32275e-01
3.99700e+03 1.33487e-01
3.99800e+03 1.34702e-01
3.99900e+03 1.35922e-01
4.00000e+03 1.37144e-01
4.00100e+03 1.38103e-01
4.00200e+03 1.39063e-01
4.00300e+03 1.40026e-01
4.00400e+03 1.40990e-01
4.00500e+03 1.41956e-01
4.00600e+03 1.42923e-01
4.00700e+03 1.43893e-01
4.00800e+03 1.44864e-01
4.00900e+03 1.45838e-01
4.01000e+03 1.46813e-01
4.01100e+03 1.47778e-01
4.01200e+03 1.48745e-01
4.01300e+03 1.49713e-01
4.01400e+03 1.50684e-01
4.01500e+03 1.51656e-01
4.01600e+03 1.52630e-01
4.01700e+03 1.53605e-01
4.01800e+03 1.54582e-01
4.01900e+03 1.55561e-01
4.02000e+03 1.56541e-01
4.02100e+03 1.57475e-01
4.02200e+03 1.58411e-01
4.02300e+03 1.59349e-01
4.02400e+03 1.60289e-01
4.02500e+03 1.61230e-01
4.02600e+03 1.62173e-01
4.02700e+03 1.63118e-01
4.02800e+03 1.64064e-01
4.02900e+03 1.65013e-01
4.03000e+03 1.65963e-01
4.03100e+03 1.67207e-01
4.03200e+03 1.68454e-01
4.03300e+03 1.69703e-01
4.03400e+03 1.70953e-01
4.03500e+03 1.72206e-01
4.03600e+03 1.73461e-01
4.03700e+03 1.74719e-01
4.03800e+03 1.75978e-01
4.03900e+03 1.77240e-01
4.04000e+03 1.78504e-01
4.04100e+03 1.79714e-01
4.04200e+03 1.80926e-01
4.04300e+03 1.82140e-01
4.04400e+03 1.83356e-01
4.04500e+03 1.84574e-01
4.04600e+03 1.85793e-01
4.04700e+03 1.87014e-01
4.04800e+03 1.88238e-01
4.04900e+03 1.89463e-01
4.05000e+03 1.90690e-01
4.05100e+03 1.92150e-01
4.05200e+03 1.93613e-01
4.05300e+03 1.95077e-01
4.05400e+03 1.96544e-01
4.05500e+03 1.98012e-01
4.05600e+03 1.99483e-01
4.05700e+03 2.00956e-01
4.05800e+03 2.02431e-01
4.05900e+03 2.03907e-01
4.06000e+03 2.05385e-01
4.06100e+03 2.06458e-01
4.06200e+03 2.07531e-01
4.06300e+03 2.08607e-01
4.06400e+03 2.09684e-01
4.06500e+03 2.10763e-01
4.06600e+03 2.11843e-01
4.06700e+03 2.12925e-01
4.06800e+03 2.14008e-01
4.06900e+03 2.15094e-01
4.07000e+03 2.16181e-01
4.07100e+03 2.17210e-01
4.07200e+03 2.18241e-01
4.07300e+03 2.19273e-01
4.07400e+03 2.20307e-01
4.07500e+03 2.21343e-01
4.07600e+03 2.22382e-01
4.07700e+03 2.23420e-01
4.07800e+03 2.24461e-01
4.07900e+03 2.25503e-01
4.08000e+03 2.26547e-01
4.08100e+03 2.27012e-01
4.08200e+03 2.27477e-01
4.08300e+03 2.27943e-01
4.08400e+03 2.28410e-01
4.08500e+03 2.28877e-01
4.08600e+03 2.29344e-01
4.08700e+03 2.29812e-01
4.08800e+03 2.30281e-01
4.08900e+03 2.30750e-01
4.09000e+03 2.31220e-01
4.09100e+03 2.31803e-01
4.09200e+03 2.32387e-01
4.09300e+03 2.32971e-01
4.09400e+03 2.33557e-01
4.09500e+03 2.34143e-01
4.09600e+03 2.34729e-01
4.09700e+03 2.35318e-01
4.09800e+03 2.35906e-01
4.09900e+03 2.36494e-01
4.10000e+03 2.37084e-01
4.10100e+03 2.37600e-01
4.10200e+03 2.38117e-01
4.10300e+03 2.38635e-01
4.10400e+03 2.39152e-01
4.10500e+03 2.39671e-01
4.10600e+03 2.40189e-01
4.10700e+03 2.40709e-01
4.10800e+03 2.41229e-01
4.10900e+03 2.41750e-01
4.11000e+03 2.42271e-01
4.11100e+03 2.43007e-01
4.11200e+03 2.43746e-01
4.11300e+03 2.44485e-01
4.11400e+03 2.45225e-01
4.11500e+03 2.45966e-01
4.11600e+03 2.46707e-01
4.11700e+03 2.47450e-01
4.11800e+03 2.48193e-01
4.11900e+03 2.48938e-01
4.12000e+03 2.49683e-01
4.12100e+03 2.50381e-01
4.12200e+03 2.51079e-01
4.12300e+03 2.51778e-01
4.12400e+03 2.52478e-01
4.12500e+03 2.53177e-01
4.12600e+03 2.53878e-01
4.12700e+03 2.54579e-01
4.12800e+03 2.55282e-01
4.12900e+03 2.55985e-01
4.13000e+03 2.56688e-01
4.13100e+03 2.57588e-01
4.13200e+03 2.58490e-01
4.13300e+03 2.59392e-01
4.13400e+03 2.60296e-01
4.13500e+03 2.61200e-01
4.13600e+03 2.62105e-01
4.13700e+03 2.63011e-01
4.13800e+03 2.63918e-01
4.13900e+03 2.64825e-01
4.14000e+03 2.65734e-01
4.14100e+03 2.66195e-01
4.14200e+03 2.66657e-01
4.14300e+03 2.67118e-01
4.14400e+03 2.67580e-01
4.14500e+03 2.68044e-01
4.14600e+03 2.68507e-01
4.14700e+03 2.68971e-01
4.14800e+03 2.69436e-01
4.14900e+03 2.69901e-01
4.15000e+03 2.70366e-01
4.15100e+03 2.70754e-01
4.15200e+03 2.71142e-01
4.15300e+03 2.71530e-01
4.15400e+03 2.71917e-01
4.15500e+03 2.72306e-01
4.15600e+03 2.72695e-01
4.15700e+03 2.73084e-01
4.15800e+03 2.73473e-01
4.15900e+03 2.73862e-01
4.16000e+03 2.74252e-01
4.16100e+03 2.74163e-01
4.16200e+03 2.74074e-01
4.16300e+03 2.73985e-01
4.16400e+03 2.73896e-01
4.16500e+03 2.73806e-01
4.16600e+03 2.73716e-01
4.16700e+03 2.73627e-01
4.16800e+03 2.73537e-01
4.16900e+03 2.73446e-01
4.17000e+03 2.73356e-01
4.17100e+03 2.73518e-01
4.17200e+03 2.73681e-01
4.17300e+03 2.73843e-01
4.17400e+03 2.74006e-01
4.17500e+03 2.74168e-01
4.17600e+03 2.74331e-01
4.17700e+03 2.74494e-01
4.17800e+03 2.74657e-01
4.17900e+03 2.74820e-01
4.18000e+03 2.74983e-01
4.18100e+03 2.74909e-01
4.18200e+03 2.74835e-01
4.18300e+03 2.74761e-01
4.18400e+03 2.74687e-01
4.18500e+03 2.74612e-01
4.18600e+03 2.74537e-01
4.18700e+03 2.74463e-01
4.18800e+03 2.74387e-01
4.18900e+03 2.74312e-01
4.19000e+03 2.74236e-01
4.19100e+03 2.74748e-01
4.19200e+03 2.75261e-01
4.19300e+03 2.75775e-01
4.19400e+03 2.76288e-01
4.19500e+03 2.76801e-01
4.19600e+03 2.77316e-01
4.19700e+03 2.77829e-01
4.19800e+03 2.78344e-01
4.19900e+03 2.78859e-01
4.20000e+03 2.79374e-01
4.20100e+03 2.79708e-01
4.20200e+03 2.80041e-01
4.20300e+03 2.80376e-01
4.20400e+03 2.80709e-01
4.20500e+03 2.81044e-01
4.20600e+03 2.81378e-01
4.20700e+03 2.81714e-01
4.20800e+03 2.82049e-01
4.20900e+03 2.82384e-01
4.21000e+03 2.82719e-01
4.21100e+03 2.83562e-01
4.21200e+03 2.84406e-01
4.21300e+03 2.85251e-01
4.21400e+03 2.86096e-01
4.21500e+03 2.86942e-01
4.21600e+03 2.87788e-01
4.21700e+03 2.88635e-01
4.21800e+03 2.89482e-01
4.21900e+03 2.90330e-01
4.22000e+03 2.91178e-01
4.22100e+03 2.91579e-01
4.22200e+03 2.91980e-01
4.22300e+03 2.92383e-01
4.22400e+03 2.92784e-01
4.22500e+03 2.93187e-01
4.22600e+03 2.93588e-01
4.22700e+03 2.93990e-01
4.22800e+03 2.94393e-01
4.22900e+03 2.94797e-01
4.23000e+03 2.95199e-01
4.23100e+03 2.96010e-01
4.23200e+03 2.96823e-01
4.23300e+03 2.97634e-01
4.23400e+03 2.98447e-01
4.23500e+03 2.99259e-01
4.23600e+03 3.00072e-01
4.23700e+03 3.00885e-01
4.23800e+03 3.01699e-01
4.23900e+03 3.02513e-01
4.24000e+03 3.03327e-01
4.24100e+03 3.03730e-01
4.24200e+03 3.04133e-01
4.24300e+03 3.04538e-01
4.24400e+03 3.04942e-01
4.24500e+03 3.05345e-01
4.24600e+03 3.05749e-01
4.24700e+03 3.06153e-01
4.24800e+03 3.06557e-01
4.24900e+03 3.06962e-01
4.25000e+03 3.07366e-01
4.25100e+03 3.08028e-01
4.25200e+03 3.08690e-01
4.25300e+03 3.09352e-01
4.25400e+03 3.10014e-01
4.25500e+03 3.10677e-01
4.25600e+03 3.11339e-01
4.25700e+03 3.12003e-01
4.25800e+03 3.12666e-01
4.25900e+03 3.13330e-01
4.26000e+03 3.13993e-01
4.26100e+03 3.14158e-01
4.26200e+03 3.14322e-01
4.26300e+03 3.14487e-01
4.26400e+03 3.14650e-01
4.26500e+03 3.14815e-01
4.26600e+03 3.14979e-01
4.26700e+03 3.15144e-01
4.26800e+03 3.15309e-01
4.26900e+03 3.15473e-01
4.27000e+03 3.15638e-01
4.27100e+03 3.16176e-01
4.27200e+03 3.16714e-01
4.27300e+03 3.17253e-01
4.27400e+03 3.17790e-01
4.27500e+03 3.18329e-01
4.27600e+03 3.18867e-01
4.27700e+03 3.19406e-01
4.27800e+03 3.19945e-01
4.27900e+03 3.20485e-01
4.28000e+03 3.21023e-01
4.28100e+03 3.21173e-01
4.28200e+03 3.21323e-01
4.28300e+03 3.21472e-01
4.28400e+03 3.21622e-01
4.28500e+03 3.21771e-01
4.28600e+03 3.21921e-01
4.28700e+03 3.22071e-01
4.28800e+03 3.22220e-01
4.28900e+03 3.22370e-01
4.29000e+03 3.22520e-01
4.29100e+03 3.22941e-01
4.29200e+03 3.23362e-01
4.29300e+03 3.23783e-01
4.29400e+03 3.24204e-01
4.29500e+03 3.24626e-01
4.29600e+03 3.25048e-01
4.29700e+03 3.25469e-01
4.29800e+03 3.25892e-01
4.29900e+03 3.26314e-01
4.30000e+03 3.26736e-01
4.30100e+03 3.26729e-01
4.30200e+03 3.26721e-01
4.30300e+03 3.26713e-01
4.30400e+03 3.26706e-01
4.30500e+03 3.26698e-01
4.30600e+03 3.26691e-01
4.30700e+03 3.26683e-01
4.30800e+03 3.26676e-01
4.30900e+03 3.26669e-01
4.31000e+03 3.26662e-01
4.31100e+03 3.27028e-01
4.31200e+03 3.27395e-01
4.31300e+03 3.27763e-01
4.31400e+03 3.28130e-01
4.31500e+03 3.28498e-01
4.31600e+03 3.28866e-01
4.31700e+03 3.29234e-01
4.31800e+03 3.29602e-01
4.31900e+03 3.29971e-01
4.32000e+03 3.30339e-01
4.32100e+03 3.30372e-01
4.32200e+03 3.30403e-01
4.32300e+03 3.30436e-01
4.32400e+03 3.30469e-01
4.32500e+03 3.30501e-01
4.32600e+03 3.30533e-01
4.32700e+03 3.30565e-01
4.32800e+03 3.30597e-01
4.32900e+03 3.30630e-01
4.33000e+03 3.30662e-01
4.33100e+03 3.30876e-01
4.33200e+03 3.31090e-01
4.33300e+03 3.31304e-01
4.33400e+03 3.31518e-01
4.33500e+03 3.31732e-01
4.33600e+03 3.31946e-01
4.33700e+03 3.32160e-01
4.33800e+03 3.32374e-01
4.33900e+03 3.32588e-01
4.34000e+03 3.32802e-01
4.34100e+03 3.32855e-01
4.34200e+03 3.32909e-01
4.34300e+03 3.32962e-01
4.34400e+03 3.33015e-01
4.34500e+03 3.33069e-01
4.34600e+03 3.33122e-01
4.34700e+03 3.33176e-01
4.34800e+03 3.33229e-01
4.34900e+03 3.33283e-01
4.35000e+03 3.33337e-01
4.35100e+03 3.33587e-01
4.35200e+03 3.33838e-01
4.35300e+03 3.34089e-01
4.35400e+03 3.34340e-01
4.35500e+03 3.34591e-01
4.35600e+03 3.34842e-01
4.35700e+03 3.35093e-01
4.35800e+03 3.35345e-01
4.35900e+03 3.35596e-01
4.36000e+03 3.35846e-01
4.36100e+03 3.36000e-01
4.36200e+03 3.36152e-01
4.36300e+03 3.36305e-01
4.36400e+03 3.36458e-01
4.36500e+03 3.36611e-01
4.36600e+03 3.36764e-01
4.36700e+03 3.36917e-01
4.36800e+03 3.37070e-01
4.36900e+03 3.37223e-01
4.37000e+03 3.37376e-01
4.37100e+03 3.37536e-01
4.37200e+03 3.37694e-01
4.37300e+03 3.37854e-01
4.37400e+03 3.38014e-01
4.37500e+03 3.38174e-01
4.37600e+03 3.38334e-01
4.37700e+03 3.38493e-01
4.37800e+03 3.38653e-01
4.37900e+03 3.38813e-01
4.38000e+03 3.38972e-01
4.38100e+03 3.39053e-01
4.38200e+03 3.39134e-01
4.38300e+03 3.39215e-01
4.38400e+03 3.39296e-01
4.38500e+03 3.39377e-01
4.38600e+03 3.39458e-01
4.38700e+03 3.39539e-01
4.38800e+03 3.39619e-01
4.38900e+03 3.39701e-01
4.39000e+03 3.39781e-01
4.39100e+03 3.39648e-01
4.39200e+03 3.39516e-01
4.39300e+03 3.39383e-01
4.39400e+03 3.39250e-01
4.39500e+03 3.39118e-01
4.39600e+03 3.38986e-01
4.39700e+03 3.38853e-01
4.39800e+03 3.38721e-01
4.39900e+03 3.38588e-01
4.40000e+03 3.38456e-01
4.40100e+03 3.38283e-01
4.40200e+03 3.38109e-01
4.40300e+03 3.37935e-01
4.40400e+03 3.37762e-01
4.40500e+03 3.37588e-01
4.40600e+03 3.37414e-01
4.40700e+03 3.37240e-01
4.40800e+03 3.37067e-01
4.40900e+03 3.36893e-01
4.41000e+03 3.36720e-01
4.41100e+03 3.36783e-01
4.41200e+03 3.36846e-01
4.41300e+03 3.36909e-01
4.41400e+03 3.36973e-01
4.41500e+03 3.37036e-01
4.41600e+03 3.37099e-01
4.41700e+03 3.37162e-01
4.41800e+03 3.37225e-01
4.41900e+03 3.37289e-01
4.42000e+03 3.37352e-01
4.42100e+03 3.37179e-01
4.42200e+03 3.37006e-01
4.42300e+03 3.36832e-01
4.42400e+03 3.36659e-01
4.42500e+03 3.36486e-01
4.42600e+03 3.36312e-01
4.42700e+03 3.36139e-01
4.42800e+03 3.35966e-01
4.42900e+03 3.35792e-01
4.43000e+03 3.35619e-01
4.43100e+03 3.35778e-01
4.43200e+03 3.35938e-01
4.43300e+03 3.36097e-01
4.43400e+03 3.36257e-01
4.43500e+03 3.36416e-01
4.43600e+03 3.36575e-01
4.43700e+03 3.36734e-01
4.43800e+03 3.36894e-01
4.43900e+03 3.37053e-01
4.44000e+03 3.37211e-01
4.44100e+03 3.37318e-01
4.44200e+03 3.37426e-01
4.44300e+03 3.37532e-01
4.44400e+03 3.37638e-01
4.44500e+03 3.37745e-01
4.44600e+03 3.37852e-01
4.44700e+03 3.37958e-01
4.44800e+03 3.38065e-01
4.44900e+03 3.38171e-01
4.45000e+03 3.38278e-01
4.45100e+03 3.38538e-01
4.45200e+03 3.38798e-01
4.45300e+03 3.39058e-01
4.45400e+03 3.39317e-01
4.45500e+03 3.39577e-01
4.45600e+03 3.39837e-01
4.45700e+03 3.40096e-01
4.45800e+03 3.40355e-01
4.45900e+03 3.40615e-01
4.46000e+03 3.40873e-01
4.46100e+03 3.41099e-01
4.46200e+03 3.41322e-01
4.46300e+03 3.41546e-01
4.46400e+03 3.41770e-01
4.46500e+03 3.41994e-01
4.46600e+03 3.42218e-01
4.46700e+03 3.42442e-01
4.46800e+03 3.42665e-01
4.46900e+03 3.42889e-01
4.47000e+03 3.43113e-01
4.47100e+03 3.43383e-01
4.47200e+03 3.43651e-01
4.47300e+03 3.43920e-01
4.47400e+03 3.44189e-01
4.47500e+03 3.44459e-01
4.47600e+03 3.44727e-01
4.47700e+03 3.44996e-01
4.47800e+03 3.45265e-01
4.47900e+03 3.45533e-01
4.48000e+03 3.45802e-01
4.48100e+03 3.46008e-01
4.48200e+03 3.46215e-01
4.48300e+03 3.46421e-01
4.48400e+03 3.46626e-01
4.48500e+03 3.46832e-01
4.48600e+03 3.47038e-01
4.48700e+03 3.47243e-01
4.48800e+03 3.47449e-01
4.48900e+03 3.47654e-01
4.49000e+03 3.47859e-01
4.49100e+03 3.48095e-01
4.49200e+03 3.48332e-01
4.49300e+03 3.48568e-01
4.49400e+03 3.48804e-01
4.49500e+03 3.49039e-01
4.49600e+03 3.49276e-01
4.49700e+03 3.49511e-01
4.49800e+03 3.49747e-01
4.49900e+03 3.49983e-01
4.50000e+03 3.50218e-01
4.50100e+03 3.50262e-01
4.50200e+03 3.50306e-01
4.50300e+03 3.50350e-01
4.50400e+03 3.50393e-01
4.50500e+03 3.50437e-01
4.50600e+03 3.50480e-01
4.50700e+03 3.50523e-01
4.50800e+03 3.50566e-01
4.50900e+03 3.50610e-01
4.51000e+03 3.50653e-01
4.51100e+03 3.50788e-01
4.51200e+03 3.50922e-01
4.51300e+03 3.51057e-01
4.51400e+03 3.51191e-01
4.51500e+03 3.51325e-01
4.51600e+03 3.51460e-01
4.51700e+03 3.51595e-01
4.51800e+03 3.51728e-01
4.51900e+03 3.51862e-01
4.52000e+03 3.51996e-01
4.52100e+03 3.51963e-01
4.52200e+03 3.51931e-01
4.52300e+03 3.51898e-01
4.52400e+03 3.51865e-01
4.52500e+03 3.51833e-01
4.52600e+03 3.51800e-01
4.52700e+03 3.51767e-01
4.52800e+03 3.51735e-01
4.52900e+03 3.51702e-01
4.53000e+03 3.51669e-01
4.53100e+03 3.51593e-01
4.53200e+03 3.51518e-01
4.53300e+03 3.51441e-01
4.53400e+03 3.51365e-01
4.53500e+03 3.51289e-01
4.53600e+03 3.51213e-01
4.53700e+03 3.51137e-01
4.53800e+03 3.51060e-01
4.53900e+03 3.50985e-01
4.54000e+03 3.50909e-01
4.54100e+03 3.50809e-01
4.54200e+03 3.50711e-01
4.54300e+03 3.50613e-01
4.54400e+03 3.50514e-01
4.54500e+03 3.50416e-01
4.54600e+03 3.50316e-01
4.54700e+03 3.50218e-01
4.54800e+03 3.50119e-01
4.54900e+03 3.50021e-01
4.55000e+03 3.49921e-01
4.55100e+03 3.49661e-01
4.55200e+03 3.49400e-01
4.55300e+03 3.49140e-01
4.55400e+03 3.48879e-01
4.55500e+03 3.48618e-01
4.55600e+03 3.48358e-01
4.55700e+03 3.48098e-01
4.55800e+03 3.47837e-01
4.55900e+03 3.47577e-01
4.56000e+03 3.47316e-01
4.56100e+03 3.47195e-01
4.56200e+03 3.47073e-01
4.56300e+03 3.46951e-01
4.56400e+03 3.46830e-01
4.56500e+03 3.46708e-01
4.56600e+03 3.46585e-01
4.56700e+03 3.46464e-01
4.56800e+03 3.46341e-01
4.56900e+03 3.46219e-01
4.57000e+03 3.46097e-01
4.57100e+03 3.45817e-01
4.57200e+03 3.45537e-01
4.57300e+03 3.45256e-01
4.57400e+03 3.44976e-01
4.57500e+03 3.44695e-01
4.57600e+03 3.44415e-01
4.57700e+03 3.44134e-01
4.57800e+03 3.43854e-01
4.57900e+03 3.43574e-01
4.58000e+03 3.43293e-01
4.58100e+03 3.43289e-01
4.58200e+03 3.43284e-01
4.58300e+03 3.43280e-01
4.58400e+03 3.43275e-01
4.58500e+03 3.43271e-01
4.58600e+03 3.43266e-01
4.58700e+03 3.43261e-01
4.58800e+03 3.43256e-01
4.58900e+03 3.43251e-01
4.59000e+03 3.43246e-01
4.59100e+03 3.43164e-01
4.59200e+03 3.43083e-01
4.59300e+03 3.43002e-01
4.59400e+03 3.42919e-01
4.59500e+03 3.42838e-01
4.59600e+03 3.42757e-01
4.59700e+03 3.42675e-01
4.59800e+03 3.42593e-01
4.59900e+03 3.42511e-01
4.60000e+03 3.42429e-01
4.60100e+03 3.42768e-01
4.60200e+03 3.43106e-01
4.60300e+03 3.43444e-01
4.60400e+03 3.43782e-01
4.60500e+03 3.44120e-01
4.60600e+03 3.44458e-01
4.60700e+03 3.44795e-01
4.60800e+03 3.45133e-01
4.60900e+03 3.45470e-01
4.61000e+03 3.45809e-01
4.61100e+03 3.45762e-01
4.61200e+03 3.45714e-01
4.61300e+03 3.45667e-01
4.61400e+03 3.45620e-01
4.61500e+03 3.45573e-01
4.61600e+03 3.45526e-01
4.61700e+03 3.45478e-01
4.61800e+03 3.45432e-01
4.61900e+03 3.45384e-01
4.62000e+03 3.45337e-01
4.62100e+03 3.45740e-01
4.62200e+03 3.46142e-01
4.62300e+03 3.46545e-01
4.62400e+03 3.46948e-01
4.62500e+03 3.47350e-01
4.62600e+03 3.47753e-01
4.62700e+03 3.48155e-01
4.62800e+03 3.48557e-01
4.62900e+03 3.48960e-01
4.63000e+03 3.49362e-01
4.63100e+03 3.49644e-01
4.63200e+03 3.49926e-01
4.63300e+03 3.50207e-01
4.63400e+03 3.50490e-01
4.63500e+03 3.50772e-01
4.63600e+03 3.51052e-01
4.63700e+03 3.51334e-01
4.63800e+03 3.51615e-01
4.63900e+03 3.51896e-01
4.64000e+03 3.52178e-01
4.64100e+03 3.52355e-01
4.64200e+03 3.52531e-01
4.64300e+03 3.52708e-01
4.64400e+03 3.52884e-01
4.64500e+03 3.53062e-01
4.64600e+03 3.53238e-01
4.64700e+03 3.53414e-01
4.64800e+03 3.53591e-01
4.64900e+03 3.53768e-01
4.65000e+03 3.53944e-01
4.65100e+03 3.54086e-01
4.65200e+03 3.54229e-01
4.65300e+03 3.54371e-01
4.65400e+03 3.54513e-01
4.65500e+03 3.54656e-01
4.65600e+03 3.54797e-01
4.65700e+03 3.54939e-01
4.65800e+03 3.55081e-01
4.65900e+03 3.55224e-01
4.66000e+03 3.55365e-01
4.66100e+03 3.55717e-01
4.66200e+03 3.56068e-01
4.66300e+03 3.56420e-01
4.66400e+03 3.56771e-01
4.66500e+03 3.57122e-01
4.66600e+03 3.57474e-01
4.66700e+03 3.57825e-01
4.66800e+03 3.58176e-01
4.66900e+03 3.58527e-01
4.67000e+03 3.58879e-01
4.67100e+03 3.58898e-01
4.67200e+03 3.58918e-01
4.67300e+03 3.58938e-01
4.67400e+03 3.58958e-01
4.67500e+03 3.58978e-01
4.67600e+03 3.58998e-01
4.67700e+03 3.59017e-01
4.67800e+03 3.59038e-01
4.67900e+03 3.59057e-01
4.68000e+03 3.59076e-01
4.68100e+03 3.58900e-01
4.68200e+03 3.58726e-01
4.68300e+03 3.58550e-01
4.68400e+03 3.58374e-01
4.68500e+03 3.58199e-01
4.68600e+03 3.58023e-01
4.68700e+03 3.57847e-01
4.68800e+03 3.57671e-01
4.68900e+03 3.57495e-01
4.69000e+03 3.57320e-01
4.69100e+03 3.57226e-01
4.69200e+03 3.57131e-01
4.69300e+03 3.57037e-01
4.69400e+03 3.56943e-01
4.69500e+03 3.56849e-01
4.69600e+03 3.56754e-01
4.69700e+03 3.56660e-01
4.69800e+03 3.56566e-01
4.69900e+03 3.56472e-01
4.70000e+03 3.56377e-01
4.70100e+03 3.56341e-01
4.70200e+03 3.56303e-01
4.70300e+03 3.56266e-01
4.70400e+03 3.56230e-01
4.70500e+03 3.56193e-01
4.70600e+03 3.56156e-01
4.70700e+03 3.56119e-01
4.70800e+03 3.56082e-01
4.70900e+03 3.56044e-01
4.71000e+03 3.56007e-01
4.71100e+03 3.56195e-01
4.71200e+03 3.56384e-01
4.71300e+03 3.56573e-01
4.71400e+03 3.56762e-01
4.71500e+03 3.56951e-01
4.71600e+03 3.57138e-01
4.71700e+03 3.57327e-01
4.71800e+03 3.57514e-01
4.71900e+03 3.57701e-01
4.72000e+03 3.57889e-01
4.72100e+03 3.57566e-01
4.72200e+03 3.57244e-01
4.72300e+03 3.56921e-01
4.72400e+03 3.56599e-01
4.72500e+03 3.56277e-01
4.72600e+03 3.55953e-01
4.72700e+03 3.55630e-01
4.72800e+03 3.55307e-01
4.72900e+03 3.54984e-01
4.73000e+03 3.54662e-01
4.73100e+03 3.54686e-01
4.73200e+03 3.54711e-01
4.73300e+03 3.54736e-01
4.73400e+03 3.54762e-01
4.73500e+03 3.54786e-01
4.73600e+03 3.54811e-01
4.73700e+03 3.54836e-01
4.73800e+03 3.54861e-01
4.73900e+03 3.54885e-01
4.74000e+03 3.54910e-01
4.74100e+03 3.54792e-01
4.74200e+03 3.54674e-01
4.74300e+03 3.54555e-01
4.74400e+03 3.54438e-01
4.74500e+03 3.54319e-01
4.74600e+03 3.54201e-01
4.74700e+03 3.54083e-01
4.74800e+03 3.53964e-01
4.74900e+03 3.53846e-01
4.75000e+03 3.53728e-01
4.75100e+03 3.54101e-01
4.75200e+03 3.54474e-01
4.75300e+03 3.54846e-01
4.75400e+03 3.55219e-01
4.75500e+03 3.55592e-01
4.75600e+03 3.55965e-01
4.75700e+03 3.56339e-01
4.75800e+03 3.56711e-01
4.75900e+03 3.57084e-01
4.76000e+03 3.57456e-01
4.76100e+03 3.57399e-01
4.76200e+03 3.57342e-01
4.76300e+03 3.57285e-01
4.76400e+03 3.57228e-01
4.76500e+03 3.57170e-01
4.76600e+03 3.57113e-01
4.76700e+03 3.57056e-01
4.76800e+03 3.56998e-01
4.76900e+03 3.56941e-01
4.77000e+03 3.56883e-01
4.77100e+03 3.57292e-01
4.77200e+03 3.57701e-01
4.77300e+03 3.58109e-01
4.77400e+03 3.58518e-01
4.77500e+03 3.58927e-01
4.77600e+03 3.59336e-01
4.77700e+03 3.59745e-01
4.77800e+03 3.60154e-01
4.77900e+03 3.60562e-01
4.78000e+03 3.60971e-01
4.78100e+03 3.60871e-01
4.78200e+03 3.60770e-01
4.78300e+03 3.60670e-01
4.78400e+03 3.60570e-01
4.78500e+03 3.60469e-01
4.78600e+03 3.60369e-01
4.78700e+03 3.60268e-01
4.78800e+03 3.60168e-01
4.78900e+03 3.60068e-01
4.79000e+03 3.59968e-01
4.79100e+03 3.60036e-01
4.79200e+03 3.60105e-01
4.79300e+03 3.60174e-01
4.79400e+03 3.60243e-01
4.79500e+03 3.60311e-01
4.79600e+03 3.60380e-01
4.79700e+03 3.60449e-01
4.79800e+03 3.60517e-01
4.79900e+03 3.60586e-01
4.80000e+03 3.60655e-01
4.80100e+03 3.60622e-01
4.80200e+03 3.60587e-01
4.80300e+03 3.60553e-01
4.80400e+03 3.60520e-01
4.80500e+03 3.60485e-01
4.80600e+03 3.60451e-01
4.80700e+03 3.60418e-01
4.80800e+03 3.60384e-01
4.80900e+03 3.60351e-01
4.81000e+03 3.60317e-01
4.81100e+03 3.60366e-01
4.81200e+03 3.60415e-01
4.81300e+03 3.60465e-01
4.81400e+03 3.60514e-01
4.81500e+03 3.60564e-01
4.81600e+03 3.60613e-01
4.81700e+03 3.60663e-01
4.81800e+03 3.60712e-01
4.81900e+03 3.60762e-01
4.82000e+03 3.60811e-01
4.82100e+03 3.60553e-01
4.82200e+03 3.60295e-01
4.82300e+03 3.60036e-01
4.82400e+03 3.59778e-01
4.82500e+03 3.59519e-01
4.82600e+03 3.59260e-01
4.82700e+03 3.59002e-01
4.82800e+03 3.58743e-01
4.82900e+03 3.58484e-01
4.83000e+03 3.58226e-01
4.83100e+03 3.58216e-01
4.83200e+03 3.58204e-01
4.83300e+03 3.58194e-01
4.83400e+03 3.58182e-01
4.83500e+03 3.58171e-01
4.83600e+03 3.58160e-01
4.83700e+03 3.58149e-01
4.83800e+03 3.58137e-01
4.83900e+03 3.58126e-01
4.84000e+03 3.58116e-01
4.84100e+03 3.57940e-01
4.84200e+03 3.57764e-01
4.84300e+03 3.57589e-01
4.84400e+03 3.57414e-01
4.84500e+03 3.57238e-01
4.84600e+03 3.57063e-01
4.84700e+03 3.56888e-01
4.84800e+03 3.56712e-01
4.84900e+03 3.56537e-01
4.85000e+03 3.56362e-01
4.85100e+03 3.56421e-01
4.85200e+03 3.56480e-01
4.85300e+03 3.56540e-01
4.85400e+03 3.56600e-01
4.85500e+03 3.56658e-01
4.85600e+03 3.56718e-01
4.85700e+03 3.56778e-01
4.85800e+03 3.56837e-01
4.85900e+03 3.56896e-01
4.86000e+03 3.56956e-01
4.86100e+03 3.56760e-01
4.86200e+03 3.56565e-01
4.86300e+03 3.56369e-01
4.86400e+03 3.56174e-01
4.86500e+03 3.55978e-01
4.86600e+03 3.55782e-01
4.86700e+03 3.55586e-01
4.86800e+03 3.55391e-01
4.86900e+03 3.55195e-01
4.87000e+03 3.54999e-01
4.87100e+03 3.54988e-01
4.87200e+03 3.54978e-01
4.87300e+03 3.54968e-01
4.87400e+03 3.54957e-01
4.87500e+03 3.54948e-01
4.87600e+03 3.54937e-01
4.87700e+03 3.54927e-01
4.87800e+03 3.54916e-01
4.87900e+03 3.54906e-01
4.88000e+03 3.54896e-01
4.88100e+03 3.54900e-01
4.88200e+03 3.54903e-01
4.88300e+03 3.54908e-01
4.88400e+03 3.54912e-01
4.88500e+03 3.54915e-01
4.88600e+03 3.54919e-01
4.88700e+03 3.54923e-01
4.88800e+03 3.54927e-01
4.88900e+03 3.54930e-01
4.89000e+03 3.54935e-01
4.89100e+03 3.55135e-01
4.89200e+03 3.55336e-01
4.89300e+03 3.55537e-01
4.89400e+03 3.55737e-01
4.89500e+03 3.55939e-01
4.89600e+03 3.56140e-01
4.89700e+03 3.56340e-01
4.89800e+03 3.56542e-01
4.89900e+03 3.56743e-01
4.90000e+03 3.56944e-01
4.90100e+03 3.57102e-01
4.90200e+03 3.57260e-01
4.90300e+03 3.57418e-01
4.90400e+03 3.57576e-01
4.90500e+03 3.57734e-01
4.90600e+03 3.57893e-01
4.90700e+03 3.58051e-01
4.90800e+03 3.58208e-01
4.90900e+03 3.58367e-01
4.91000e+03 3.58525e-01
4.91100e+03 3.58915e-01
4.91200e+03 3.59305e-01
4.91300e+03 3.59696e-01
4.91400e+03 3.60086e-01
4.91500e+03 3.60477e-01
4.91600e+03 3.60867e-01
4.91700e+03 3.61259e-01
4.91800e+03 3.61649e-01
4.91900e+03 3.62039e-01
4.92000e+03 3.62431e-01
4.92100e+03 3.62400e-01
4.92200e+03 3.62369e-01
4.92300e+03 3.62339e-01
4.92400e+03 3.62308e-01
4.92500e+03 3.62278e-01
4.92600e+03 3.62247e-01
4.92700e+03 3.62216e-01
4.92800e+03 3.62185e-01
4.92900e+03 3.62155e-01
4.93000e+03 3.62124e-01
4.93100e+03 3.62122e-01
4.93200e+03 3.62119e-01
4.93300e+03 3.62116e-01
4.93400e+03 3.62113e-01
4.93500e+03 3.62111e-01
4.93600e+03 3.62108e-01
4.93700e+03 3.62105e-01
4.93800e+03 3.62102e-01
4.93900e+03 3.62100e-01
4.94000e+03 3.62096e-01
4.94100e+03 3.62310e-01
4.94200e+03 3.62524e-01
4.94300e+03 3.62738e-01
4.94400e+03 3.62952e-01
4.94500e+03 3.63165e-01
4.94600e+03 3.63381e-01
4.94700e+03 3.63594e-01
4.94800e+03 3.63808e-01
4.94900e+03 3.64022e-01
4.95000e+03 3.64236e-01
4.95100e+03 3.64258e-01
4.95200e+03 3.64280e-01
4.95300e+03 3.64301e-01
4.95400e+03 3.64322e-01
4.95500e+03 3.64344e-01
4.95600e+03 3.64365e-01
4.95700e+03 3.64387e-01
4.95800e+03 3.64408e-01
4.95900e+03 3.64430e-01
4.96000e+03 3.64451e-01
4.96100e+03 3.64460e-01
4.96200e+03 3.64467e-01
4.96300e+03 3.64476e-01
4.96400e+03 3.64484e-01
4.96500e+03 3.64492e-01
4.96600e+03 3.64501e-01
4.96700e+03 3.64509e-01
4.96800e+03 3.64517e-01
4.96900e+03 3.64525e-01
4.97000e+03 3.64533e-01
4.97100e+03 3.64532e-01
4.97200e+03 3.64530e-01
4.97300e+03 3.64529e-01
4.97400e+03 3.64527e-01
4.97500e+03 3.64525e-01
4.97600e+03 3.64523e-01
4.97700e+03 3.64523e-01
4.97800e+03 3.64521e-01
4.97900e+03 3.64519e-01
4.98000e+03 3.64517e-01
4.98100e+03 3.64531e-01
4.98200e+03 3.64545e-01
4.98300e+03 3.64559e-01
4.98400e+03 3.64573e-01
4.98500e+03 3.64587e-01
4.98600e+03 3.64601e-01
4.98700e+03 3.64615e-01
4.98800e+03 3.64629e-01
4.98900e+03 3.64644e-01
4.99000e+03 3.64657e-01
4.99100e+03 3.64792e-01
4.99200e+03 3.64929e-01
4.99300e+03 3.65065e-01
4.99400e+03 3.65201e-01
4.99500e+03 3.65337e-01
4.99600e+03 3.65473e-01
4.99700e+03 3.65609e-01
4.99800e+03 3.65745e-01
4.99900e+03 3.65880e-01
5.00000e+03 3.66017e-01
5.00100e+03 3.65721e-01
5.00200e+03 3.65424e-01
5.00300e+03 3.65128e-01
5.00400e+03 3.64830e-01
5.00500e+03 3.64533e-01
5.00600e+03 3.64236e-01
5.00700e+03 3.63939e-01
5.00800e+03 3.63643e-01
5.00900e+03 3.63346e-01
5.01000e+03 3.63048e-01
5.01100e+03 3.63051e-01
5.01200e+03 3.63052e-01
5.01300e+03 3.63055e-01
5.01400e+03 3.63057e-01
5.01500e+03 3.63060e-01
5.01600e+03 3.63063e-01
5.01700e+03 3.63064e-01
5.01800e+03 3.63066e-01
5.01900e+03 3.63069e-01
5.02000e+03 3.63071e-01
5.02100e+03 3.62860e-01
5.02200e+03 3.62650e-01
5.02300e+03 3.62441e-01
5.02400e+03 3.62230e-01
5.02500e+03 3.62020e-01
5.02600e+03 3.61809e-01
5.02700e+03 3.61599e-01
5.02800e+03 3.61388e-01
5.02900e+03 3.61177e-01
5.03000e+03 3.60967e-01
5.03100e+03 3.60845e-01
5.03200e+03 3.60724e-01
5.03300e+03 3.60603e-01
5.03400e+03 3.60481e-01
5.03500e+03 3.60360e-01
5.03600e+03 3.60238e-01
5.03700e+03 3.60115e-01
5.03800e+03 3.59995e-01
5.03900e+03 3.59872e-01
5.04000e+03 3.59750e-01
5.04100e+03 3.59319e-01
5.04200e+03 3.58887e-01
5.04300e+03 3.58455e-01
5.04400e+03 3.58023e-01
5.04500e+03 3.57591e-01
5.04600e+03 3.57158e-01
5.04700e+03 3.56726e-01
5.04800e+03 3.56293e-01
5.04900e+03 3.55860e-01
5.05000e+03 3.55427e-01
5.05100e+03 3.55586e-01
5.05200e+03 3.55743e-01
5.05300e+03 3.55902e-01
5.05400e+03 3.56060e-01
5.05500e+03 3.56218e-01
5.05600e+03 3.56375e-01
5.05700e+03 3.56534e-01
5.05800e+03 3.56692e-01
5.05900e+03 3.56850e-01
5.06000e+03 3.57009e-01
5.06100e+03 3.56894e-01
5.06200e+03 3.56779e-01
5.06300e+03 3.56665e-01
5.06400e+03 3.56550e-01
5.06500e+03 3.56435e-01
5.06600e+03 3.56319e-01
5.06700e+03 3.56205e-01
5.06800e+03 3.56089e-01
5.06900e+03 3.55973e-01
5.07000e+03 3.55858e-01
5.07100e+03 3.56126e-01
5.07200e+03 3.56393e-01
5.07300e+03 3.56660e-01
5.07400e+03 3.56927e-01
5.07500e+03 3.57195e-01
5.07600e+03 3.57462e-01
5.07700e+03 3.57729e-01
5.07800e+03 3.57998e-01
5.07900e+03 3.58265e-01
5.08000e+03 3.58532e-01
5.08100e+03 3.58358e-01
5.08200e+03 3.58185e-01
5.08300e+03 3.58011e-01
5.08400e+03 3.57837e-01
5.08500e+03 3.57664e-01
5.08600e+03 3.57490e-01
5.08700e+03 3.57315e-01
5.08800e+03 3.57141e-01
5.08900e+03 3.56968e-01
5.09000e+03 3.56794e-01
5.09100e+03 3.56887e-01
5.09200e+03 3.56980e-01
5.09300e+03 3.57074e-01
5.09400e+03 3.57167e-01
5.09500e+03 3.57260e-01
5.09600e+03 3.57354e-01
5.09700e+03 3.57448e-01
5.09800e+03 3.57541e-01
5.09900e+03 3.57635e-01
5.10000e+03 3.57727e-01
5.10100e+03 3.57976e-01
5.10200e+03 3.58225e-01
5.10300e+03 3.58474e-01
5.10400e+03 3.58723e-01
5.10500e+03 3.58972e-01
5.10600e+03 3.59221e-01
5.10700e+03 3.59470e-01
5.10800e+03 3.59719e-01
5.10900e+03 3.59968e-01
5.11000e+03 3.60217e-01
5.11100e+03 3.60340e-01
5.11200e+03 3.60463e-01
5.11300e+03 3.60586e-01
5.11400e+03 3.60709e-01
5.11500e+03 3.60832e-01
5.11600e+03 3.60955e-01
5.11700e+03 3.61078e-01
5.11800e+03 3.61201e-01
5.11900e+03 3.61324e-01
5.12000e+03 3.61446e-01
5.12100e+03 3.61393e-01
5.12200e+03 3.61339e-01
5.12300e+03 3.61285e-01
5.12400e+03 3.61230e-01
5.12500e+03 3.61176e-01
5.12600e+03 3.61122e-01
5.12700e+03 3.61067e-01
5.12800e+03 3.61013e-01
5.12900e+03 3.60958e-01
5.13000e+03 3.60904e-01
5.13100e+03 3.61079e-01
5.13200e+03 3.61255e-01
5.13300e+03 3.61431e-01
5.13400e+03 3.61607e-01
5.13500e+03 3.61783e-01
5.13600e+03 3.61959e-01
5.13700e+03 3.62134e-01
5.13800e+03 3.62311e-01
5.13900e+03 3.62487e-01
5.14000e+03 3.62663e-01
5.14100e+03 3.62462e-01
5.14200e+03 3.62261e-01
5.14300e+03 3.62061e-01
5.14400e+03 3.61860e-01
5.14500e+03 3.61659e-01
5.14600e+03 3.61459e-01
5.14700e+03 3.61257e-01
5.14800e+03 3.61055e-01
5.14900e+03 3.60854e-01
5.15000e+03 3.60653e-01
5.15100e+03 3.60662e-01
5.15200e+03 3.60670e-01
5.15300e+03 3.60679e-01
5.15400e+03 3.60688e-01
5.15500e+03 3.60697e-01
5.15600e+03 3.60705e-01
5.15700e+03 3.60714e-01
5.15800e+03 3.60722e-01
5.15900e+03 3.60730e-01
5.16000e+03 3.60738e-01
5.16100e+03 3.60587e-01
5.16200e+03 3.60435e-01
5.16300e+03 3.60283e-01
5.16400e+03 3.60131e-01
5.16500e+03 3.59979e-01
5.16600e+03 3.59827e-01
5.16700e+03 3.59675e-01
5.16800e+03 3.59523e-01
5.16900e+03 3.59371e-01
5.17000e+03 3.59218e-01
5.17100e+03 3.58962e-01
5.17200e+03 3.58705e-01
5.17300e+03 3.58448e-01
5.17400e+03 3.58190e-01
5.17500e+03 3.57933e-01
5.17600e+03 3.57675e-01
5.17700e+03 3.57418e-01
5.17800e+03 3.57160e-01
5.17900e+03 3.56901e-01
5.18000e+03 3.56643e-01
5.18100e+03 3.56322e-01
5.18200e+03 3.56002e-01
5.18300e+03 3.55681e-01
5.18400e+03 3.55361e-01
5.18500e+03 3.55039e-01
5.18600e+03 3.54718e-01
5.18700e+03 3.54396e-01
5.18800e+03 3.54075e-01
5.18900e+03 3.53754e-01
5.19000e+03 3.53432e-01
5.19100e+03 3.53251e-01
5.19200e+03 3.53070e-01
5.19300e+03 3.52888e-01
5.19400e+03 3.52707e-01
5.19500e+03 3.52526e-01
5.19600e+03 3.52346e-01
5.19700e+03 3.52164e-01
5.19800e+03 3.51983e-01
5.19900e+03 3.51802e-01
5.20000e+03 3.51621e-01
5.20100e+03 3.51498e-01
5.20200e+03 3.51374e-01
5.20300e+03 3.51250e-01
5.20400e+03 3.51126e-01
5.20500e+03 3.51002e-01
5.20600e+03 3.50878e-01
5.20700e+03 3.50753e-01
5.20800e+03 3.50629e-01
5.20900e+03 3.50505e-01
5.21000e+03 3.50381e-01
5.21100e+03 3.50377e-01
5.21200e+03 3.50372e-01
5.21300e+03 3.50368e-01
5.21400e+03 3.50364e-01
5.21500e+03 3.50360e-01
5.21600e+03 3.50356e-01
5.21700e+03 3.50351e-01
5.21800e+03 3.50347e-01
5.21900e+03 3.50343e-01
5.22000e+03 3.50339e-01
5.22100e+03 3.50071e-01
5.22200e+03 3.49803e-01
5.22300e+03 3.49535e-01
5.22400e+03 3.49267e-01
5.22500e+03 3.48999e-01
5.22600e+03 3.48731e-01
5.22700e+03 3.48463e-01
5.22800e+03 3.48195e-01
5.22900e+03 3.47927e-01
5.23000e+03 3.47658e-01
5.23100e+03 3.47875e-01
5.23200e+03 3.48092e-01
5.23300e+03 3.48309e-01
5.23400e+03 3.48526e-01
5.23500e+03 3.48743e-01
5.23600e+03 3.48960e-01
5.23700e+03 3.49177e-01
5.23800e+03 3.49394e-01
5.23900e+03 3.49611e-01
5.24000e+03 3.49829e-01
5.24100e+03 3.49655e-01
5.24200e+03 3.49481e-01
5.24300e+03 3.49308e-01
5.24400e+03 3.49134e-01
5.24500e+03 3.48960e-01
5.24600e+03 3.48786e-01
5.24700e+03 3.48612e-01
5.24800e+03 3.48438e-01
5.24900e+03 3.48264e-01
5.25000e+03 3.48089e-01
5.25100e+03 3.48392e-01
5.25200e+03 3.48695e-01
5.25300e+03 3.48998e-01
5.25400e+03 3.49301e-01
5.25500e+03 3.49605e-01
5.25600e+03 3.49907e-01
5.25700e+03 3.50211e-01
5.25800e+03 3.50514e-01
5.25900e+03 3.50818e-01
5.26000e+03 3.51121e-01
5.26100e+03 3.50717e-01
5.26200e+03 3.50313e-01
5.26300e+03 3.49908e-01
5.26400e+03 3.49503e-01
5.26500e+03 3.49099e-01
5.26600e+03 3.48694e-01
5.26700e+03 3.48288e-01
5.26800e+03 3.47882e-01
5.26900e+03 3.47477e-01
5.27000e+03 3.47071e-01
5.27100e+03 3.46978e-01
5.27200e+03 3.46885e-01
5.27300e+03 3.46791e-01
5.27400e+03 3.46697e-01
5.27500e+03 3.46603e-01
5.27600e+03 3.46510e-01
5.27700e+03 3.46416e-01
5.27800e+03 3.46322e-01
5.27900e+03 3.46228e-01
5.28000e+03 3.46134e-01
5.28100e+03 3.45897e-01
5.28200e+03 3.45660e-01
5.28300e+03 3.45423e-01
5.28400e+03 3.45186e-01
5.28500e+03 3.44949e-01
5.28600e+03 3.44712e-01
5.28700e+03 3.44474e-01
5.28800e+03 3.44237e-01
5.28900e+03 3.44000e-01
5.29000e+03 3.43762e-01
5.29100e+03 3.43497e-01
5.29200e+03 3.43231e-01
5.29300e+03 3.42965e-01
5.29400e+03 3.42699e-01
5.29500e+03 3.42432e-01
5.29600e+03 3.42166e-01
5.29700e+03 3.41899e-01
5.29800e+03 3.41632e-01
5.29900e+03 3.41365e-01
5.30000e+03 3.41097e-01
5.30100e+03 3.40626e-01
5.30200e+03 3.40154e-01
5.30300e+03 3.39681e-01
5.30400e+03 3.39209e-01
5.30500e+03 3.38737e-01
5.30600e+03 3.38264e-01
5.30700e+03 3.37792e-01
5.30800e+03 3.37318e-01
5.30900e+03 3.36845e-01
5.31000e+03 3.36372e-01
5.31100e+03 3.35816e-01
5.31200e+03 3.35259e-01
5.31300e+03 3.34701e-01
5.31400e+03 3.34144e-01
5.31500e+03 3.33586e-01
5.31600e+03 3.33028e-01
5.31700e+03 3.32469e-01
5.31800e+03 3.31911e-01
5.31900e+03 3.31351e-01
5.32000e+03 3.30793e-01
5.32100e+03 3.30064e-01
5.32200e+03 3.29337e-01
5.32300e+03 3.28609e-01
5.32400e+03 3.27881e-01
5.32500e+03 3.27153e-01
5.32600e+03 3.26424e-01
5.32700e+03 3.25696e-01
5.32800e+03 3.24968e-01
5.32900e+03 3.24239e-01
5.33000e+03 3.23510e-01
5.33100e+03 3.23133e-01
5.33200e+03 3.22756e-01
5.33300e+03 3.22378e-01
5.33400e+03 3.22000e-01
5.33500e+03 3.21622e-01
5.33600e+03 3.21243e-01
5.33700e+03 3.20866e-01
5.33800e+03 3.20488e-01
5.33900e+03 3.20109e-01
5.34000e+03 3.19730e-01
5.34100e+03 3.19323e-01
5.34200e+03 3.18916e-01
5.34300e+03 3.18508e-01
5.34400e+03 3.18100e-01
5.34500e+03 3.17692e-01
5.34600e+03 3.17284e-01
5.34700e+03 3.16876e-01
5.34800e+03 3.16466e-01
5.34900e+03 3.16058e-01
5.35000e+03 3.15648e-01
5.35100e+03 3.15641e-01
5.35200e+03 3.15635e-01
5.35300e+03 3.15627e-01
5.35400e+03 3.15620e-01
5.35500e+03 3.15612e-01
5.35600e+03 3.15606e-01
5.35700e+03 3.15598e-01
5.35800e+03 3.15591e-01
5.35900e+03 3.15583e-01
5.36000e+03 3.15575e-01
5.36100e+03 3.15378e-01
5.36200e+03 3.15181e-01
5.36300e+03 3.14983e-01
5.36400e+03 3.14785e-01
5.36500e+03 3.14588e-01
5.36600e+03 3.14389e-01
5.36700e+03 3.14192e-01
5.36800e+03 3.13994e-01
5.36900e+03 3.13795e-01
5.37000e+03 3.13596e-01
5.37100e+03 3.14140e-01
5.37200e+03 3.14685e-01
5.37300e+03 3.15230e-01
5.37400e+03 3.15774e-01
5.37500e+03 3.16319e-01
5.37600e+03 3.16864e-01
5.37700e+03 3.17409e-01
5.37800e+03 3.17953e-01
5.37900e+03 3.18498e-01
5.38000e+03 3.19043e-01
5.38100e+03 3.19602e-01
5.38200e+03 3.20163e-01
5.38300e+03 3.20722e-01
5.38400e+03 3.21282e-01
5.38500e+03 3.21843e-01
5.38600e+03 3.22403e-01
5.38700e+03 3.22963e-01
5.38800e+03 3.23525e-01
5.38900e+03 3.24085e-01
5.39000e+03 3.24646e-01
5.39100e+03 3.25701e-01
5.39200e+03 3.26756e-01
5.39300e+03 3.27811e-01
5.39400e+03 3.28866e-01
5.39500e+03 3.29922e-01
5.39600e+03 3.30978e-01
5.39700e+03 3.32033e-01
5.39800e+03 3.33089e-01
5.39900e+03 3.34145e-01
5.40000e+03 3.35202e-01
5.40100e+03 3.35648e-01
5.40200e+03 3.36095e-01
5.40300e+03 3.36542e-01
5.40400e+03 3.36989e-01
5.40500e+03 3.37435e-01
5.40600e+03 3.37883e-01
5.40700e+03 3.38330e-01
5.40800e+03 3.38776e-01
5.40900e+03 3.39224e-01
5.41000e+03 3.39672e-01
5.41100e+03 3.40069e-01
5.41200e+03 3.40466e-01
5.41300e+03 3.40864e-01
5.41400e+03 3.41261e-01
5.41500e+03 3.41659e-01
5.41600e+03 3.42057e-01
5.41700e+03 3.42454e-01
5.41800e+03 3.42853e-01
5.41900e+03 3.43249e-01
5.42000e+03 3.43647e-01
5.42100e+03 3.43127e-01
5.42200e+03 3.42609e-01
5.42300e+03 3.42089e-01
5.42400e+03 3.41569e-01
5.42500e+03 3.41048e-01
5.42600e+03 3.40528e-01
5.42700e+03 3.40008e-01
5.42800e+03 3.39487e-01
5.42900e+03 3.38966e-01
5.43000e+03 3.38445e-01
5.43100e+03 3.37815e-01
5.43200e+03 3.37185e-01
5.43300e+03 3.36554e-01
5.43400e+03 3.35923e-01
5.43500e+03 3.35292e-01
5.43600e+03 3.34660e-01
5.43700e+03 3.34029e-01
5.43800e+03 3.33397e-01
5.43900e+03 3.32765e-01
5.44000e+03 3.32132e-01
5.44100e+03 3.30157e-01
5.44200e+03 3.28180e-01
5.44300e+03 3.26204e-01
5.44400e+03 3.24226e-01
5.44500e+03 3.22249e-01
5.44600e+03 3.20271e-01
5.44700e+03 3.18293e-01
5.44800e+03 3.16313e-01
5.44900e+03 3.14333e-01
5.45000e+03 3.12353e-01
5.45100e+03 3.09572e-01
5.45200e+03 3.06789e-01
5.45300e+03 3.04006e-01
5.45400e+03 3.01221e-01
5.45500e+03 2.98436e-01
5.45600e+03 2.95649e-01
5.45700e+03 2.92863e-01
5.45800e+03 2.90075e-01
5.45900e+03 2.87286e-01
5.46000e+03 2.84496e-01
5.46100e+03 2.79886e-01
5.46200e+03 2.75276e-01
5.46300e+03 2.70665e-01
5.46400e+03 2.66053e-01
5.46500e+03 2.61439e-01
5.46600e+03 2.56825e-01
5.46700e+03 2.52211e-01
5.46800e+03 2.47595e-01
5.46900e+03 2.42978e-01
5.47000e+03 2.38361e-01
5.47100e+03 2.32989e-01
5.47200e+03 2.27614e-01
5.47300e+03 2.22239e-01
5.47400e+03 2.16860e-01
5.47500e+03 2.11481e-01
5.47600e+03 2.06099e-01
5.47700e+03 2.00715e-01
5.47800e+03 1.95330e-01
5.47900e+03 1.89943e-01
5.48000e+03 1.84554e-01
5.48100e+03 1.78713e-01
5.48200e+03 1.72872e-01
5.48300e+03 1.67031e-01
5.48400e+03 1.61189e-01
5.48500e+03 1.55345e-01
5.48600e+03 1.49502e-01
5.48700e+03 1.43657e-01
5.48800e+03 1.37812e-01
5.48900e+03 1.31966e-01
5.49000e+03 1.26119e-01
5.49100e+03 1.21391e-01
5.49200e+03 1.16662e-01
5.49300e+03 1.11933e-01
5.49400e+03 1.07203e-01
5.49500e+03 1.02473e-01
5.49600e+03 9.77417e-02
5.49700e+03 9.30102e-02
5.49800e+03 8.82783e-02
5.49900e+03 8.35458e-02
5.50000e+03 7.88129e-02
5.50100e+03 7.55543e-02
5.50200e+03 7.22943e-02
5.50300e+03 6.90333e-02
5.50400e+03 6.57708e-02
5.50500e+03 6.25072e-02
5.50600e+03 5.92422e-02
5.50700e+03 5.59761e-02
5.50800e+03 5.27086e-02
5.50900e+03 4.94399e-02
5.51000e+03 4.61700e-02
5.51100e+03 4.41902e-02
5.51200e+03 4.22102e-02
5.51300e+03 4.02303e-02
5.51400e+03 3.82502e-02
5.51500e+03 3.62701e-02
5.51600e+03 3.42899e-02
5.51700e+03 3.23097e-02
5.51800e+03 3.03295e-02
5.51900e+03 2.83490e-02
5.52000e+03 2.63686e-02
5.52100e+03 2.52660e-02
5.52200e+03 2.41632e-02
5.52300e+03 2.30603e-02
5.52400e+03 2.19571e-02
5.52500e+03 2.08538e-02
5.52600e+03 1.97502e-02
5.52700e+03 1.86465e-02
5.52800e+03 1.75425e-02
5.52900e+03 1.64383e-02
5.53000e+03 1.53340e-02
5.53100e+03 1.47175e-02
5.53200e+03 1.41009e-02
5.53300e+03 1.34842e-02
5.53400e+03 1.28674e-02
5.53500e+03 1.22505e-02
5.53600e+03 1.16335e-02
5.53700e+03 1.10164e-02
5.53800e+03 1.03992e-02
5.53900e+03 9.78186e-03
5.54000e+03 9.16446e-03
5.54100e+03 8.81013e-03
5.54200e+03 8.45579e-03
5.54300e+03 8.10143e-03
5.54400e+03 7.74706e-03
5.54500e+03 7.39268e-03
5.54600e+03 7.03827e-03
5.54700e+03 6.68387e-03
5.54800e+03 6.32945e-03
5.54900e+03 5.97501e-03
5.55000e+03 5.62058e-03
5.55100e+03 5.42732e-03
5.55200e+03 5.23399e-03
5.55300e+03 5.04061e-03
5.55400e+03 4.84715e-03
5.55500e+03 4.65364e-03
5.55600e+03 4.46008e-03
5.55700e+03 4.26645e-03
5.55800e+03 4.07274e-03
5.55900e+03 3.87899e-03
5.56000e+03 3.68516e-03
5.56100e+03 3.56582e-03
5.56200e+03 3.44646e-03
5.56300e+03 3.32709e-03
5.56400e+03 3.20770e-03
5.56500e+03 3.08831e-03
5.56600e+03 2.96890e-03
5.56700e+03 2.84949e-03
5.56800e+03 2.73005e-03
5.56900e+03 2.61061e-03
5.57000e+03 2.49116e-03
5.57100e+03 2.46617e-03
5.57200e+03 2.44118e-03
5.57300e+03 2.41620e-03
5.57400e+03 2.39121e-03
5.57500e+03 2.36623e-03
5.57600e+03 2.34125e-03
5.57700e+03 2.31627e-03
5.57800e+03 2.29129e-03
5.57900e+03 2.26631e-03
5.58000e+03 2.24133e-03
5.58100e+03 2.21655e-03
5.58200e+03 2.19177e-03
5.58300e+03 2.16698e-03
5.58400e+03 2.14220e-03
5.58500e+03 2.11740e-03
5.58600e+03 2.09260e-03
5.58700e+03 2.06780e-03
5.58800e+03 2.04300e-03
5.58900e+03 2.01819e-03
5.59000e+03 1.99339e-03
5.59100e+03 1.95984e-03
5.59200e+03 1.92629e-03
5.59300e+03 1.89272e-03
5.59400e+03 1.85916e-03
5.59500e+03 1.82557e-03
5.59600e+03 1.79198e-03
5.59700e+03 1.75839e-03
5.59800e+03 1.72478e-03
5.59900e+03 1.69116e-03
5.60000e+03 1.65753e-03
5.60100e+03 1.62387e-03
5.60200e+03 1.59020e-03
5.60300e+03 1.55652e-03
5.60400e+03 1.52283e-03
5.60500e+03 1.48914e-03
5.60600e+03 1.45543e-03
5.60700e+03 1.42173e-03
5.60800e+03 1.38801e-03
5.60900e+03 1.35428e-03
5.61000e+03 1.32055e-03
5.61100e+03 1.28686e-03
5.61200e+03 1.25316e-03
5.61300e+03 1.21945e-03
5.61400e+03 1.18572e-03
5.61500e+03 1.15199e-03
5.61600e+03 1.11825e-03
5.61700e+03 1.08450e-03
5.61800e+03 1.05074e-03
5.61900e+03 1.01697e-03
5.62000e+03 9.83184e-04
5.62100e+03 9.49286e-04
5.62200e+03 9.15388e-04
5.62300e+03 8.81485e-04
5.62400e+03 8.47582e-04
5.62500e+03 8.13674e-04
5.62600e+03 7.79766e-04
5.62700e+03 7.45854e-04
5.62800e+03 7.11939e-04
5.62900e+03 6.78022e-04
5.63000e+03 6.44102e-04
5.63100e+03 6.36277e-04
5.63200e+03 6.28453e-04
5.63300e+03 6.20626e-04
5.63400e+03 6.12798e-04
5.63500e+03 6.04970e-04
5.63600e+03 5.97140e-04
5.63700e+03 5.89308e-04
5.63800e+03 5.81475e-04
5.63900e+03 5.73640e-04
5.64000e+03 5.65804e-04
5.64100e+03 5.57983e-04
5.64200e+03 5.50160e-04
5.64300e+03 5.42336e-04
5.64400e+03 5.34509e-04
5.64500e+03 5.26681e-04
5.64600e+03 5.18852e-04
5.64700e+03 5.11019e-04
5.64800e+03 5.03186e-04
5.64900e+03 4.95351e-04
5.65000e+03 4.87514e-04
5.65100e+03 4.79660e-04
5.65200e+03 4.71804e-04
5.65300e+03 4.63946e-04
5.65400e+03 4.56089e-04
5.65500e+03 4.48229e-04
5.65600e+03 4.40368e-04
5.65700e+03 4.32507e-04
5.65800e+03 4.24643e-04
5.65900e+03 4.16779e-04
5.66000e+03 4.08914e-04
5.66100e+03 4.01058e-04
5.66200e+03 3.93200e-04
5.66300e+03 3.85341e-04
5.66400e+03 3.77479e-04
5.66500e+03 3.69617e-04
5.66600e+03 3.61753e-04
5.66700e+03 3.53887e-04
5.66800e+03 3.46019e-04
5.66900e+03 3.38150e-04
5.67000e+03 3.30279e-04
5.67100e+03 3.28056e-04
5.67200e+03 3.25833e-04
5.67300e+03 3.23610e-04
5.67400e+03 3.21385e-04
5.67500e+03 3.19160e-04
5.67600e+03 3.16934e-04
5.67700e+03 3.14708e-04
5.67800e+03 3.12481e-04
5.67900e+03 3.10254e-04
5.68000e+03 3.08025e-04
5.68100e+03 3.05805e-04
5.68200e+03 3.03583e-04
5.68300e+03 3.01361e-04
5.68400e+03 2.99138e-04
5.68500e+03 2.96914e-04
5.68600e+03 2.94689e-04
5.68700e+03 2.92465e-04
5.68800e+03 2.90238e-04
5.68900e+03 2.88011e-04
5.69000e+03 2.85783e-04
5.69100e+03 2.83532e-04
5.69200e+03 2.81280e-04
5.69300e+03 2.79029e-04
5.69400e+03 2.76776e-04
5.69500e+03 2.74524e-04
5.69600e+03 2.72271e-04
5.69700e+03 2.70017e-04
5.69800e+03 2.67763e-04
5.69900e+03 2.65508e-04
5.70000e+03 2.63254e-04
5.70100e+03 2.61020e-04
5.70200e+03 2.58786e-04
5.70300e+03 2.56551e-04
5.70400e+03 2.54314e-04
5.70500e+03 2.52078e-04
5.70600e+03 2.49840e-04
5.70700e+03 2.47602e-04
5.70800e+03 2.45362e-04
5.70900e+03 2.43122e-04
5.71000e+03 2.40882e-04
5.71100e+03 2.38107e-04
5.71200e+03 2.35332e-04
5.71300e+03 2.32557e-04
5.71400e+03 2.29781e-04
5.71500e+03 2.27005e-04
5.71600e+03 2.24228e-04
5.71700e+03 2.21450e-04
5.71800e+03 2.18672e-04
5.71900e+03 2.15893e-04
5.72000e+03 2.13113e-04
5.72100e+03 2.10300e-04
5.72200e+03 2.07487e-04
5.72300e+03 2.04675e-04
5.72400e+03 2.01862e-04
5.72500e+03 1.99050e-04
5.72600e+03 1.96238e-04
5.72700e+03 1.93426e-04
5.72800e+03 1.90615e-04
5.72900e+03 1.87804e-04
5.73000e+03 1.84993e-04
5.73100e+03 1.82221e-04
5.73200e+03 1.79448e-04
5.73300e+03 1.76674e-04
5.73400e+03 1.73899e-04
5.73500e+03 1.71123e-04
5.73600e+03 1.68347e-04
5.73700e+03 1.65568e-04
5.73800e+03 1.62790e-04
5.73900e+03 1.60010e-04
5.74000e+03 1.57230e-04
5.74100e+03 1.54419e-04
5.74200e+03 1.51609e-04
5.74300e+03 1.48798e-04
5.74400e+03 1.45987e-04
5.74500e+03 1.43177e-04
5.74600e+03 1.40367e-04
5.74700e+03 1.37557e-04
5.74800e+03 1.34747e-04
5.74900e+03 1.31936e-04
5.75000e+03 1.29127e-04
5.75100e+03 1.26945e-04
5.75200e+03 1.24763e-04
5.75300e+03 1.22579e-04
5.75400e+03 1.20394e-04
5.75500e+03 1.18208e-04
5.75600e+03 1.16021e-04
5.75700e+03 1.13834e-04
5.75800e+03 1.11644e-04
5.75900e+03 1.09454e-04
5.76000e+03 1.07263e-04
5.76100e+03 1.05046e-04
5.76200e+03 1.02829e-04
5.76300e+03 1.00612e-04
5.76400e+03 9.83942e-05
5.76500e+03 9.61768e-05
5.76600e+03 9.39594e-05
5.76700e+03 9.17420e-05
5.76800e+03 8.95245e-05
5.76900e+03 8.73070e-05
5.77000e+03 8.50891e-05
5.77100e+03 8.28875e-05
5.77200e+03 8.06848e-05
5.77300e+03 7.84812e-05
5.77400e+03 7.62767e-05
5.77500e+03 7.40711e-05
