# Filter name : HST/WFC3_IR.F130N
# Description : F130N filter for HST WFC3_IR
# Photometric system : WFC3-IR
# FilterType : photon
# Band name : ------
# Observatory : HST
# Instrument : WFC3
# Comments : Response calculated at a reference time, June 26, 2009, i.e. approximately when WFC3 was installed on HST. Using filter throughputs determined in the lab in combination with the measured QE of the flight detectors and sensitivities of WFC3's optics. These values were derived with STsynphot by using filter and correction files from the latest photometric calibration released on October 2020 (Bajaj et al 2020,  Calamida et al. 2021). For more information on the latest photometric calibration please see the Photometric calibration webpage. 
# 
1.28875e+04 2.87436e-04
1.28895e+04 4.47373e-04
1.28900e+04 4.59683e-04
1.28915e+04 4.99313e-04
1.28935e+04 8.75598e-04
1.28955e+04 1.25197e-03
1.28975e+04 1.79074e-03
1.28995e+04 2.22149e-03
1.29000e+04 2.43824e-03
1.29015e+04 3.13882e-03
1.29035e+04 4.16424e-03
1.29055e+04 5.79541e-03
1.29075e+04 7.64284e-03
1.29095e+04 1.04094e-02
1.29100e+04 1.12620e-02
1.29115e+04 1.40415e-02
1.29135e+04 1.95658e-02
1.29155e+04 2.69835e-02
1.29175e+04 3.74293e-02
1.29195e+04 5.17688e-02
1.29200e+04 5.63022e-02
1.29215e+04 7.11923e-02
1.29235e+04 9.59697e-02
1.29255e+04 1.27937e-01
1.29275e+04 1.65473e-01
1.29295e+04 2.09502e-01
1.29300e+04 2.20240e-01
1.29315e+04 2.55833e-01
1.29335e+04 3.04892e-01
1.29355e+04 3.51250e-01
1.29375e+04 3.93453e-01
1.29395e+04 4.28690e-01
1.29400e+04 4.37287e-01
1.29415e+04 4.65876e-01
1.29435e+04 4.82701e-01
1.29455e+04 4.92162e-01
1.29475e+04 4.96483e-01
1.29495e+04 4.97232e-01
1.29500e+04 4.97019e-01
1.29515e+04 4.96305e-01
1.29535e+04 4.94457e-01
1.29555e+04 4.92339e-01
1.29575e+04 4.90708e-01
1.29595e+04 4.89889e-01
1.29600e+04 4.89800e-01
1.29615e+04 4.89497e-01
1.29635e+04 4.89760e-01
1.29655e+04 4.90672e-01
1.29675e+04 4.91908e-01
1.29695e+04 4.93145e-01
1.29700e+04 4.93621e-01
1.29715e+04 4.95242e-01
1.29735e+04 4.97506e-01
1.29755e+04 5.00149e-01
1.29775e+04 5.02468e-01
1.29795e+04 5.04299e-01
1.29800e+04 5.04772e-01
1.29815e+04 5.06461e-01
1.29835e+04 5.08702e-01
1.29856e+04 5.10792e-01
1.29876e+04 5.12665e-01
1.29896e+04 5.14486e-01
1.29900e+04 5.14858e-01
1.29916e+04 5.16078e-01
1.29936e+04 5.17435e-01
1.29956e+04 5.18358e-01
1.29976e+04 5.19222e-01
1.29996e+04 5.20253e-01
1.30000e+04 5.20338e-01
1.30016e+04 5.20663e-01
1.30036e+04 5.20539e-01
1.30056e+04 5.20198e-01
1.30076e+04 5.20344e-01
1.30096e+04 5.20437e-01
1.30100e+04 5.20469e-01
1.30116e+04 5.20584e-01
1.30136e+04 5.20405e-01
1.30156e+04 5.20444e-01
1.30176e+04 5.20861e-01
1.30196e+04 5.21062e-01
1.30200e+04 5.21166e-01
1.30216e+04 5.21601e-01
1.30236e+04 5.22268e-01
1.30256e+04 5.22284e-01
1.30276e+04 5.22409e-01
1.30296e+04 5.23131e-01
1.30300e+04 5.23264e-01
1.30316e+04 5.23676e-01
1.30336e+04 5.23552e-01
1.30356e+04 5.23688e-01
1.30376e+04 5.23390e-01
1.30396e+04 5.23364e-01
1.30400e+04 5.23299e-01
1.30416e+04 5.23066e-01
1.30436e+04 5.22388e-01
1.30456e+04 5.21547e-01
1.30476e+04 5.20381e-01
1.30496e+04 5.19431e-01
1.30500e+04 5.19202e-01
1.30516e+04 5.18368e-01
1.30536e+04 5.17581e-01
1.30556e+04 5.17011e-01
1.30576e+04 5.15898e-01
1.30596e+04 5.15165e-01
1.30600e+04 5.15113e-01
1.30616e+04 5.14921e-01
1.30636e+04 5.15051e-01
1.30656e+04 5.14915e-01
1.30676e+04 5.14400e-01
1.30696e+04 5.13123e-01
1.30700e+04 5.12354e-01
1.30716e+04 5.09578e-01
1.30736e+04 4.99366e-01
1.30756e+04 4.85780e-01
1.30776e+04 4.65774e-01
1.30796e+04 4.39131e-01
1.30800e+04 4.31666e-01
1.30816e+04 4.03826e-01
1.30836e+04 3.63613e-01
1.30856e+04 3.19490e-01
1.30876e+04 2.73180e-01
1.30896e+04 2.26049e-01
1.30900e+04 2.17003e-01
1.30916e+04 1.83041e-01
1.30936e+04 1.43345e-01
1.30956e+04 1.10552e-01
1.30976e+04 8.37393e-02
1.30996e+04 6.35008e-02
1.31000e+04 6.00786e-02
1.31016e+04 4.71248e-02
1.31036e+04 3.49897e-02
1.31056e+04 2.57409e-02
1.31076e+04 1.90485e-02
1.31096e+04 1.42601e-02
1.31100e+04 1.35248e-02
1.31116e+04 1.07234e-02
1.31136e+04 7.94764e-03
1.31156e+04 6.09746e-03
1.31176e+04 4.62787e-03
1.31196e+04 3.37591e-03
1.31200e+04 3.21858e-03
1.31216e+04 2.61411e-03
1.31236e+04 1.96106e-03
1.31256e+04 1.47118e-03
1.31276e+04 1.14449e-03
1.31296e+04 7.63205e-04
1.31300e+04 7.18521e-04
1.31316e+04 5.45207e-04
1.31336e+04 3.27145e-04
1.31356e+04 1.09055e-04
1.31376e+04 1.09062e-04
