# Filter name : HST/WFC3_IR.F098M
# Description : F098M filter for HST WFC3_IR
# Photometric system : WFC3-IR
# FilterType : photon
# Band name : ------
# Observatory : HST
# Instrument : WFC3
# Comments : Response calculated at a reference time, June 26, 2009, i.e. approximately when WFC3 was installed on HST. Using filter throughputs determined in the lab in combination with the measured QE of the flight detectors and sensitivities of WFC3's optics. These values were derived with STsynphot by using filter and correction files from the latest photometric calibration released on October 2020 (Bajaj et al 2020,  Calamida et al. 2021). For more information on the latest photometric calibration please see the Photometric calibration webpage. 
# 
8.60000e+03 1.01838e-04
8.60236e+03 1.05151e-04
8.61000e+03 1.13196e-04
8.62000e+03 1.23731e-04
8.63000e+03 1.34268e-04
8.64000e+03 1.45031e-04
8.65000e+03 1.55829e-04
8.66000e+03 1.66661e-04
8.67000e+03 1.77528e-04
8.68000e+03 1.88429e-04
8.69000e+03 1.99364e-04
8.70000e+03 2.10334e-04
8.71000e+03 2.21337e-04
8.72000e+03 2.32375e-04
8.73000e+03 2.44594e-04
8.74000e+03 2.56955e-04
8.75000e+03 2.69459e-04
8.76000e+03 2.82107e-04
8.77000e+03 2.94898e-04
8.78000e+03 3.07836e-04
8.79000e+03 3.20919e-04
8.80000e+03 3.34150e-04
8.80242e+03 3.37255e-04
8.81000e+03 4.06855e-04
8.81242e+03 4.29160e-04
8.82000e+03 5.28169e-04
8.82242e+03 5.59949e-04
8.83000e+03 7.17434e-04
8.83242e+03 7.68378e-04
8.84000e+03 1.01514e-03
8.84243e+03 1.09473e-03
8.85000e+03 1.37402e-03
8.85243e+03 1.46420e-03
8.86000e+03 1.89911e-03
8.86243e+03 2.03976e-03
8.87000e+03 2.48004e-03
8.87244e+03 2.62264e-03
8.88000e+03 3.42442e-03
8.88244e+03 3.68452e-03
8.89000e+03 4.73389e-03
8.89244e+03 5.07471e-03
8.90000e+03 6.55899e-03
8.90244e+03 7.03499e-03
8.91000e+03 9.27514e-03
8.91245e+03 1.00021e-02
8.92000e+03 1.32173e-02
8.92245e+03 1.42652e-02
8.93000e+03 1.90759e-02
8.93245e+03 2.06391e-02
8.94000e+03 2.75843e-02
8.94245e+03 2.98479e-02
8.95000e+03 3.98732e-02
8.95246e+03 4.31542e-02
8.96000e+03 5.76054e-02
8.96246e+03 6.23209e-02
8.97000e+03 8.14173e-02
8.97246e+03 8.76880e-02
8.98000e+03 1.12727e-01
8.98246e+03 1.20917e-01
8.99000e+03 1.51013e-01
8.99247e+03 1.60893e-01
9.00000e+03 1.94626e-01
9.00247e+03 2.05641e-01
9.01000e+03 2.40963e-01
9.01247e+03 2.52528e-01
9.02000e+03 2.85198e-01
9.02248e+03 2.96011e-01
9.03000e+03 3.23479e-01
9.03248e+03 3.32539e-01
9.04000e+03 3.53871e-01
9.04248e+03 3.60917e-01
9.05000e+03 3.74955e-01
9.05248e+03 3.79678e-01
9.06000e+03 3.88100e-01
9.06249e+03 3.90812e-01
9.07000e+03 3.94230e-01
9.07249e+03 3.95446e-01
9.08000e+03 3.96650e-01
9.08249e+03 3.96969e-01
9.09000e+03 3.96971e-01
9.09250e+03 3.96973e-01
9.10000e+03 3.96483e-01
9.10250e+03 3.96403e-01
9.11000e+03 3.96100e-01
9.11250e+03 3.95917e-01
9.12000e+03 3.95586e-01
9.12250e+03 3.95559e-01
9.13000e+03 3.94824e-01
9.13251e+03 3.94496e-01
9.14000e+03 3.94043e-01
9.14251e+03 3.93974e-01
9.15000e+03 3.93831e-01
9.15251e+03 3.93701e-01
9.16000e+03 3.93281e-01
9.16251e+03 3.93224e-01
9.17000e+03 3.93613e-01
9.17252e+03 3.93662e-01
9.18000e+03 3.93746e-01
9.18252e+03 3.93857e-01
9.19000e+03 3.94783e-01
9.19252e+03 3.95014e-01
9.20000e+03 3.95415e-01
9.20252e+03 3.95567e-01
9.21000e+03 3.97302e-01
9.21253e+03 3.97806e-01
9.22000e+03 3.99172e-01
9.22253e+03 3.99720e-01
9.23000e+03 4.01434e-01
9.23253e+03 4.02020e-01
9.24000e+03 4.03939e-01
9.24254e+03 4.04678e-01
9.25000e+03 4.05788e-01
9.25254e+03 4.06080e-01
9.26000e+03 4.07128e-01
9.26254e+03 4.07572e-01
9.27000e+03 4.08658e-01
9.27254e+03 4.08942e-01
9.28000e+03 4.09617e-01
9.28255e+03 4.09936e-01
9.29000e+03 4.10711e-01
9.29255e+03 4.10890e-01
9.30000e+03 4.11188e-01
9.30255e+03 4.11379e-01
9.31000e+03 4.11968e-01
9.31255e+03 4.12083e-01
9.32000e+03 4.12765e-01
9.32256e+03 4.13088e-01
9.33000e+03 4.13616e-01
9.33256e+03 4.13709e-01
9.34000e+03 4.14394e-01
9.34256e+03 4.14719e-01
9.35000e+03 4.15442e-01
9.35257e+03 4.15601e-01
9.36000e+03 4.16256e-01
9.36257e+03 4.16573e-01
9.37000e+03 4.17683e-01
9.37257e+03 4.17976e-01
9.38000e+03 4.18826e-01
9.38257e+03 4.19211e-01
9.39000e+03 4.19233e-01
9.39258e+03 4.19240e-01
9.40000e+03 4.19776e-01
9.40258e+03 4.19769e-01
9.41000e+03 4.18365e-01
9.41258e+03 4.17967e-01
9.42000e+03 4.16757e-01
9.42258e+03 4.16245e-01
9.43000e+03 4.14579e-01
9.43259e+03 4.14148e-01
9.44000e+03 4.12909e-01
9.44259e+03 4.12384e-01
9.45000e+03 4.11399e-01
9.45259e+03 4.11143e-01
9.46000e+03 4.11155e-01
9.46259e+03 4.11158e-01
9.47000e+03 4.11524e-01
9.47260e+03 4.11562e-01
9.48000e+03 4.12641e-01
9.48260e+03 4.13111e-01
9.49000e+03 4.15163e-01
9.49260e+03 4.15886e-01
9.50000e+03 4.17813e-01
9.50261e+03 4.18384e-01
9.51000e+03 4.19320e-01
9.51261e+03 4.19743e-01
9.52000e+03 4.20551e-01
9.52261e+03 4.20743e-01
9.53000e+03 4.20637e-01
9.53261e+03 4.20692e-01
9.54000e+03 4.20031e-01
9.54262e+03 4.19796e-01
9.55000e+03 4.18934e-01
9.55262e+03 4.18535e-01
9.56000e+03 4.17178e-01
9.56262e+03 4.16788e-01
9.57000e+03 4.16505e-01
9.57262e+03 4.16404e-01
9.58000e+03 4.16248e-01
9.58263e+03 4.16098e-01
9.59000e+03 4.16105e-01
9.59263e+03 4.16199e-01
9.60000e+03 4.16595e-01
9.60263e+03 4.16695e-01
9.61000e+03 4.17337e-01
9.61264e+03 4.17473e-01
9.62000e+03 4.17523e-01
9.62264e+03 4.17634e-01
9.63000e+03 4.17581e-01
9.63264e+03 4.17605e-01
9.64000e+03 4.17541e-01
9.64264e+03 4.17423e-01
9.65000e+03 4.16961e-01
9.65265e+03 4.16888e-01
9.66000e+03 4.17014e-01
9.66265e+03 4.17058e-01
9.67000e+03 4.17443e-01
9.67265e+03 4.17487e-01
9.68000e+03 4.17806e-01
9.68266e+03 4.18014e-01
9.69000e+03 4.18955e-01
9.69266e+03 4.19295e-01
9.70000e+03 4.20267e-01
9.70266e+03 4.20523e-01
9.71000e+03 4.21661e-01
9.71266e+03 4.22168e-01
9.72000e+03 4.23137e-01
9.72267e+03 4.23488e-01
9.73000e+03 4.23957e-01
9.73267e+03 4.24030e-01
9.74000e+03 4.24331e-01
9.74267e+03 4.24535e-01
9.75000e+03 4.24698e-01
9.75267e+03 4.24756e-01
9.76000e+03 4.25347e-01
9.76268e+03 4.25562e-01
9.77000e+03 4.26017e-01
9.77268e+03 4.26084e-01
9.78000e+03 4.27167e-01
9.78268e+03 4.27661e-01
9.79000e+03 4.29408e-01
9.79268e+03 4.30048e-01
9.80000e+03 4.32095e-01
9.80269e+03 4.32785e-01
9.81000e+03 4.35100e-01
9.81269e+03 4.35850e-01
9.82000e+03 4.37522e-01
9.82269e+03 4.38236e-01
9.83000e+03 4.39643e-01
9.83270e+03 4.40222e-01
9.84000e+03 4.41524e-01
9.84270e+03 4.42004e-01
9.85000e+03 4.42802e-01
9.85270e+03 4.42993e-01
9.86000e+03 4.43041e-01
9.86270e+03 4.43160e-01
9.87000e+03 4.43245e-01
9.87271e+03 4.43274e-01
9.88000e+03 4.43119e-01
9.88271e+03 4.43059e-01
9.89000e+03 4.43098e-01
9.89271e+03 4.43008e-01
9.90000e+03 4.42430e-01
9.90271e+03 4.42315e-01
9.91000e+03 4.42442e-01
9.91272e+03 4.42488e-01
9.92000e+03 4.41836e-01
9.92272e+03 4.41590e-01
9.93000e+03 4.41233e-01
9.93272e+03 4.41097e-01
9.94000e+03 4.40396e-01
9.94273e+03 4.40029e-01
9.95000e+03 4.38644e-01
9.95273e+03 4.38224e-01
9.96000e+03 4.37136e-01
9.96273e+03 4.36725e-01
9.97000e+03 4.35697e-01
9.97273e+03 4.35308e-01
9.98000e+03 4.34676e-01
9.98274e+03 4.34435e-01
9.99000e+03 4.34065e-01
9.99274e+03 4.33821e-01
1.00000e+04 4.34017e-01
1.00027e+04 4.34257e-01
1.00100e+04 4.34794e-01
1.00127e+04 4.34995e-01
1.00200e+04 4.35729e-01
1.00227e+04 4.36006e-01
1.00300e+04 4.36905e-01
1.00328e+04 4.37245e-01
1.00400e+04 4.37056e-01
1.00428e+04 4.36879e-01
1.00500e+04 4.35903e-01
1.00528e+04 4.35633e-01
1.00600e+04 4.34310e-01
1.00628e+04 4.33804e-01
1.00700e+04 4.31724e-01
1.00728e+04 4.30928e-01
1.00800e+04 4.28258e-01
1.00828e+04 4.27236e-01
1.00900e+04 4.24928e-01
1.00928e+04 4.24043e-01
1.01000e+04 4.22884e-01
1.01028e+04 4.22438e-01
1.01100e+04 4.21270e-01
1.01128e+04 4.20720e-01
1.01200e+04 4.20480e-01
1.01228e+04 4.20486e-01
1.01300e+04 4.21731e-01
1.01328e+04 4.22209e-01
1.01400e+04 4.23863e-01
1.01428e+04 4.24499e-01
1.01500e+04 4.26597e-01
1.01528e+04 4.27405e-01
1.01600e+04 4.29264e-01
1.01628e+04 4.29980e-01
1.01700e+04 4.31358e-01
1.01728e+04 4.31889e-01
1.01800e+04 4.32063e-01
1.01828e+04 4.32025e-01
1.01900e+04 4.31241e-01
1.01928e+04 4.31039e-01
1.02000e+04 4.29313e-01
1.02028e+04 4.28649e-01
1.02100e+04 4.26453e-01
1.02128e+04 4.25598e-01
1.02200e+04 4.23738e-01
1.02228e+04 4.23012e-01
1.02300e+04 4.22005e-01
1.02328e+04 4.21611e-01
1.02400e+04 4.21599e-01
1.02428e+04 4.21593e-01
1.02500e+04 4.22958e-01
1.02528e+04 4.23491e-01
1.02600e+04 4.26827e-01
1.02628e+04 4.28131e-01
1.02700e+04 4.32058e-01
1.02728e+04 4.33597e-01
1.02800e+04 4.38603e-01
1.02828e+04 4.40460e-01
1.02900e+04 4.44920e-01
1.02928e+04 4.46779e-01
1.03000e+04 4.51204e-01
1.03028e+04 4.52946e-01
1.03100e+04 4.56475e-01
1.03128e+04 4.57865e-01
1.03200e+04 4.60391e-01
1.03228e+04 4.61387e-01
1.03300e+04 4.62385e-01
1.03328e+04 4.62778e-01
1.03400e+04 4.63392e-01
1.03428e+04 4.63634e-01
1.03500e+04 4.63236e-01
1.03528e+04 4.63077e-01
1.03600e+04 4.62850e-01
1.03628e+04 4.62758e-01
1.03700e+04 4.62422e-01
1.03728e+04 4.62287e-01
1.03800e+04 4.62785e-01
1.03828e+04 4.62982e-01
1.03900e+04 4.63722e-01
1.03928e+04 4.64016e-01
1.04000e+04 4.64650e-01
1.04028e+04 4.64906e-01
1.04100e+04 4.66285e-01
1.04129e+04 4.66835e-01
1.04200e+04 4.67479e-01
1.04229e+04 4.67736e-01
1.04300e+04 4.67747e-01
1.04329e+04 4.67751e-01
1.04400e+04 4.67444e-01
1.04429e+04 4.67321e-01
1.04500e+04 4.66379e-01
1.04529e+04 4.65885e-01
1.04600e+04 4.63987e-01
1.04629e+04 4.63338e-01
1.04700e+04 4.60982e-01
1.04729e+04 4.60033e-01
1.04800e+04 4.57988e-01
1.04829e+04 4.57162e-01
1.04900e+04 4.54442e-01
1.04929e+04 4.53343e-01
1.05000e+04 4.50651e-01
1.05029e+04 4.49457e-01
1.05100e+04 4.46572e-01
1.05129e+04 4.45404e-01
1.05200e+04 4.43080e-01
1.05229e+04 4.42138e-01
1.05300e+04 4.40833e-01
1.05329e+04 4.40304e-01
1.05400e+04 4.40088e-01
1.05429e+04 4.40000e-01
1.05500e+04 4.41157e-01
1.05529e+04 4.41626e-01
1.05600e+04 4.43310e-01
1.05629e+04 4.43995e-01
1.05700e+04 4.46417e-01
1.05729e+04 4.47404e-01
1.05800e+04 4.49932e-01
1.05829e+04 4.50963e-01
1.05900e+04 4.53350e-01
1.05929e+04 4.54325e-01
1.06000e+04 4.56395e-01
1.06029e+04 4.57232e-01
1.06100e+04 4.57379e-01
1.06129e+04 4.57438e-01
1.06200e+04 4.56142e-01
1.06229e+04 4.55610e-01
1.06300e+04 4.52062e-01
1.06329e+04 4.50605e-01
1.06400e+04 4.43786e-01
1.06429e+04 4.40981e-01
1.06500e+04 4.29450e-01
1.06529e+04 4.24700e-01
1.06600e+04 4.06909e-01
1.06629e+04 3.99573e-01
1.06700e+04 3.75032e-01
1.06729e+04 3.64898e-01
1.06800e+04 3.34979e-01
1.06829e+04 3.22688e-01
1.06900e+04 2.90230e-01
1.06929e+04 2.76708e-01
1.07000e+04 2.43698e-01
1.07029e+04 2.30014e-01
1.07100e+04 1.99110e-01
1.07129e+04 1.86282e-01
1.07200e+04 1.60193e-01
1.07229e+04 1.49349e-01
1.07300e+04 1.26950e-01
1.07329e+04 1.17626e-01
1.07400e+04 9.95123e-02
1.07429e+04 9.19619e-02
1.07500e+04 7.65529e-02
1.07529e+04 7.01208e-02
1.07600e+04 5.79779e-02
1.07629e+04 5.29021e-02
1.07700e+04 4.31214e-02
1.07730e+04 3.90285e-02
1.07800e+04 3.16210e-02
1.07830e+04 2.85173e-02
1.07900e+04 2.28966e-02
1.07930e+04 2.05383e-02
1.08000e+04 1.66759e-02
1.08030e+04 1.50538e-02
1.08100e+04 1.23885e-02
1.08130e+04 1.12675e-02
1.08200e+04 9.19865e-03
1.08230e+04 8.32726e-03
1.08300e+04 6.96004e-03
1.08330e+04 6.38337e-03
1.08400e+04 5.43699e-03
1.08430e+04 5.03740e-03
1.08500e+04 4.37371e-03
1.08530e+04 4.09313e-03
1.08600e+04 3.49739e-03
1.08630e+04 3.24601e-03
1.08700e+04 2.89779e-03
1.08730e+04 2.74938e-03
1.08800e+04 2.53928e-03
1.08830e+04 2.45009e-03
1.08900e+04 2.09984e-03
1.08930e+04 1.95093e-03
1.09000e+04 1.88116e-03
1.09030e+04 1.85146e-03
1.09100e+04 1.54991e-03
1.09130e+04 1.42138e-03
1.09200e+04 1.29532e-03
1.09230e+04 1.24152e-03
1.09300e+04 1.08066e-03
1.09330e+04 1.01192e-03
1.09400e+04 8.15534e-04
1.09430e+04 7.31519e-04
1.09500e+04 6.40410e-04
1.09530e+04 6.01384e-04
1.09600e+04 5.17305e-04
1.09630e+04 4.81241e-04
1.09700e+04 3.97170e-04
1.09730e+04 3.61152e-04
1.09800e+04 2.77189e-04
1.09830e+04 2.40991e-04
1.09900e+04 1.91924e-04
1.09930e+04 1.70788e-04
1.10000e+04 1.91896e-04
1.10030e+04 2.01002e-04
1.10100e+04 1.30805e-04
1.10130e+04 1.00509e-04
1.10200e+04 9.80250e-05
1.10300e+04 9.44668e-05
