# Filter name : HST/WFC3_IR.F140W
# Description : F140W filter for HST WFC3_IR
# Photometric system : WFC3-IR
# FilterType : photon
# Band name : ------
# Observatory : HST
# Instrument : WFC3
# Comments : Response calculated at a reference time, June 26, 2009, i.e. approximately when WFC3 was installed on HST. Using filter throughputs determined in the lab in combination with the measured QE of the flight detectors and sensitivities of WFC3's optics. These values were derived with STsynphot by using filter and correction files from the latest photometric calibration released on October 2020 (Bajaj et al 2020,  Calamida et al. 2021). For more information on the latest photometric calibration please see the Photometric calibration webpage. 
# 
1.13700e+04 1.14676e-04
1.13800e+04 1.20153e-04
1.13900e+04 1.25741e-04
1.14000e+04 1.31230e-04
1.14100e+04 1.36734e-04
1.14200e+04 1.42243e-04
1.14300e+04 1.47756e-04
1.14400e+04 1.53274e-04
1.14500e+04 1.58933e-04
1.14600e+04 1.64466e-04
1.14700e+04 1.70004e-04
1.14800e+04 1.75547e-04
1.14900e+04 1.81095e-04
1.15000e+04 1.86807e-04
1.15100e+04 1.92359e-04
1.15200e+04 1.97916e-04
1.15300e+04 2.03477e-04
1.15400e+04 2.09042e-04
1.15500e+04 2.14795e-04
1.15600e+04 2.20374e-04
1.15700e+04 2.25957e-04
1.15800e+04 2.31545e-04
1.15900e+04 2.37137e-04
1.16000e+04 2.42940e-04
1.16100e+04 2.48547e-04
1.16200e+04 2.54159e-04
1.16300e+04 2.59775e-04
1.16400e+04 2.65621e-04
1.16500e+04 2.71251e-04
1.16600e+04 2.76885e-04
1.16700e+04 2.82524e-04
1.16800e+04 2.88167e-04
1.16900e+04 2.94065e-04
1.17000e+04 2.99722e-04
1.17100e+04 3.05383e-04
1.17200e+04 3.11049e-04
1.17300e+04 3.16989e-04
1.17400e+04 3.22669e-04
1.17432e+04 3.24494e-04
1.17500e+04 3.49429e-04
1.17600e+04 3.86191e-04
1.17632e+04 3.98030e-04
1.17700e+04 5.08254e-04
1.17800e+04 6.71475e-04
1.17832e+04 7.23981e-04
1.17900e+04 9.76396e-04
1.18000e+04 1.34914e-03
1.18032e+04 1.46955e-03
1.18100e+04 1.82884e-03
1.18200e+04 2.36183e-03
1.18232e+04 2.53383e-03
1.18300e+04 3.12466e-03
1.18400e+04 3.99846e-03
1.18432e+04 4.28178e-03
1.18500e+04 5.09297e-03
1.18600e+04 6.29905e-03
1.18632e+04 6.68928e-03
1.18700e+04 8.04326e-03
1.18800e+04 1.00489e-02
1.18833e+04 1.07011e-02
1.18900e+04 1.29631e-02
1.19000e+04 1.63298e-02
1.19033e+04 1.74232e-02
1.19100e+04 2.10710e-02
1.19200e+04 2.64831e-02
1.19233e+04 2.82490e-02
1.19300e+04 3.50451e-02
1.19400e+04 4.51353e-02
1.19433e+04 4.84469e-02
1.19500e+04 6.04674e-02
1.19600e+04 7.82890e-02
1.19633e+04 8.41248e-02
1.19700e+04 1.05736e-01
1.19800e+04 1.37878e-01
1.19833e+04 1.48463e-01
1.19900e+04 1.86748e-01
1.20000e+04 2.43614e-01
1.20033e+04 2.62307e-01
1.20100e+04 3.04679e-01
1.20200e+04 3.67812e-01
1.20233e+04 3.88696e-01
1.20300e+04 4.20946e-01
1.20400e+04 4.68704e-01
1.20433e+04 4.84448e-01
1.20500e+04 4.96659e-01
1.20600e+04 5.14883e-01
1.20633e+04 5.21045e-01
1.20700e+04 5.23152e-01
1.20800e+04 5.25858e-01
1.20833e+04 5.26753e-01
1.20900e+04 5.26050e-01
1.21000e+04 5.25000e-01
1.21033e+04 5.24799e-01
1.21100e+04 5.24606e-01
1.21200e+04 5.23873e-01
1.21233e+04 5.23630e-01
1.21300e+04 5.23819e-01
1.21400e+04 5.24101e-01
1.21433e+04 5.24342e-01
1.21500e+04 5.25165e-01
1.21600e+04 5.25956e-01
1.21633e+04 5.26220e-01
1.21700e+04 5.26552e-01
1.21800e+04 5.27049e-01
1.21833e+04 5.27363e-01
1.21900e+04 5.28671e-01
1.22000e+04 5.30189e-01
1.22033e+04 5.30680e-01
1.22100e+04 5.31428e-01
1.22200e+04 5.32998e-01
1.22233e+04 5.33374e-01
1.22300e+04 5.33961e-01
1.22400e+04 5.34844e-01
1.22433e+04 5.35139e-01
1.22500e+04 5.35262e-01
1.22600e+04 5.35896e-01
1.22634e+04 5.35957e-01
1.22700e+04 5.35776e-01
1.22800e+04 5.35502e-01
1.22834e+04 5.35410e-01
1.22900e+04 5.34763e-01
1.23000e+04 5.34236e-01
1.23034e+04 5.33907e-01
1.23100e+04 5.33152e-01
1.23200e+04 5.32012e-01
1.23234e+04 5.31628e-01
1.23300e+04 5.31284e-01
1.23400e+04 5.31210e-01
1.23434e+04 5.31034e-01
1.23500e+04 5.30779e-01
1.23600e+04 5.30394e-01
1.23634e+04 5.30263e-01
1.23700e+04 5.30438e-01
1.23800e+04 5.31146e-01
1.23834e+04 5.31236e-01
1.23900e+04 5.31679e-01
1.24000e+04 5.32350e-01
1.24034e+04 5.32599e-01
1.24100e+04 5.32798e-01
1.24200e+04 5.33546e-01
1.24234e+04 5.33649e-01
1.24300e+04 5.33938e-01
1.24400e+04 5.34375e-01
1.24434e+04 5.34524e-01
1.24500e+04 5.34455e-01
1.24600e+04 5.34796e-01
1.24634e+04 5.34760e-01
1.24700e+04 5.34780e-01
1.24800e+04 5.34810e-01
1.24834e+04 5.34820e-01
1.24900e+04 5.34480e-01
1.25000e+04 5.34411e-01
1.25034e+04 5.34194e-01
1.25100e+04 5.33577e-01
1.25200e+04 5.32640e-01
1.25234e+04 5.32318e-01
1.25300e+04 5.31881e-01
1.25400e+04 5.31660e-01
1.25434e+04 5.31431e-01
1.25500e+04 5.31065e-01
1.25600e+04 5.30508e-01
1.25634e+04 5.30469e-01
1.25700e+04 5.30699e-01
1.25800e+04 5.30606e-01
1.25834e+04 5.30574e-01
1.25900e+04 5.31177e-01
1.26000e+04 5.32098e-01
1.26034e+04 5.32560e-01
1.26100e+04 5.33386e-01
1.26200e+04 5.34203e-01
1.26235e+04 5.34485e-01
1.26300e+04 5.35271e-01
1.26400e+04 5.36472e-01
1.26435e+04 5.37042e-01
1.26500e+04 5.38282e-01
1.26600e+04 5.39732e-01
1.26635e+04 5.40234e-01
1.26700e+04 5.40984e-01
1.26800e+04 5.42133e-01
1.26835e+04 5.42688e-01
1.26900e+04 5.43572e-01
1.27000e+04 5.44474e-01
1.27035e+04 5.44788e-01
1.27100e+04 5.44892e-01
1.27200e+04 5.45052e-01
1.27235e+04 5.45266e-01
1.27300e+04 5.45576e-01
1.27400e+04 5.45599e-01
1.27435e+04 5.45607e-01
1.27500e+04 5.44958e-01
1.27600e+04 5.43962e-01
1.27635e+04 5.43614e-01
1.27700e+04 5.43055e-01
1.27800e+04 5.42647e-01
1.27835e+04 5.42346e-01
1.27900e+04 5.41948e-01
1.28000e+04 5.41336e-01
1.28035e+04 5.41090e-01
1.28100e+04 5.41028e-01
1.28200e+04 5.41382e-01
1.28235e+04 5.41348e-01
1.28300e+04 5.41269e-01
1.28400e+04 5.41146e-01
1.28435e+04 5.41102e-01
1.28500e+04 5.41559e-01
1.28600e+04 5.42714e-01
1.28635e+04 5.42962e-01
1.28700e+04 5.43526e-01
1.28800e+04 5.44397e-01
1.28835e+04 5.44704e-01
1.28900e+04 5.45268e-01
1.29000e+04 5.46591e-01
1.29035e+04 5.46899e-01
1.29100e+04 5.47319e-01
1.29200e+04 5.47969e-01
1.29235e+04 5.48199e-01
1.29300e+04 5.48226e-01
1.29400e+04 5.48723e-01
1.29435e+04 5.48737e-01
1.29500e+04 5.48782e-01
1.29600e+04 5.48852e-01
1.29635e+04 5.48877e-01
1.29700e+04 5.48404e-01
1.29800e+04 5.47672e-01
1.29835e+04 5.47573e-01
1.29900e+04 5.47535e-01
1.30000e+04 5.47023e-01
1.30036e+04 5.46908e-01
1.30100e+04 5.46163e-01
1.30200e+04 5.45006e-01
1.30236e+04 5.44755e-01
1.30300e+04 5.44942e-01
1.30400e+04 5.44781e-01
1.30436e+04 5.44724e-01
1.30500e+04 5.44531e-01
1.30600e+04 5.44231e-01
1.30636e+04 5.44124e-01
1.30700e+04 5.44342e-01
1.30800e+04 5.45130e-01
1.30836e+04 5.45252e-01
1.30900e+04 5.45291e-01
1.31000e+04 5.45352e-01
1.31036e+04 5.45374e-01
1.31100e+04 5.45895e-01
1.31200e+04 5.46707e-01
1.31236e+04 5.47161e-01
1.31300e+04 5.47740e-01
1.31400e+04 5.48191e-01
1.31436e+04 5.48354e-01
1.31500e+04 5.48447e-01
1.31600e+04 5.48592e-01
1.31636e+04 5.48807e-01
1.31700e+04 5.49297e-01
1.31800e+04 5.49610e-01
1.31836e+04 5.49723e-01
1.31900e+04 5.49852e-01
1.32000e+04 5.50054e-01
1.32036e+04 5.50085e-01
1.32100e+04 5.50265e-01
1.32200e+04 5.51002e-01
1.32236e+04 5.51104e-01
1.32300e+04 5.51178e-01
1.32400e+04 5.51293e-01
1.32436e+04 5.51334e-01
1.32500e+04 5.51568e-01
1.32600e+04 5.51935e-01
1.32636e+04 5.52068e-01
1.32700e+04 5.52516e-01
1.32800e+04 5.53675e-01
1.32836e+04 5.53930e-01
1.32900e+04 5.54146e-01
1.33000e+04 5.54486e-01
1.33036e+04 5.54609e-01
1.33100e+04 5.54523e-01
1.33200e+04 5.54386e-01
1.33236e+04 5.54502e-01
1.33300e+04 5.54848e-01
1.33400e+04 5.54935e-01
1.33436e+04 5.54967e-01
1.33500e+04 5.54738e-01
1.33600e+04 5.54376e-01
1.33637e+04 5.54244e-01
1.33700e+04 5.54033e-01
1.33800e+04 5.53699e-01
1.33837e+04 5.53744e-01
1.33900e+04 5.53375e-01
1.34000e+04 5.52339e-01
1.34037e+04 5.51849e-01
1.34100e+04 5.51163e-01
1.34200e+04 5.50080e-01
1.34237e+04 5.49683e-01
1.34300e+04 5.49016e-01
1.34400e+04 5.47963e-01
1.34437e+04 5.47741e-01
1.34500e+04 5.47289e-01
1.34600e+04 5.46124e-01
1.34637e+04 5.45696e-01
1.34700e+04 5.45828e-01
1.34800e+04 5.46038e-01
1.34837e+04 5.46115e-01
1.34900e+04 5.45928e-01
1.35000e+04 5.45633e-01
1.35037e+04 5.45663e-01
1.35100e+04 5.46103e-01
1.35200e+04 5.46352e-01
1.35237e+04 5.46443e-01
1.35300e+04 5.46794e-01
1.35400e+04 5.47348e-01
1.35437e+04 5.47554e-01
1.35500e+04 5.48219e-01
1.35600e+04 5.49275e-01
1.35637e+04 5.49665e-01
1.35700e+04 5.49696e-01
1.35800e+04 5.50196e-01
1.35837e+04 5.50214e-01
1.35900e+04 5.49613e-01
1.36000e+04 5.48658e-01
1.36037e+04 5.47919e-01
1.36100e+04 5.48470e-01
1.36200e+04 5.49340e-01
1.36237e+04 5.49662e-01
1.36300e+04 5.49679e-01
1.36400e+04 5.49703e-01
1.36437e+04 5.49711e-01
1.36500e+04 5.48254e-01
1.36600e+04 5.46384e-01
1.36637e+04 5.45519e-01
1.36700e+04 5.45170e-01
1.36800e+04 5.44610e-01
1.36837e+04 5.44401e-01
1.36900e+04 5.43451e-01
1.37000e+04 5.41935e-01
1.37037e+04 5.41368e-01
1.37100e+04 5.40473e-01
1.37200e+04 5.39043e-01
1.37238e+04 5.38507e-01
1.37300e+04 5.37733e-01
1.37400e+04 5.36495e-01
1.37438e+04 5.36195e-01
1.37500e+04 5.35377e-01
1.37600e+04 5.33631e-01
1.37638e+04 5.32975e-01
1.37700e+04 5.32322e-01
1.37800e+04 5.31276e-01
1.37838e+04 5.30882e-01
1.37900e+04 5.29201e-01
1.38000e+04 5.26510e-01
1.38038e+04 5.25612e-01
1.38100e+04 5.25106e-01
1.38200e+04 5.24293e-01
1.38238e+04 5.23986e-01
1.38300e+04 5.23283e-01
1.38400e+04 5.24232e-01
1.38438e+04 5.24591e-01
1.38500e+04 5.24423e-01
1.38600e+04 5.24577e-01
1.38638e+04 5.24472e-01
1.38700e+04 5.25341e-01
1.38800e+04 5.26742e-01
1.38838e+04 5.27274e-01
1.38900e+04 5.27381e-01
1.39000e+04 5.27552e-01
1.39038e+04 5.27616e-01
1.39100e+04 5.28502e-01
1.39200e+04 5.29934e-01
1.39238e+04 5.30479e-01
1.39300e+04 5.29981e-01
1.39400e+04 5.29172e-01
1.39438e+04 5.28862e-01
1.39500e+04 5.30669e-01
1.39600e+04 5.33595e-01
1.39638e+04 5.34714e-01
1.39700e+04 5.34714e-01
1.39800e+04 5.34711e-01
1.39838e+04 5.34709e-01
1.39900e+04 5.35835e-01
1.40000e+04 5.37659e-01
1.40038e+04 5.38157e-01
1.40100e+04 5.38065e-01
1.40200e+04 5.37916e-01
1.40238e+04 5.37858e-01
1.40300e+04 5.38729e-01
1.40400e+04 5.40142e-01
1.40438e+04 5.40685e-01
1.40500e+04 5.41117e-01
1.40600e+04 5.41819e-01
1.40638e+04 5.42089e-01
1.40700e+04 5.42318e-01
1.40800e+04 5.43133e-01
1.40838e+04 5.43276e-01
1.40900e+04 5.44082e-01
1.41000e+04 5.45394e-01
1.41039e+04 5.45901e-01
1.41100e+04 5.45909e-01
1.41200e+04 5.45922e-01
1.41239e+04 5.45927e-01
1.41300e+04 5.46666e-01
1.41400e+04 5.47871e-01
1.41439e+04 5.48337e-01
1.41500e+04 5.48072e-01
1.41600e+04 5.47639e-01
1.41639e+04 5.47471e-01
1.41700e+04 5.47852e-01
1.41800e+04 5.48475e-01
1.41839e+04 5.48716e-01
1.41900e+04 5.48875e-01
1.42000e+04 5.48687e-01
1.42039e+04 5.48594e-01
1.42100e+04 5.48601e-01
1.42200e+04 5.48613e-01
1.42239e+04 5.48617e-01
1.42300e+04 5.48556e-01
1.42400e+04 5.48456e-01
1.42439e+04 5.48417e-01
1.42500e+04 5.48305e-01
1.42600e+04 5.48121e-01
1.42639e+04 5.48049e-01
1.42700e+04 5.47750e-01
1.42800e+04 5.47258e-01
1.42839e+04 5.47067e-01
1.42900e+04 5.47482e-01
1.43000e+04 5.48163e-01
1.43039e+04 5.48429e-01
1.43100e+04 5.48215e-01
1.43200e+04 5.47863e-01
1.43239e+04 5.47725e-01
1.43300e+04 5.47698e-01
1.43400e+04 5.47653e-01
1.43439e+04 5.47635e-01
1.43500e+04 5.47777e-01
1.43600e+04 5.48012e-01
1.43639e+04 5.48104e-01
1.43700e+04 5.48348e-01
1.43800e+04 5.48749e-01
1.43839e+04 5.48907e-01
1.43900e+04 5.48964e-01
1.44000e+04 5.48610e-01
1.44039e+04 5.48606e-01
1.44100e+04 5.48769e-01
1.44200e+04 5.49039e-01
1.44239e+04 5.49145e-01
1.44300e+04 5.49443e-01
1.44400e+04 5.49935e-01
1.44439e+04 5.50129e-01
1.44500e+04 5.50377e-01
1.44600e+04 5.50785e-01
1.44640e+04 5.50946e-01
1.44700e+04 5.50788e-01
1.44800e+04 5.50527e-01
1.44840e+04 5.50424e-01
1.44900e+04 5.51041e-01
1.45000e+04 5.52062e-01
1.45040e+04 5.52390e-01
1.45100e+04 5.52249e-01
1.45200e+04 5.52469e-01
1.45240e+04 5.52557e-01
1.45300e+04 5.52504e-01
1.45400e+04 5.52418e-01
1.45440e+04 5.52383e-01
1.45500e+04 5.52297e-01
1.45600e+04 5.52154e-01
1.45640e+04 5.52097e-01
1.45700e+04 5.51776e-01
1.45800e+04 5.50790e-01
1.45840e+04 5.50577e-01
1.45900e+04 5.50339e-01
1.46000e+04 5.49944e-01
1.46040e+04 5.49762e-01
1.46100e+04 5.49320e-01
1.46200e+04 5.48583e-01
1.46240e+04 5.48289e-01
1.46300e+04 5.48065e-01
1.46400e+04 5.47691e-01
1.46440e+04 5.47362e-01
1.46500e+04 5.46617e-01
1.46600e+04 5.45824e-01
1.46640e+04 5.45506e-01
1.46700e+04 5.45382e-01
1.46800e+04 5.45175e-01
1.46840e+04 5.45092e-01
1.46900e+04 5.44968e-01
1.47000e+04 5.44761e-01
1.47040e+04 5.44498e-01
1.47100e+04 5.44558e-01
1.47200e+04 5.45106e-01
1.47240e+04 5.45326e-01
1.47300e+04 5.45553e-01
1.47400e+04 5.45933e-01
1.47440e+04 5.46087e-01
1.47500e+04 5.46180e-01
1.47600e+04 5.45888e-01
1.47640e+04 5.45951e-01
1.47700e+04 5.46245e-01
1.47800e+04 5.46737e-01
1.47840e+04 5.46936e-01
1.47900e+04 5.47379e-01
1.48000e+04 5.47673e-01
1.48040e+04 5.47952e-01
1.48100e+04 5.48195e-01
1.48200e+04 5.48605e-01
1.48240e+04 5.48770e-01
1.48300e+04 5.49147e-01
1.48400e+04 5.49328e-01
1.48441e+04 5.49585e-01
1.48500e+04 5.49778e-01
1.48600e+04 5.50104e-01
1.48641e+04 5.50236e-01
1.48700e+04 5.50329e-01
1.48800e+04 5.50034e-01
1.48841e+04 5.50098e-01
1.48900e+04 5.50258e-01
1.49000e+04 5.50527e-01
1.49041e+04 5.50637e-01
1.49100e+04 5.51111e-01
1.49200e+04 5.51457e-01
1.49241e+04 5.51783e-01
1.49300e+04 5.51860e-01
1.49400e+04 5.51990e-01
1.49441e+04 5.52043e-01
1.49500e+04 5.52698e-01
1.49600e+04 5.53350e-01
1.49641e+04 5.53802e-01
1.49700e+04 5.53863e-01
1.49800e+04 5.53964e-01
1.49841e+04 5.53819e-01
1.49900e+04 5.54005e-01
1.50000e+04 5.54777e-01
1.50041e+04 5.54984e-01
1.50100e+04 5.54953e-01
1.50200e+04 5.54442e-01
1.50241e+04 5.54421e-01
1.50300e+04 5.54439e-01
1.50400e+04 5.54470e-01
1.50441e+04 5.54295e-01
1.50500e+04 5.53666e-01
1.50600e+04 5.53057e-01
1.50641e+04 5.52806e-01
1.50700e+04 5.52350e-01
1.50800e+04 5.51119e-01
1.50841e+04 5.50800e-01
1.50900e+04 5.50230e-01
1.51000e+04 5.49262e-01
1.51041e+04 5.48676e-01
1.51100e+04 5.47776e-01
1.51200e+04 5.46700e-01
1.51241e+04 5.46255e-01
1.51300e+04 5.45347e-01
1.51400e+04 5.43350e-01
1.51441e+04 5.42711e-01
1.51500e+04 5.41644e-01
1.51600e+04 5.39825e-01
1.51641e+04 5.38886e-01
1.51700e+04 5.37674e-01
1.51800e+04 5.36051e-01
1.51841e+04 5.35194e-01
1.51900e+04 5.34115e-01
1.52000e+04 5.32717e-01
1.52042e+04 5.32118e-01
1.52100e+04 5.31292e-01
1.52200e+04 5.29439e-01
1.52242e+04 5.28852e-01
1.52300e+04 5.28446e-01
1.52400e+04 5.27313e-01
1.52442e+04 5.27024e-01
1.52500e+04 5.26732e-01
1.52600e+04 5.26231e-01
1.52642e+04 5.25840e-01
1.52700e+04 5.25309e-01
1.52800e+04 5.24836e-01
1.52842e+04 5.24457e-01
1.52900e+04 5.24167e-01
1.53000e+04 5.24106e-01
1.53042e+04 5.23897e-01
1.53100e+04 5.23735e-01
1.53200e+04 5.23892e-01
1.53242e+04 5.23775e-01
1.53300e+04 5.23723e-01
1.53400e+04 5.24070e-01
1.53442e+04 5.24032e-01
1.53500e+04 5.23964e-01
1.53600e+04 5.24283e-01
1.53642e+04 5.24417e-01
1.53700e+04 5.24649e-01
1.53800e+04 5.24610e-01
1.53842e+04 5.24778e-01
1.53900e+04 5.25166e-01
1.54000e+04 5.25397e-01
1.54042e+04 5.25690e-01
1.54100e+04 5.25857e-01
1.54200e+04 5.25705e-01
1.54242e+04 5.25827e-01
1.54300e+04 5.25993e-01
1.54400e+04 5.25840e-01
1.54442e+04 5.25961e-01
1.54500e+04 5.26237e-01
1.54600e+04 5.26271e-01
1.54642e+04 5.26285e-01
1.54700e+04 5.26164e-01
1.54800e+04 5.26396e-01
1.54842e+04 5.26307e-01
1.54900e+04 5.26045e-01
1.55000e+04 5.26034e-01
1.55042e+04 5.25902e-01
1.55100e+04 5.25784e-01
1.55200e+04 5.26021e-01
1.55242e+04 5.25934e-01
1.55300e+04 5.25630e-01
1.55400e+04 5.25544e-01
1.55442e+04 5.25320e-01
1.55500e+04 5.24816e-01
1.55600e+04 5.23940e-01
1.55643e+04 5.23756e-01
1.55700e+04 5.23491e-01
1.55800e+04 5.22590e-01
1.55843e+04 5.22394e-01
1.55900e+04 5.21992e-01
1.56000e+04 5.20851e-01
1.56043e+04 5.20541e-01
1.56100e+04 5.19955e-01
1.56200e+04 5.18495e-01
1.56243e+04 5.17873e-01
1.56300e+04 5.16992e-01
1.56400e+04 5.15893e-01
1.56443e+04 5.15237e-01
1.56500e+04 5.14114e-01
1.56600e+04 5.12156e-01
1.56643e+04 5.11504e-01
1.56700e+04 5.10542e-01
1.56800e+04 5.08429e-01
1.56843e+04 5.07710e-01
1.56900e+04 5.06993e-01
1.57000e+04 5.05311e-01
1.57043e+04 5.04590e-01
1.57100e+04 5.03373e-01
1.57200e+04 5.01671e-01
1.57243e+04 5.00757e-01
1.57300e+04 4.99696e-01
1.57400e+04 4.97838e-01
1.57443e+04 4.97222e-01
1.57500e+04 4.97009e-01
1.57600e+04 4.96213e-01
1.57643e+04 4.95871e-01
1.57700e+04 4.95825e-01
1.57800e+04 4.95743e-01
1.57843e+04 4.95889e-01
1.57900e+04 4.96654e-01
1.58000e+04 4.97572e-01
1.58043e+04 4.97976e-01
1.58100e+04 4.99375e-01
1.58200e+04 5.02263e-01
1.58243e+04 5.03325e-01
1.58300e+04 5.05061e-01
1.58400e+04 5.08115e-01
1.58443e+04 5.09434e-01
1.58500e+04 5.10342e-01
1.58600e+04 5.12379e-01
1.58643e+04 5.13071e-01
1.58700e+04 5.09946e-01
1.58800e+04 5.04439e-01
1.58843e+04 5.02053e-01
1.58900e+04 4.90983e-01
1.59000e+04 4.71863e-01
1.59043e+04 4.63386e-01
1.59100e+04 4.41560e-01
1.59200e+04 4.03031e-01
1.59243e+04 3.86300e-01
1.59300e+04 3.58414e-01
1.59400e+04 3.09147e-01
1.59444e+04 2.87827e-01
1.59500e+04 2.61508e-01
1.59600e+04 2.14704e-01
1.59644e+04 1.94325e-01
1.59700e+04 1.74465e-01
1.59800e+04 1.39304e-01
1.59844e+04 1.23974e-01
1.59900e+04 1.10928e-01
1.60000e+04 8.78816e-02
1.60044e+04 7.77817e-02
1.60100e+04 6.94391e-02
1.60200e+04 5.46400e-02
1.60244e+04 4.81713e-02
1.60300e+04 4.31443e-02
1.60400e+04 3.42177e-02
1.60444e+04 3.03115e-02
1.60500e+04 2.72755e-02
1.60600e+04 2.18985e-02
1.60644e+04 1.95321e-02
1.60700e+04 1.76888e-02
1.60800e+04 1.44093e-02
1.60844e+04 1.29708e-02
1.60900e+04 1.17704e-02
1.61000e+04 9.63295e-03
1.61044e+04 8.69410e-03
1.61100e+04 7.93605e-03
1.61200e+04 6.58478e-03
1.61244e+04 5.99046e-03
1.61300e+04 5.46428e-03
1.61400e+04 4.52536e-03
1.61444e+04 4.11194e-03
1.61500e+04 3.76313e-03
1.61600e+04 3.14291e-03
1.61644e+04 2.86801e-03
1.61700e+04 2.65208e-03
1.61800e+04 2.26601e-03
1.61844e+04 2.09561e-03
1.61900e+04 1.93771e-03
1.62000e+04 1.65516e-03
1.62044e+04 1.53016e-03
1.62100e+04 1.42404e-03
1.62200e+04 1.23400e-03
1.62244e+04 1.14994e-03
1.62300e+04 1.05856e-03
1.62400e+04 8.94781e-04
1.62444e+04 8.22254e-04
1.62500e+04 7.79378e-04
1.62600e+04 7.02460e-04
1.62644e+04 6.68347e-04
1.62700e+04 6.17344e-04
1.62800e+04 5.25736e-04
1.62844e+04 4.85063e-04
1.62900e+04 4.76366e-04
1.63000e+04 4.60732e-04
1.63045e+04 4.53780e-04
1.63100e+04 4.11589e-04
1.63200e+04 3.35662e-04
1.63245e+04 3.01870e-04
1.63300e+04 2.73829e-04
1.63400e+04 2.23322e-04
1.63445e+04 2.00814e-04
1.63500e+04 1.72915e-04
1.63545e+04 1.50435e-04
1.63600e+04 1.48120e-04
1.63700e+04 1.43815e-04
1.63800e+04 1.39652e-04
1.63900e+04 1.35498e-04
1.64000e+04 1.31353e-04
1.64100e+04 1.27293e-04
1.64200e+04 1.23237e-04
1.64300e+04 1.19186e-04
1.64400e+04 1.15139e-04
1.64500e+04 1.11097e-04
