# Filter name : HST/WFC3_IR.F125W
# Description : F125W filter for HST WFC3_IR
# Photometric system : WFC3-IR
# FilterType : photon
# Band name : ------
# Observatory : HST
# Instrument : WFC3
# Comments : Response calculated at a reference time, June 26, 2009, i.e. approximately when WFC3 was installed on HST. Using filter throughputs determined in the lab in combination with the measured QE of the flight detectors and sensitivities of WFC3's optics. These values were derived with STsynphot by using filter and correction files from the latest photometric calibration released on October 2020 (Bajaj et al 2020,  Calamida et al. 2021). For more information on the latest photometric calibration please see the Photometric calibration webpage. 
# 
1.06400e+04 1.17086e-04
1.06500e+04 1.29066e-04
1.06600e+04 1.41051e-04
1.06700e+04 1.53042e-04
1.06729e+04 1.56548e-04
1.06779e+04 1.45760e-04
1.06800e+04 1.57393e-04
1.06829e+04 1.73831e-04
1.06879e+04 1.75184e-04
1.06900e+04 1.84970e-04
1.06929e+04 1.98752e-04
1.06979e+04 1.83461e-04
1.07000e+04 1.91101e-04
1.07029e+04 2.01919e-04
1.07079e+04 1.77694e-04
1.07100e+04 1.52941e-04
1.07129e+04 1.17811e-04
1.07179e+04 2.17129e-04
1.07200e+04 3.12785e-04
1.07229e+04 4.48800e-04
1.07279e+04 5.65177e-04
1.07300e+04 5.35046e-04
1.07329e+04 4.92078e-04
1.07379e+04 4.50233e-04
1.07400e+04 4.82215e-04
1.07429e+04 5.27933e-04
1.07479e+04 5.54095e-04
1.07500e+04 5.87083e-04
1.07529e+04 6.34331e-04
1.07579e+04 6.70707e-04
1.07600e+04 7.22732e-04
1.07629e+04 7.97427e-04
1.07679e+04 8.33913e-04
1.07700e+04 8.76814e-04
1.07730e+04 9.38538e-04
1.07780e+04 9.47669e-04
1.07800e+04 9.78550e-04
1.07830e+04 1.02309e-03
1.07880e+04 1.40208e-03
1.07900e+04 1.46767e-03
1.07930e+04 1.56246e-03
1.07980e+04 1.90190e-03
1.08000e+04 1.97605e-03
1.08030e+04 2.08347e-03
1.08080e+04 2.17976e-03
1.08100e+04 2.29799e-03
1.08130e+04 2.46962e-03
1.08180e+04 2.80414e-03
1.08200e+04 2.95094e-03
1.08230e+04 3.16445e-03
1.08280e+04 3.58304e-03
1.08300e+04 3.78965e-03
1.08330e+04 4.09090e-03
1.08380e+04 4.64322e-03
1.08400e+04 4.90329e-03
1.08430e+04 5.28328e-03
1.08480e+04 5.96197e-03
1.08500e+04 6.25727e-03
1.08530e+04 6.68978e-03
1.08580e+04 7.93027e-03
1.08600e+04 8.37996e-03
1.08630e+04 9.04220e-03
1.08680e+04 1.05644e-02
1.08700e+04 1.12097e-02
1.08730e+04 1.21558e-02
1.08780e+04 1.38357e-02
1.08800e+04 1.46913e-02
1.08830e+04 1.59528e-02
1.08880e+04 1.84702e-02
1.08900e+04 1.96110e-02
1.08930e+04 2.12973e-02
1.08980e+04 2.46418e-02
1.09000e+04 2.62437e-02
1.09030e+04 2.86175e-02
1.09080e+04 3.32036e-02
1.09100e+04 3.53106e-02
1.09130e+04 3.84395e-02
1.09180e+04 4.44914e-02
1.09200e+04 4.73122e-02
1.09230e+04 5.15113e-02
1.09280e+04 5.97563e-02
1.09300e+04 6.34863e-02
1.09330e+04 6.90497e-02
1.09380e+04 7.96526e-02
1.09400e+04 8.42977e-02
1.09430e+04 9.12406e-02
1.09480e+04 1.04488e-01
1.09500e+04 1.10381e-01
1.09530e+04 1.19209e-01
1.09580e+04 1.35202e-01
1.09600e+04 1.42113e-01
1.09630e+04 1.52490e-01
1.09680e+04 1.70252e-01
1.09700e+04 1.78092e-01
1.09730e+04 1.89940e-01
1.09780e+04 2.10834e-01
1.09800e+04 2.19285e-01
1.09830e+04 2.31974e-01
1.09880e+04 2.53495e-01
1.09900e+04 2.61936e-01
1.09930e+04 2.74681e-01
1.09980e+04 2.96180e-01
1.10000e+04 3.04443e-01
1.10030e+04 3.16969e-01
1.10080e+04 3.36816e-01
1.10100e+04 3.44282e-01
1.10130e+04 3.55614e-01
1.10180e+04 3.72796e-01
1.10200e+04 3.79158e-01
1.10230e+04 3.88839e-01
1.10280e+04 4.03166e-01
1.10300e+04 4.08222e-01
1.10330e+04 4.15932e-01
1.10380e+04 4.26959e-01
1.10400e+04 4.30757e-01
1.10430e+04 4.36568e-01
1.10480e+04 4.44798e-01
1.10500e+04 4.47490e-01
1.10530e+04 4.51617e-01
1.10580e+04 4.57405e-01
1.10600e+04 4.59285e-01
1.10630e+04 4.62295e-01
1.10680e+04 4.66448e-01
1.10700e+04 4.67862e-01
1.10730e+04 4.69917e-01
1.10780e+04 4.72506e-01
1.10800e+04 4.73363e-01
1.10830e+04 4.74685e-01
1.10880e+04 4.76458e-01
1.10900e+04 4.77068e-01
1.10930e+04 4.78012e-01
1.10980e+04 4.79272e-01
1.11000e+04 4.79716e-01
1.11030e+04 4.80404e-01
1.11080e+04 4.81330e-01
1.11100e+04 4.81653e-01
1.11130e+04 4.82156e-01
1.11180e+04 4.82972e-01
1.11200e+04 4.83268e-01
1.11230e+04 4.83728e-01
1.11280e+04 4.84351e-01
1.11300e+04 4.84579e-01
1.11330e+04 4.84936e-01
1.11380e+04 4.85536e-01
1.11400e+04 4.85723e-01
1.11431e+04 4.86143e-01
1.11481e+04 4.86752e-01
1.11500e+04 4.86988e-01
1.11531e+04 4.87231e-01
1.11581e+04 4.87584e-01
1.11600e+04 4.87683e-01
1.11631e+04 4.87839e-01
1.11681e+04 4.88024e-01
1.11700e+04 4.88045e-01
1.11731e+04 4.88079e-01
1.11781e+04 4.88241e-01
1.11800e+04 4.88298e-01
1.11831e+04 4.88389e-01
1.11881e+04 4.88538e-01
1.11900e+04 4.88593e-01
1.11931e+04 4.88682e-01
1.11981e+04 4.88789e-01
1.12000e+04 4.88848e-01
1.12031e+04 4.89077e-01
1.12081e+04 4.89472e-01
1.12100e+04 4.89633e-01
1.12131e+04 4.89759e-01
1.12181e+04 4.90038e-01
1.12200e+04 4.90166e-01
1.12231e+04 4.90369e-01
1.12281e+04 4.90560e-01
1.12300e+04 4.90620e-01
1.12331e+04 4.90716e-01
1.12381e+04 4.90936e-01
1.12400e+04 4.91009e-01
1.12431e+04 4.91125e-01
1.12481e+04 4.91279e-01
1.12500e+04 4.91321e-01
1.12531e+04 4.91388e-01
1.12581e+04 4.91419e-01
1.12600e+04 4.91388e-01
1.12631e+04 4.91339e-01
1.12681e+04 4.91301e-01
1.12700e+04 4.91318e-01
1.12731e+04 4.91474e-01
1.12781e+04 4.91611e-01
1.12800e+04 4.91620e-01
1.12831e+04 4.91505e-01
1.12881e+04 4.91344e-01
1.12900e+04 4.91261e-01
1.12931e+04 4.91126e-01
1.12981e+04 4.90842e-01
1.13000e+04 4.90724e-01
1.13031e+04 4.90533e-01
1.13081e+04 4.90085e-01
1.13100e+04 4.89944e-01
1.13131e+04 4.89713e-01
1.13181e+04 4.89282e-01
1.13200e+04 4.89126e-01
1.13231e+04 4.88870e-01
1.13281e+04 4.88477e-01
1.13300e+04 4.88326e-01
1.13331e+04 4.88207e-01
1.13381e+04 4.88026e-01
1.13400e+04 4.87978e-01
1.13431e+04 4.87769e-01
1.13481e+04 4.87520e-01
1.13500e+04 4.87490e-01
1.13531e+04 4.87441e-01
1.13581e+04 4.87418e-01
1.13600e+04 4.87412e-01
1.13631e+04 4.87401e-01
1.13681e+04 4.87373e-01
1.13700e+04 4.87315e-01
1.13731e+04 4.87221e-01
1.13781e+04 4.87314e-01
1.13800e+04 4.87412e-01
1.13831e+04 4.87703e-01
1.13881e+04 4.88274e-01
1.13900e+04 4.88499e-01
1.13931e+04 4.88743e-01
1.13981e+04 4.89206e-01
1.14000e+04 4.89385e-01
1.14031e+04 4.89694e-01
1.14081e+04 4.90160e-01
1.14100e+04 4.90374e-01
1.14131e+04 4.90731e-01
1.14181e+04 4.91232e-01
1.14200e+04 4.91433e-01
1.14231e+04 4.91768e-01
1.14281e+04 4.92199e-01
1.14300e+04 4.92365e-01
1.14331e+04 4.92642e-01
1.14381e+04 4.93039e-01
1.14400e+04 4.93132e-01
1.14431e+04 4.93421e-01
1.14481e+04 4.93807e-01
1.14500e+04 4.93933e-01
1.14531e+04 4.94013e-01
1.14581e+04 4.94033e-01
1.14600e+04 4.94025e-01
1.14631e+04 4.94010e-01
1.14681e+04 4.93961e-01
1.14700e+04 4.93961e-01
1.14731e+04 4.93960e-01
1.14781e+04 4.93695e-01
1.14800e+04 4.93583e-01
1.14831e+04 4.93394e-01
1.14881e+04 4.93048e-01
1.14900e+04 4.92931e-01
1.14931e+04 4.92864e-01
1.14981e+04 4.92771e-01
1.15000e+04 4.92750e-01
1.15031e+04 4.92574e-01
1.15082e+04 4.92233e-01
1.15100e+04 4.92129e-01
1.15132e+04 4.91953e-01
1.15182e+04 4.91817e-01
1.15200e+04 4.91759e-01
1.15232e+04 4.91661e-01
1.15282e+04 4.91629e-01
1.15300e+04 4.91584e-01
1.15332e+04 4.91507e-01
1.15382e+04 4.91760e-01
1.15400e+04 4.91909e-01
1.15432e+04 4.92297e-01
1.15482e+04 4.93048e-01
1.15500e+04 4.93378e-01
1.15532e+04 4.93813e-01
1.15582e+04 4.94613e-01
1.15600e+04 4.94945e-01
1.15632e+04 4.95517e-01
1.15682e+04 4.96536e-01
1.15700e+04 4.96941e-01
1.15732e+04 4.97640e-01
1.15782e+04 4.98942e-01
1.15800e+04 4.99417e-01
1.15832e+04 5.00237e-01
1.15882e+04 5.01529e-01
1.15900e+04 5.01970e-01
1.15932e+04 5.02870e-01
1.15982e+04 5.04356e-01
1.16000e+04 5.04872e-01
1.16032e+04 5.05634e-01
1.16082e+04 5.06777e-01
1.16100e+04 5.07177e-01
1.16132e+04 5.07872e-01
1.16182e+04 5.08872e-01
1.16200e+04 5.09164e-01
1.16232e+04 5.09674e-01
1.16282e+04 5.10485e-01
1.16300e+04 5.10678e-01
1.16332e+04 5.11154e-01
1.16382e+04 5.11843e-01
1.16400e+04 5.12030e-01
1.16432e+04 5.12221e-01
1.16482e+04 5.12380e-01
1.16500e+04 5.12356e-01
1.16532e+04 5.12312e-01
1.16582e+04 5.12110e-01
1.16600e+04 5.11979e-01
1.16632e+04 5.11748e-01
1.16682e+04 5.11214e-01
1.16700e+04 5.11037e-01
1.16732e+04 5.10725e-01
1.16782e+04 5.10127e-01
1.16800e+04 5.09900e-01
1.16832e+04 5.09637e-01
1.16882e+04 5.09173e-01
1.16900e+04 5.08983e-01
1.16932e+04 5.08506e-01
1.16982e+04 5.07862e-01
1.17000e+04 5.07626e-01
1.17032e+04 5.07204e-01
1.17082e+04 5.06654e-01
1.17100e+04 5.06462e-01
1.17132e+04 5.06118e-01
1.17182e+04 5.05558e-01
1.17200e+04 5.05412e-01
1.17232e+04 5.05289e-01
1.17282e+04 5.05170e-01
1.17300e+04 5.05202e-01
1.17332e+04 5.05123e-01
1.17382e+04 5.04956e-01
1.17400e+04 5.04983e-01
1.17432e+04 5.05031e-01
1.17482e+04 5.05155e-01
1.17500e+04 5.05223e-01
1.17532e+04 5.05344e-01
1.17582e+04 5.05586e-01
1.17600e+04 5.05742e-01
1.17632e+04 5.06025e-01
1.17682e+04 5.06443e-01
1.17700e+04 5.06605e-01
1.17732e+04 5.07036e-01
1.17782e+04 5.07752e-01
1.17800e+04 5.08005e-01
1.17832e+04 5.08325e-01
1.17882e+04 5.08869e-01
1.17900e+04 5.09054e-01
1.17932e+04 5.09391e-01
1.17982e+04 5.09796e-01
1.18000e+04 5.09926e-01
1.18032e+04 5.10140e-01
1.18082e+04 5.10436e-01
1.18100e+04 5.10538e-01
1.18132e+04 5.10865e-01
1.18182e+04 5.11282e-01
1.18200e+04 5.11372e-01
1.18232e+04 5.11397e-01
1.18282e+04 5.11401e-01
1.18300e+04 5.11375e-01
1.18332e+04 5.11325e-01
1.18382e+04 5.11117e-01
1.18400e+04 5.11053e-01
1.18432e+04 5.10935e-01
1.18482e+04 5.10657e-01
1.18500e+04 5.10514e-01
1.18532e+04 5.10389e-01
1.18582e+04 5.10247e-01
1.18600e+04 5.10171e-01
1.18632e+04 5.09890e-01
1.18682e+04 5.09497e-01
1.18700e+04 5.09330e-01
1.18732e+04 5.09020e-01
1.18782e+04 5.08539e-01
1.18800e+04 5.08397e-01
1.18833e+04 5.08132e-01
1.18883e+04 5.07792e-01
1.18900e+04 5.07688e-01
1.18933e+04 5.07635e-01
1.18983e+04 5.07544e-01
1.19000e+04 5.07624e-01
1.19033e+04 5.07633e-01
1.19083e+04 5.07645e-01
1.19100e+04 5.07660e-01
1.19133e+04 5.07688e-01
1.19183e+04 5.07705e-01
1.19200e+04 5.07739e-01
1.19233e+04 5.07801e-01
1.19283e+04 5.08027e-01
1.19300e+04 5.08129e-01
1.19333e+04 5.08321e-01
1.19383e+04 5.08653e-01
1.19400e+04 5.08755e-01
1.19433e+04 5.09088e-01
1.19483e+04 5.09494e-01
1.19500e+04 5.09757e-01
1.19533e+04 5.10113e-01
1.19583e+04 5.10684e-01
1.19600e+04 5.10881e-01
1.19633e+04 5.11255e-01
1.19683e+04 5.11793e-01
1.19700e+04 5.12010e-01
1.19733e+04 5.12421e-01
1.19783e+04 5.13152e-01
1.19800e+04 5.13322e-01
1.19833e+04 5.13788e-01
1.19883e+04 5.14412e-01
1.19900e+04 5.14606e-01
1.19933e+04 5.14834e-01
1.19983e+04 5.15075e-01
1.20000e+04 5.15154e-01
1.20033e+04 5.15326e-01
1.20083e+04 5.15575e-01
1.20100e+04 5.15673e-01
1.20133e+04 5.15863e-01
1.20183e+04 5.16128e-01
1.20200e+04 5.16221e-01
1.20233e+04 5.16542e-01
1.20283e+04 5.16892e-01
1.20300e+04 5.16980e-01
1.20333e+04 5.17007e-01
1.20383e+04 5.16970e-01
1.20400e+04 5.16950e-01
1.20433e+04 5.16912e-01
1.20483e+04 5.16683e-01
1.20500e+04 5.16642e-01
1.20533e+04 5.16563e-01
1.20583e+04 5.16479e-01
1.20600e+04 5.16486e-01
1.20633e+04 5.16643e-01
1.20683e+04 5.16804e-01
1.20700e+04 5.16871e-01
1.20733e+04 5.16857e-01
1.20783e+04 5.16927e-01
1.20800e+04 5.16991e-01
1.20833e+04 5.17115e-01
1.20883e+04 5.17326e-01
1.20900e+04 5.17411e-01
1.20933e+04 5.17576e-01
1.20983e+04 5.17769e-01
1.21000e+04 5.17858e-01
1.21033e+04 5.18178e-01
1.21083e+04 5.18672e-01
1.21100e+04 5.18834e-01
1.21133e+04 5.19008e-01
1.21183e+04 5.19359e-01
1.21200e+04 5.19473e-01
1.21233e+04 5.19697e-01
1.21283e+04 5.19998e-01
1.21300e+04 5.20118e-01
1.21333e+04 5.20356e-01
1.21383e+04 5.20640e-01
1.21400e+04 5.20744e-01
1.21433e+04 5.21097e-01
1.21483e+04 5.21613e-01
1.21500e+04 5.21746e-01
1.21533e+04 5.21863e-01
1.21583e+04 5.22015e-01
1.21600e+04 5.21964e-01
1.21633e+04 5.21863e-01
1.21683e+04 5.21948e-01
1.21700e+04 5.21930e-01
1.21733e+04 5.21893e-01
1.21783e+04 5.21786e-01
1.21800e+04 5.21758e-01
1.21833e+04 5.21850e-01
1.21883e+04 5.21924e-01
1.21900e+04 5.21914e-01
1.21933e+04 5.21747e-01
1.21983e+04 5.21537e-01
1.22000e+04 5.21457e-01
1.22033e+04 5.21281e-01
1.22083e+04 5.20860e-01
1.22100e+04 5.20706e-01
1.22133e+04 5.20542e-01
1.22183e+04 5.20282e-01
1.22200e+04 5.20193e-01
1.22233e+04 5.19868e-01
1.22283e+04 5.19357e-01
1.22300e+04 5.19146e-01
1.22333e+04 5.18719e-01
1.22383e+04 5.18252e-01
1.22400e+04 5.18136e-01
1.22433e+04 5.17901e-01
1.22484e+04 5.17573e-01
1.22500e+04 5.17491e-01
1.22534e+04 5.17469e-01
1.22584e+04 5.17621e-01
1.22600e+04 5.17680e-01
1.22634e+04 5.17657e-01
1.22684e+04 5.17904e-01
1.22700e+04 5.17922e-01
1.22734e+04 5.17961e-01
1.22784e+04 5.18188e-01
1.22800e+04 5.18295e-01
1.22834e+04 5.18512e-01
1.22884e+04 5.18833e-01
1.22900e+04 5.18984e-01
1.22934e+04 5.19441e-01
1.22984e+04 5.20202e-01
1.23000e+04 5.20465e-01
1.23034e+04 5.20860e-01
1.23084e+04 5.21511e-01
1.23100e+04 5.21745e-01
1.23134e+04 5.22228e-01
1.23184e+04 5.22991e-01
1.23200e+04 5.23238e-01
1.23234e+04 5.23748e-01
1.23284e+04 5.24489e-01
1.23300e+04 5.24738e-01
1.23334e+04 5.25403e-01
1.23384e+04 5.26381e-01
1.23400e+04 5.26680e-01
1.23434e+04 5.27152e-01
1.23484e+04 5.27830e-01
1.23500e+04 5.28034e-01
1.23534e+04 5.28459e-01
1.23584e+04 5.28978e-01
1.23600e+04 5.29130e-01
1.23634e+04 5.29446e-01
1.23684e+04 5.29836e-01
1.23700e+04 5.29935e-01
1.23734e+04 5.30294e-01
1.23784e+04 5.30704e-01
1.23800e+04 5.30836e-01
1.23834e+04 5.30962e-01
1.23884e+04 5.30987e-01
1.23900e+04 5.30990e-01
1.23934e+04 5.30995e-01
1.23984e+04 5.30950e-01
1.24000e+04 5.30885e-01
1.24034e+04 5.30768e-01
1.24084e+04 5.30619e-01
1.24100e+04 5.30550e-01
1.24134e+04 5.30555e-01
1.24184e+04 5.30518e-01
1.24200e+04 5.30503e-01
1.24234e+04 5.30321e-01
1.24284e+04 5.30019e-01
1.24300e+04 5.29884e-01
1.24334e+04 5.29597e-01
1.24384e+04 5.29216e-01
1.24400e+04 5.29142e-01
1.24434e+04 5.28986e-01
1.24484e+04 5.28828e-01
1.24500e+04 5.28785e-01
1.24534e+04 5.28843e-01
1.24584e+04 5.29044e-01
1.24600e+04 5.29121e-01
1.24634e+04 5.29135e-01
1.24684e+04 5.29196e-01
1.24700e+04 5.29274e-01
1.24734e+04 5.29439e-01
1.24784e+04 5.29783e-01
1.24800e+04 5.29873e-01
1.24834e+04 5.30066e-01
1.24884e+04 5.30333e-01
1.24900e+04 5.30438e-01
1.24934e+04 5.30818e-01
1.24984e+04 5.31429e-01
1.25000e+04 5.31632e-01
1.25034e+04 5.31878e-01
1.25084e+04 5.32243e-01
1.25100e+04 5.32348e-01
1.25134e+04 5.32575e-01
1.25184e+04 5.32954e-01
1.25200e+04 5.33081e-01
1.25234e+04 5.33358e-01
1.25284e+04 5.33661e-01
1.25300e+04 5.33749e-01
1.25334e+04 5.34094e-01
1.25384e+04 5.34591e-01
1.25400e+04 5.34702e-01
1.25434e+04 5.34793e-01
1.25484e+04 5.34876e-01
1.25500e+04 5.34893e-01
1.25534e+04 5.34928e-01
1.25584e+04 5.34819e-01
1.25600e+04 5.34777e-01
1.25634e+04 5.34838e-01
1.25684e+04 5.34814e-01
1.25700e+04 5.34780e-01
1.25734e+04 5.34553e-01
1.25784e+04 5.34077e-01
1.25800e+04 5.33917e-01
1.25834e+04 5.33564e-01
1.25884e+04 5.32993e-01
1.25900e+04 5.32796e-01
1.25934e+04 5.32360e-01
1.25984e+04 5.31642e-01
1.26000e+04 5.31403e-01
1.26034e+04 5.31017e-01
1.26084e+04 5.30456e-01
1.26100e+04 5.30279e-01
1.26135e+04 5.29734e-01
1.26185e+04 5.28961e-01
1.26200e+04 5.28700e-01
1.26235e+04 5.28119e-01
1.26285e+04 5.27277e-01
1.26300e+04 5.27050e-01
1.26335e+04 5.26541e-01
1.26385e+04 5.25882e-01
1.26400e+04 5.25644e-01
1.26435e+04 5.25260e-01
1.26485e+04 5.24864e-01
1.26500e+04 5.24812e-01
1.26535e+04 5.24544e-01
1.26585e+04 5.24124e-01
1.26600e+04 5.24045e-01
1.26635e+04 5.23867e-01
1.26685e+04 5.23796e-01
1.26700e+04 5.23797e-01
1.26735e+04 5.23800e-01
1.26785e+04 5.24058e-01
1.26800e+04 5.24135e-01
1.26835e+04 5.24460e-01
1.26885e+04 5.24932e-01
1.26900e+04 5.25112e-01
1.26935e+04 5.25370e-01
1.26985e+04 5.25797e-01
1.27000e+04 5.25922e-01
1.27035e+04 5.26208e-01
1.27085e+04 5.26668e-01
1.27100e+04 5.26873e-01
1.27135e+04 5.27339e-01
1.27185e+04 5.28168e-01
1.27200e+04 5.28405e-01
1.27235e+04 5.29100e-01
1.27285e+04 5.30176e-01
1.27300e+04 5.30562e-01
1.27335e+04 5.31292e-01
1.27385e+04 5.32276e-01
1.27400e+04 5.32557e-01
1.27435e+04 5.33201e-01
1.27485e+04 5.34076e-01
1.27500e+04 5.34308e-01
1.27535e+04 5.34842e-01
1.27585e+04 5.35618e-01
1.27600e+04 5.35851e-01
1.27635e+04 5.36390e-01
1.27685e+04 5.36949e-01
1.27700e+04 5.37145e-01
1.27735e+04 5.37757e-01
1.27785e+04 5.38685e-01
1.27800e+04 5.38912e-01
1.27835e+04 5.39282e-01
1.27885e+04 5.39833e-01
1.27900e+04 5.40005e-01
1.27935e+04 5.40404e-01
1.27985e+04 5.40790e-01
1.28000e+04 5.40919e-01
1.28035e+04 5.41189e-01
1.28085e+04 5.41760e-01
1.28100e+04 5.41817e-01
1.28135e+04 5.42106e-01
1.28185e+04 5.42437e-01
1.28200e+04 5.42549e-01
1.28235e+04 5.42655e-01
1.28285e+04 5.42705e-01
1.28300e+04 5.42693e-01
1.28335e+04 5.42663e-01
1.28385e+04 5.42658e-01
1.28400e+04 5.42640e-01
1.28435e+04 5.42599e-01
1.28485e+04 5.42476e-01
1.28500e+04 5.42438e-01
1.28535e+04 5.42508e-01
1.28585e+04 5.42519e-01
1.28600e+04 5.42527e-01
1.28635e+04 5.42388e-01
1.28685e+04 5.42185e-01
1.28700e+04 5.42102e-01
1.28735e+04 5.41907e-01
1.28785e+04 5.41572e-01
1.28800e+04 5.41477e-01
1.28835e+04 5.41251e-01
1.28885e+04 5.40755e-01
1.28900e+04 5.40628e-01
1.28935e+04 5.40482e-01
1.28985e+04 5.40218e-01
1.29000e+04 5.40097e-01
1.29035e+04 5.39650e-01
1.29085e+04 5.38814e-01
1.29100e+04 5.38628e-01
1.29135e+04 5.38181e-01
1.29185e+04 5.37357e-01
1.29200e+04 5.37138e-01
1.29235e+04 5.36610e-01
1.29285e+04 5.35869e-01
1.29300e+04 5.35578e-01
1.29335e+04 5.35033e-01
1.29385e+04 5.34305e-01
1.29400e+04 5.34099e-01
1.29435e+04 5.33443e-01
1.29485e+04 5.32419e-01
1.29500e+04 5.32096e-01
1.29535e+04 5.31312e-01
1.29585e+04 5.30159e-01
1.29600e+04 5.29834e-01
1.29635e+04 5.29045e-01
1.29685e+04 5.27961e-01
1.29700e+04 5.27653e-01
1.29735e+04 5.26900e-01
1.29785e+04 5.25905e-01
1.29800e+04 5.25595e-01
1.29835e+04 5.24990e-01
1.29886e+04 5.24084e-01
1.29900e+04 5.23849e-01
1.29936e+04 5.23119e-01
1.29986e+04 5.22241e-01
1.30000e+04 5.21961e-01
1.30036e+04 5.21335e-01
1.30086e+04 5.20562e-01
1.30100e+04 5.20368e-01
1.30136e+04 5.19890e-01
1.30186e+04 5.19360e-01
1.30200e+04 5.19206e-01
1.30236e+04 5.18977e-01
1.30286e+04 5.18957e-01
1.30300e+04 5.18955e-01
1.30336e+04 5.18798e-01
1.30386e+04 5.18650e-01
1.30400e+04 5.18687e-01
1.30436e+04 5.18779e-01
1.30486e+04 5.18920e-01
1.30500e+04 5.19011e-01
1.30536e+04 5.19238e-01
1.30586e+04 5.19678e-01
1.30600e+04 5.19827e-01
1.30636e+04 5.20200e-01
1.30686e+04 5.20928e-01
1.30700e+04 5.21153e-01
1.30736e+04 5.21870e-01
1.30786e+04 5.22974e-01
1.30800e+04 5.23324e-01
1.30836e+04 5.24047e-01
1.30886e+04 5.25120e-01
1.30900e+04 5.25441e-01
1.30936e+04 5.26252e-01
1.30986e+04 5.27505e-01
1.31000e+04 5.27878e-01
1.31036e+04 5.28821e-01
1.31086e+04 5.30177e-01
1.31100e+04 5.30570e-01
1.31136e+04 5.31564e-01
1.31186e+04 5.32877e-01
1.31200e+04 5.33264e-01
1.31236e+04 5.34404e-01
1.31286e+04 5.35936e-01
1.31300e+04 5.36348e-01
1.31336e+04 5.37240e-01
1.31386e+04 5.38510e-01
1.31400e+04 5.38842e-01
1.31436e+04 5.39689e-01
1.31486e+04 5.40806e-01
1.31500e+04 5.41077e-01
1.31536e+04 5.41771e-01
1.31586e+04 5.42773e-01
1.31600e+04 5.43033e-01
1.31636e+04 5.43860e-01
1.31686e+04 5.44993e-01
1.31700e+04 5.45288e-01
1.31736e+04 5.45887e-01
1.31786e+04 5.46619e-01
1.31800e+04 5.46793e-01
1.31836e+04 5.47242e-01
1.31886e+04 5.47928e-01
1.31900e+04 5.48087e-01
1.31936e+04 5.48500e-01
1.31986e+04 5.48920e-01
1.32000e+04 5.49023e-01
1.32036e+04 5.49249e-01
1.32086e+04 5.49440e-01
1.32100e+04 5.49460e-01
1.32136e+04 5.49675e-01
1.32186e+04 5.50029e-01
1.32200e+04 5.50063e-01
1.32236e+04 5.49990e-01
1.32286e+04 5.50026e-01
1.32300e+04 5.50028e-01
1.32336e+04 5.50036e-01
1.32386e+04 5.50021e-01
1.32400e+04 5.50038e-01
1.32436e+04 5.50080e-01
1.32486e+04 5.50175e-01
1.32500e+04 5.50201e-01
1.32536e+04 5.50271e-01
1.32586e+04 5.50194e-01
1.32600e+04 5.50175e-01
1.32636e+04 5.50125e-01
1.32686e+04 5.49979e-01
1.32700e+04 5.49934e-01
1.32736e+04 5.49977e-01
1.32786e+04 5.49886e-01
1.32800e+04 5.49863e-01
1.32836e+04 5.49636e-01
1.32886e+04 5.49426e-01
1.32900e+04 5.49343e-01
1.32936e+04 5.49121e-01
1.32986e+04 5.48873e-01
1.33000e+04 5.48788e-01
1.33036e+04 5.48561e-01
1.33086e+04 5.48341e-01
1.33100e+04 5.48218e-01
1.33136e+04 5.47889e-01
1.33186e+04 5.47283e-01
1.33200e+04 5.47121e-01
1.33236e+04 5.46852e-01
1.33286e+04 5.46426e-01
1.33300e+04 5.46243e-01
1.33336e+04 5.45588e-01
1.33386e+04 5.44778e-01
1.33400e+04 5.44513e-01
1.33436e+04 5.43799e-01
1.33486e+04 5.42613e-01
1.33500e+04 5.42326e-01
1.33537e+04 5.41551e-01
1.33587e+04 5.40420e-01
1.33600e+04 5.40105e-01
1.33637e+04 5.39249e-01
1.33687e+04 5.38085e-01
1.33700e+04 5.37750e-01
1.33737e+04 5.36839e-01
1.33787e+04 5.35658e-01
1.33800e+04 5.35323e-01
1.33837e+04 5.34572e-01
1.33887e+04 5.33562e-01
1.33900e+04 5.33311e-01
1.33937e+04 5.32462e-01
1.33987e+04 5.31428e-01
1.34000e+04 5.31146e-01
1.34037e+04 5.30265e-01
1.34087e+04 5.28986e-01
1.34100e+04 5.28664e-01
1.34137e+04 5.27780e-01
1.34187e+04 5.26650e-01
1.34200e+04 5.26363e-01
1.34237e+04 5.25574e-01
1.34287e+04 5.24478e-01
1.34300e+04 5.24236e-01
1.34337e+04 5.23568e-01
1.34387e+04 5.22837e-01
1.34400e+04 5.22718e-01
1.34437e+04 5.22545e-01
1.34487e+04 5.22365e-01
1.34500e+04 5.22328e-01
1.34537e+04 5.22065e-01
1.34587e+04 5.21708e-01
1.34600e+04 5.21605e-01
1.34637e+04 5.21317e-01
1.34687e+04 5.21264e-01
1.34700e+04 5.21306e-01
1.34737e+04 5.21421e-01
1.34787e+04 5.21786e-01
1.34800e+04 5.21830e-01
1.34837e+04 5.21952e-01
1.34887e+04 5.22133e-01
1.34900e+04 5.22217e-01
1.34937e+04 5.22454e-01
1.34987e+04 5.23026e-01
1.35000e+04 5.23181e-01
1.35037e+04 5.23749e-01
1.35087e+04 5.24474e-01
1.35100e+04 5.24714e-01
1.35137e+04 5.25231e-01
1.35187e+04 5.25872e-01
1.35200e+04 5.26009e-01
1.35237e+04 5.26400e-01
1.35287e+04 5.27030e-01
1.35300e+04 5.27234e-01
1.35337e+04 5.27815e-01
1.35387e+04 5.28793e-01
1.35400e+04 5.28960e-01
1.35437e+04 5.29438e-01
1.35487e+04 5.29874e-01
1.35500e+04 5.30092e-01
1.35537e+04 5.30717e-01
1.35587e+04 5.31416e-01
1.35600e+04 5.31641e-01
1.35637e+04 5.32285e-01
1.35687e+04 5.32788e-01
1.35700e+04 5.32940e-01
1.35737e+04 5.33539e-01
1.35787e+04 5.34438e-01
1.35800e+04 5.34609e-01
1.35837e+04 5.34940e-01
1.35887e+04 5.35619e-01
1.35900e+04 5.35769e-01
1.35937e+04 5.36203e-01
1.35987e+04 5.36627e-01
1.36000e+04 5.36795e-01
1.36037e+04 5.36907e-01
1.36087e+04 5.36991e-01
1.36100e+04 5.36968e-01
1.36137e+04 5.36901e-01
1.36187e+04 5.36687e-01
1.36200e+04 5.36668e-01
1.36237e+04 5.36612e-01
1.36287e+04 5.36595e-01
1.36300e+04 5.36578e-01
1.36337e+04 5.36529e-01
1.36387e+04 5.36503e-01
1.36400e+04 5.36479e-01
1.36437e+04 5.36411e-01
1.36487e+04 5.36159e-01
1.36500e+04 5.36136e-01
1.36537e+04 5.36232e-01
1.36587e+04 5.36249e-01
1.36600e+04 5.36296e-01
1.36637e+04 5.36269e-01
1.36687e+04 5.36014e-01
1.36700e+04 5.35955e-01
1.36737e+04 5.35782e-01
1.36787e+04 5.35416e-01
1.36800e+04 5.35323e-01
1.36837e+04 5.35045e-01
1.36887e+04 5.34816e-01
1.36900e+04 5.34745e-01
1.36937e+04 5.34534e-01
1.36987e+04 5.34134e-01
1.37000e+04 5.34013e-01
1.37037e+04 5.33652e-01
1.37087e+04 5.33047e-01
1.37100e+04 5.32902e-01
1.37137e+04 5.32467e-01
1.37188e+04 5.31997e-01
1.37200e+04 5.31888e-01
1.37238e+04 5.31562e-01
1.37288e+04 5.30964e-01
1.37300e+04 5.30803e-01
1.37338e+04 5.30319e-01
1.37388e+04 5.29619e-01
1.37400e+04 5.29427e-01
1.37438e+04 5.29013e-01
1.37488e+04 5.28349e-01
1.37500e+04 5.28174e-01
1.37538e+04 5.27482e-01
1.37588e+04 5.26457e-01
1.37600e+04 5.26200e-01
1.37638e+04 5.25420e-01
1.37688e+04 5.24606e-01
1.37700e+04 5.24270e-01
1.37738e+04 5.23247e-01
1.37788e+04 5.22186e-01
1.37800e+04 5.21844e-01
1.37838e+04 5.20802e-01
1.37888e+04 5.19463e-01
1.37900e+04 5.19092e-01
1.37938e+04 5.17960e-01
1.37988e+04 5.16206e-01
1.38000e+04 5.15745e-01
1.38038e+04 5.14443e-01
1.38088e+04 5.12466e-01
1.38100e+04 5.11995e-01
1.38138e+04 5.10544e-01
1.38188e+04 5.08425e-01
1.38200e+04 5.07909e-01
1.38238e+04 5.06315e-01
1.38288e+04 5.04163e-01
1.38300e+04 5.03649e-01
1.38338e+04 5.02814e-01
1.38388e+04 5.01707e-01
1.38400e+04 5.01428e-01
1.38438e+04 5.00557e-01
1.38488e+04 4.99315e-01
1.38500e+04 4.99066e-01
1.38538e+04 4.98445e-01
1.38588e+04 4.97925e-01
1.38600e+04 4.97866e-01
1.38638e+04 4.97526e-01
1.38688e+04 4.97409e-01
1.38700e+04 4.97416e-01
1.38738e+04 4.97435e-01
1.38788e+04 4.97530e-01
1.38800e+04 4.97726e-01
1.38838e+04 4.98340e-01
1.38888e+04 4.99412e-01
1.38900e+04 4.99757e-01
1.38938e+04 5.00848e-01
1.38988e+04 5.02682e-01
1.39000e+04 5.03145e-01
1.39038e+04 5.04612e-01
1.39088e+04 5.06611e-01
1.39100e+04 5.07017e-01
1.39138e+04 5.08307e-01
1.39188e+04 5.09708e-01
1.39200e+04 5.09841e-01
1.39238e+04 5.10266e-01
1.39288e+04 5.09621e-01
1.39300e+04 5.09072e-01
1.39338e+04 5.07318e-01
1.39388e+04 5.02867e-01
1.39400e+04 5.01327e-01
1.39438e+04 4.96393e-01
1.39488e+04 4.87580e-01
1.39500e+04 4.84985e-01
1.39538e+04 4.76648e-01
1.39588e+04 4.62828e-01
1.39600e+04 4.58961e-01
1.39638e+04 4.46487e-01
1.39688e+04 4.27631e-01
1.39700e+04 4.22547e-01
1.39738e+04 4.06101e-01
1.39788e+04 3.83205e-01
1.39800e+04 3.76872e-01
1.39838e+04 3.56316e-01
1.39888e+04 3.28664e-01
1.39900e+04 3.21952e-01
1.39938e+04 3.00114e-01
1.39988e+04 2.72269e-01
1.40000e+04 2.65989e-01
1.40038e+04 2.45402e-01
1.40088e+04 2.18049e-01
1.40100e+04 2.11973e-01
1.40138e+04 1.92088e-01
1.40188e+04 1.67168e-01
1.40200e+04 1.61799e-01
1.40238e+04 1.44186e-01
1.40288e+04 1.24129e-01
1.40300e+04 1.19954e-01
1.40338e+04 1.06213e-01
1.40388e+04 9.11807e-02
1.40400e+04 8.81965e-02
1.40438e+04 7.83445e-02
1.40488e+04 6.75793e-02
1.40500e+04 6.54002e-02
1.40538e+04 5.81827e-02
1.40588e+04 5.01142e-02
1.40600e+04 4.84905e-02
1.40638e+04 4.30996e-02
1.40688e+04 3.68845e-02
1.40700e+04 3.56623e-02
1.40738e+04 3.16016e-02
1.40788e+04 2.69531e-02
1.40800e+04 2.60624e-02
1.40838e+04 2.30777e-02
1.40889e+04 2.01976e-02
1.40900e+04 1.95358e-02
1.40939e+04 1.73173e-02
1.40989e+04 1.51434e-02
1.41000e+04 1.47181e-02
1.41039e+04 1.32884e-02
1.41089e+04 1.18698e-02
1.41100e+04 1.14889e-02
1.41139e+04 1.02032e-02
1.41189e+04 9.01517e-03
1.41200e+04 8.78374e-03
1.41239e+04 8.00013e-03
1.41289e+04 7.08110e-03
1.41300e+04 6.89734e-03
1.41339e+04 6.27357e-03
1.41389e+04 5.55046e-03
1.41400e+04 5.40442e-03
1.41439e+04 4.90716e-03
1.41489e+04 4.25117e-03
1.41500e+04 4.16384e-03
1.41539e+04 3.86549e-03
1.41589e+04 3.59807e-03
1.41600e+04 3.54745e-03
1.41639e+04 3.37392e-03
1.41689e+04 2.87691e-03
1.41700e+04 2.79653e-03
1.41739e+04 2.52029e-03
1.41789e+04 2.26344e-03
1.41800e+04 2.21202e-03
1.41839e+04 2.03478e-03
1.41889e+04 1.82850e-03
1.41900e+04 1.78781e-03
1.41939e+04 1.64655e-03
1.41989e+04 1.47561e-03
1.42000e+04 1.43281e-03
1.42039e+04 1.28446e-03
1.42089e+04 1.04421e-03
1.42100e+04 1.00073e-03
1.42139e+04 8.49557e-04
1.42189e+04 9.92960e-04
1.42200e+04 9.87539e-04
1.42239e+04 9.68629e-04
1.42289e+04 9.62828e-04
1.42300e+04 9.54168e-04
1.42339e+04 9.23856e-04
1.42389e+04 6.64374e-04
1.42400e+04 6.47519e-04
1.42439e+04 5.88375e-04
1.42489e+04 5.45740e-04
1.42500e+04 5.33642e-04
1.42539e+04 4.91059e-04
1.42589e+04 4.42055e-04
1.42600e+04 4.34076e-04
1.42639e+04 4.05863e-04
1.42689e+04 3.76752e-04
1.42700e+04 3.69416e-04
1.42739e+04 3.43409e-04
1.42800e+04 3.31222e-04
1.42900e+04 3.11236e-04
1.43000e+04 2.91247e-04
1.43100e+04 2.71255e-04
1.43200e+04 2.51260e-04
1.43300e+04 2.31263e-04
1.43400e+04 2.11263e-04
1.43500e+04 1.91259e-04
1.43600e+04 1.71253e-04
1.43700e+04 1.51244e-04
1.43800e+04 1.31233e-04
1.43839e+04 1.23366e-04
1.43900e+04 1.12808e-04
