# Filter name : HST/WFC3_IR.F167N
# Description : F167N filter for HST WFC3_IR
# Photometric system : WFC3-IR
# FilterType : photon
# Band name : ------
# Observatory : HST
# Instrument : WFC3
# Comments : Response calculated at a reference time, June 26, 2009, i.e. approximately when WFC3 was installed on HST. Using filter throughputs determined in the lab in combination with the measured QE of the flight detectors and sensitivities of WFC3's optics. These values were derived with STsynphot by using filter and correction files from the latest photometric calibration released on October 2020 (Bajaj et al 2020,  Calamida et al. 2021). For more information on the latest photometric calibration please see the Photometric calibration webpage. 
# 
1.63900e+04 9.74522e-05
1.64000e+04 9.84890e-05
1.64100e+04 9.95818e-05
1.64200e+04 1.00673e-04
1.64300e+04 1.01763e-04
1.64400e+04 1.02852e-04
1.64500e+04 1.03939e-04
1.64600e+04 1.04930e-04
1.64700e+04 1.06014e-04
1.64800e+04 1.07095e-04
1.64900e+04 1.08176e-04
1.65000e+04 1.09255e-04
1.65025e+04 1.09525e-04
1.65045e+04 2.63255e-04
1.65065e+04 3.70607e-04
1.65085e+04 2.67393e-04
1.65100e+04 4.65080e-04
1.65105e+04 5.32607e-04
1.65125e+04 4.82026e-04
1.65145e+04 5.89308e-04
1.65165e+04 9.06953e-04
1.65185e+04 9.08950e-04
1.65200e+04 1.06700e-03
1.65205e+04 1.12129e-03
1.65225e+04 1.54364e-03
1.65245e+04 1.75549e-03
1.65265e+04 2.22995e-03
1.65285e+04 2.80913e-03
1.65300e+04 3.31737e-03
1.65305e+04 3.49312e-03
1.65325e+04 4.33486e-03
1.65345e+04 5.43867e-03
1.65365e+04 7.01515e-03
1.65385e+04 8.90570e-03
1.65400e+04 1.08131e-02
1.65405e+04 1.14781e-02
1.65425e+04 1.47847e-02
1.65445e+04 1.90346e-02
1.65465e+04 2.45427e-02
1.65485e+04 3.19906e-02
1.65500e+04 3.90163e-02
1.65505e+04 4.14816e-02
1.65525e+04 5.38566e-02
1.65545e+04 6.86344e-02
1.65565e+04 8.72419e-02
1.65585e+04 1.09201e-01
1.65600e+04 1.28686e-01
1.65605e+04 1.35558e-01
1.65625e+04 1.65154e-01
1.65645e+04 1.97835e-01
1.65665e+04 2.31766e-01
1.65685e+04 2.66370e-01
1.65700e+04 2.90832e-01
1.65705e+04 2.99532e-01
1.65725e+04 3.30705e-01
1.65745e+04 3.59922e-01
1.65765e+04 3.86661e-01
1.65785e+04 4.08617e-01
1.65800e+04 4.21084e-01
1.65805e+04 4.25568e-01
1.65825e+04 4.38694e-01
1.65845e+04 4.47637e-01
1.65865e+04 4.53279e-01
1.65885e+04 4.56462e-01
1.65900e+04 4.57382e-01
1.65905e+04 4.57714e-01
1.65925e+04 4.58229e-01
1.65945e+04 4.57913e-01
1.65965e+04 4.57644e-01
1.65985e+04 4.57693e-01
1.66000e+04 4.58416e-01
1.66005e+04 4.58616e-01
1.66025e+04 4.59478e-01
1.66045e+04 4.60646e-01
1.66065e+04 4.61922e-01
1.66085e+04 4.64077e-01
1.66100e+04 4.65653e-01
1.66105e+04 4.66206e-01
1.66125e+04 4.68165e-01
1.66145e+04 4.70541e-01
1.66165e+04 4.73064e-01
1.66185e+04 4.75116e-01
1.66200e+04 4.76195e-01
1.66205e+04 4.76616e-01
1.66225e+04 4.78028e-01
1.66245e+04 4.79484e-01
1.66265e+04 4.80938e-01
1.66285e+04 4.81665e-01
1.66300e+04 4.82124e-01
1.66305e+04 4.82294e-01
1.66325e+04 4.82605e-01
1.66345e+04 4.83283e-01
1.66365e+04 4.83129e-01
1.66385e+04 4.83186e-01
1.66400e+04 4.82890e-01
1.66405e+04 4.82779e-01
1.66425e+04 4.82475e-01
1.66445e+04 4.82017e-01
1.66465e+04 4.81400e-01
1.66485e+04 4.80634e-01
1.66500e+04 4.80078e-01
1.66505e+04 4.79845e-01
1.66525e+04 4.78992e-01
1.66545e+04 4.78243e-01
1.66565e+04 4.77700e-01
1.66585e+04 4.77004e-01
1.66600e+04 4.75720e-01
1.66606e+04 4.75257e-01
1.66626e+04 4.75719e-01
1.66646e+04 4.75317e-01
1.66666e+04 4.74813e-01
1.66686e+04 4.74513e-01
1.66700e+04 4.74628e-01
1.66706e+04 4.74672e-01
1.66726e+04 4.74321e-01
1.66746e+04 4.74119e-01
1.66766e+04 4.73921e-01
1.66786e+04 4.73621e-01
1.66800e+04 4.73772e-01
1.66806e+04 4.73806e-01
1.66826e+04 4.73927e-01
1.66846e+04 4.73890e-01
1.66866e+04 4.73655e-01
1.66886e+04 4.73521e-01
1.66900e+04 4.72551e-01
1.66906e+04 4.72200e-01
1.66926e+04 4.71851e-01
1.66946e+04 4.71855e-01
1.66966e+04 4.71860e-01
1.66986e+04 4.71964e-01
1.67000e+04 4.71604e-01
1.67006e+04 4.71463e-01
1.67026e+04 4.71013e-01
1.67046e+04 4.70613e-01
1.67066e+04 4.70214e-01
1.67086e+04 4.69714e-01
1.67100e+04 4.69391e-01
1.67106e+04 4.69240e-01
1.67126e+04 4.68000e-01
1.67146e+04 4.66762e-01
1.67166e+04 4.65677e-01
1.67186e+04 4.64743e-01
1.67200e+04 4.64397e-01
1.67206e+04 4.64285e-01
1.67226e+04 4.63539e-01
1.67246e+04 4.62643e-01
1.67266e+04 4.61749e-01
1.67286e+04 4.61105e-01
1.67300e+04 4.60716e-01
1.67306e+04 4.60562e-01
1.67326e+04 4.60168e-01
1.67346e+04 4.59725e-01
1.67366e+04 4.58884e-01
1.67386e+04 4.58392e-01
1.67400e+04 4.58116e-01
1.67406e+04 4.57981e-01
1.67426e+04 4.57106e-01
1.67446e+04 4.55636e-01
1.67466e+04 4.53925e-01
1.67486e+04 4.51614e-01
1.67500e+04 4.49514e-01
1.67506e+04 4.48692e-01
1.67526e+04 4.44837e-01
1.67546e+04 4.39704e-01
1.67566e+04 4.33141e-01
1.67586e+04 4.25300e-01
1.67600e+04 4.18210e-01
1.67606e+04 4.15343e-01
1.67626e+04 4.03675e-01
1.67646e+04 3.89251e-01
1.67666e+04 3.73123e-01
1.67686e+04 3.53613e-01
1.67700e+04 3.38966e-01
1.67706e+04 3.32976e-01
1.67726e+04 3.09668e-01
1.67746e+04 2.84287e-01
1.67766e+04 2.59336e-01
1.67786e+04 2.33395e-01
1.67800e+04 2.15450e-01
1.67806e+04 2.08102e-01
1.67826e+04 1.83406e-01
1.67846e+04 1.60066e-01
1.67866e+04 1.38812e-01
1.67886e+04 1.18614e-01
1.67900e+04 1.06035e-01
1.67906e+04 1.00828e-01
1.67926e+04 8.45274e-02
1.67946e+04 7.07392e-02
1.67966e+04 5.84864e-02
1.67986e+04 4.81530e-02
1.68000e+04 4.21750e-02
1.68006e+04 3.96906e-02
1.68026e+04 3.26088e-02
1.68046e+04 2.65081e-02
1.68066e+04 2.16308e-02
1.68086e+04 1.75852e-02
1.68100e+04 1.52838e-02
1.68106e+04 1.43217e-02
1.68126e+04 1.17409e-02
1.68146e+04 9.60037e-03
1.68166e+04 7.80134e-03
1.68186e+04 6.48899e-03
1.68200e+04 5.60128e-03
1.68206e+04 5.22642e-03
1.68226e+04 4.20666e-03
1.68246e+04 3.67180e-03
1.68266e+04 2.84814e-03
1.68286e+04 2.41171e-03
1.68300e+04 2.07185e-03
1.68306e+04 1.92791e-03
1.68326e+04 1.73401e-03
1.68346e+04 1.34781e-03
1.68366e+04 1.10641e-03
1.68386e+04 9.61496e-04
1.68400e+04 8.26423e-04
1.68406e+04 7.68662e-04
1.68426e+04 5.76020e-04
1.68446e+04 5.27570e-04
1.68466e+04 3.83378e-04
1.68486e+04 1.91530e-04
1.68500e+04 2.58342e-04
1.68506e+04 2.87074e-04
1.68526e+04 2.39078e-04
1.68546e+04 2.38925e-04
1.68600e+04 2.49158e-04
1.68700e+04 2.67763e-04
1.68800e+04 2.86479e-04
1.68900e+04 3.05071e-04
1.69000e+04 3.23232e-04
1.69100e+04 3.41558e-04
1.69200e+04 3.59419e-04
1.69300e+04 3.77482e-04
1.69400e+04 3.95044e-04
1.69500e+04 4.12844e-04
1.69600e+04 4.30110e-04
1.69700e+04 4.47221e-04
1.69800e+04 4.64621e-04
1.69900e+04 4.81438e-04
1.70000e+04 4.98581e-04
1.70100e+04 5.14714e-04
1.70200e+04 5.31180e-04
1.70300e+04 5.46970e-04
1.70400e+04 5.62582e-04
1.70500e+04 5.78577e-04
1.70600e+04 5.93850e-04
1.70700e+04 6.09540e-04
1.70800e+04 6.24476e-04
1.70900e+04 6.39237e-04
1.71000e+04 6.54465e-04
1.71100e+04 6.68894e-04
1.71200e+04 6.83149e-04
1.71300e+04 6.97919e-04
1.71400e+04 7.11847e-04
1.71500e+04 7.25603e-04
1.71600e+04 7.39921e-04
1.71700e+04 7.53352e-04
1.71800e+04 7.66616e-04
1.71900e+04 7.80486e-04
1.72000e+04 7.93428e-04
1.72100e+04 7.99681e-04
1.72200e+04 8.05526e-04
1.72300e+04 8.11778e-04
1.72400e+04 8.16821e-04
1.72500e+04 8.21464e-04
1.72600e+04 8.25709e-04
1.72700e+04 8.29559e-04
1.72800e+04 8.33858e-04
1.72900e+04 8.36929e-04
1.73000e+04 8.39614e-04
1.73100e+04 8.41913e-04
1.73200e+04 8.43829e-04
1.73300e+04 8.45366e-04
1.73400e+04 8.46525e-04
1.73500e+04 8.48177e-04
1.73600e+04 8.48591e-04
1.73700e+04 8.48636e-04
1.73800e+04 8.48314e-04
1.73900e+04 8.47627e-04
1.74000e+04 8.46578e-04
1.74100e+04 8.33139e-04
1.74200e+04 8.19047e-04
1.74300e+04 8.04308e-04
1.74400e+04 7.88927e-04
1.74500e+04 7.72908e-04
1.74600e+04 7.56258e-04
1.74700e+04 7.38980e-04
1.74800e+04 7.21080e-04
1.74900e+04 7.02564e-04
1.75000e+04 6.83435e-04
1.75100e+04 6.63701e-04
1.75200e+04 6.43364e-04
1.75300e+04 6.22431e-04
1.75400e+04 6.00907e-04
1.75500e+04 5.78797e-04
1.75600e+04 5.56105e-04
1.75700e+04 5.32837e-04
1.75800e+04 5.08998e-04
1.75900e+04 4.84592e-04
1.76000e+04 4.59130e-04
1.76100e+04 4.46126e-04
1.76200e+04 4.32792e-04
1.76300e+04 4.19129e-04
1.76400e+04 4.05142e-04
1.76500e+04 3.90832e-04
1.76600e+04 3.75792e-04
1.76700e+04 3.60863e-04
1.76800e+04 3.45620e-04
1.76900e+04 3.30067e-04
1.77000e+04 3.13859e-04
1.77100e+04 2.97712e-04
1.77200e+04 2.81262e-04
1.77300e+04 2.64514e-04
1.77400e+04 2.47195e-04
1.77500e+04 2.29878e-04
1.77600e+04 2.12270e-04
1.77700e+04 1.94376e-04
1.77800e+04 1.76000e-04
1.77900e+04 1.57561e-04
1.78000e+04 1.38845e-04
1.78100e+04 1.34425e-04
1.78200e+04 1.30088e-04
1.78300e+04 1.25532e-04
1.78400e+04 1.21049e-04
1.78500e+04 1.16494e-04
1.78600e+04 1.11736e-04
1.78700e+04 1.07041e-04
1.78800e+04 1.02156e-04
1.78900e+04 9.73244e-05
