# Filter name : HST/WFC3_IR.F153M
# Description : F153M filter for HST WFC3_IR
# Photometric system : WFC3-IR
# FilterType : photon
# Band name : ------
# Observatory : HST
# Instrument : WFC3
# Comments : Response calculated at a reference time, June 26, 2009, i.e. approximately when WFC3 was installed on HST. Using filter throughputs determined in the lab in combination with the measured QE of the flight detectors and sensitivities of WFC3's optics. These values were derived with STsynphot by using filter and correction files from the latest photometric calibration released on October 2020 (Bajaj et al 2020,  Calamida et al. 2021). For more information on the latest photometric calibration please see the Photometric calibration webpage. 
# 
1.41800e+04 1.14110e-04
1.41900e+04 1.36552e-04
1.42000e+04 1.58908e-04
1.42039e+04 1.67582e-04
1.42100e+04 1.60758e-04
1.42200e+04 1.49602e-04
1.42300e+04 1.38446e-04
1.42400e+04 1.27287e-04
1.42500e+04 1.16127e-04
1.42539e+04 1.11780e-04
1.42600e+04 1.18611e-04
1.42700e+04 1.29802e-04
1.42800e+04 1.40993e-04
1.42900e+04 1.52187e-04
1.43000e+04 1.63381e-04
1.43039e+04 1.67758e-04
1.43100e+04 1.60953e-04
1.43200e+04 1.49778e-04
1.43300e+04 1.38602e-04
1.43400e+04 1.27425e-04
1.43500e+04 1.16246e-04
1.43539e+04 1.11860e-04
1.43600e+04 1.18664e-04
1.43700e+04 1.29862e-04
1.43800e+04 1.41062e-04
1.43900e+04 1.52263e-04
1.44000e+04 1.63333e-04
1.44100e+04 1.74495e-04
1.44200e+04 1.85654e-04
1.44300e+04 1.96811e-04
1.44400e+04 2.07965e-04
1.44500e+04 2.19117e-04
1.44540e+04 2.23521e-04
1.44600e+04 2.23505e-04
1.44700e+04 2.23478e-04
1.44800e+04 2.23451e-04
1.44900e+04 2.23424e-04
1.45000e+04 2.23398e-04
1.45040e+04 2.23356e-04
1.45100e+04 2.16546e-04
1.45200e+04 2.05442e-04
1.45300e+04 1.94330e-04
1.45400e+04 1.83210e-04
1.45500e+04 1.72083e-04
1.45540e+04 1.67656e-04
1.45600e+04 1.67698e-04
1.45700e+04 1.67767e-04
1.45800e+04 1.67699e-04
1.45900e+04 1.67768e-04
1.46000e+04 1.67838e-04
1.46040e+04 1.67858e-04
1.46100e+04 1.61156e-04
1.46200e+04 1.49999e-04
1.46300e+04 1.38836e-04
1.46400e+04 1.27668e-04
1.46500e+04 1.16399e-04
1.46540e+04 1.11927e-04
1.46600e+04 1.18650e-04
1.46700e+04 1.29866e-04
1.46800e+04 1.41088e-04
1.46900e+04 1.52315e-04
1.47000e+04 1.63547e-04
1.47040e+04 1.68005e-04
1.47100e+04 3.15275e-04
1.47140e+04 4.14304e-04
1.47200e+04 2.60376e-04
1.47240e+04 1.56794e-04
1.47300e+04 2.37150e-04
1.47340e+04 2.91298e-04
1.47400e+04 3.04764e-04
1.47440e+04 3.13849e-04
1.47500e+04 3.60721e-04
1.47540e+04 3.92245e-04
1.47600e+04 4.65673e-04
1.47640e+04 5.15444e-04
1.47700e+04 4.88772e-04
1.47740e+04 4.70718e-04
1.47800e+04 5.44419e-04
1.47840e+04 5.94354e-04
1.47900e+04 7.01042e-04
1.47940e+04 7.73146e-04
1.48000e+04 8.46317e-04
1.48040e+04 8.96225e-04
1.48100e+04 1.12322e-03
1.48140e+04 1.27753e-03
1.48200e+04 1.40441e-03
1.48240e+04 1.49075e-03
1.48300e+04 1.78403e-03
1.48341e+04 1.98315e-03
1.48400e+04 2.37543e-03
1.48441e+04 2.64364e-03
1.48500e+04 3.07014e-03
1.48541e+04 3.36132e-03
1.48600e+04 4.04711e-03
1.48641e+04 4.51580e-03
1.48700e+04 5.60205e-03
1.48741e+04 6.34337e-03
1.48800e+04 7.68690e-03
1.48841e+04 8.60981e-03
1.48900e+04 1.05245e-02
1.48941e+04 1.18380e-02
1.49000e+04 1.44134e-02
1.49041e+04 1.61820e-02
1.49100e+04 2.01848e-02
1.49141e+04 2.29293e-02
1.49200e+04 2.84755e-02
1.49241e+04 3.23013e-02
1.49300e+04 4.02753e-02
1.49341e+04 4.57700e-02
1.49400e+04 5.74024e-02
1.49441e+04 6.54264e-02
1.49500e+04 8.20997e-02
1.49541e+04 9.35833e-02
1.49600e+04 1.16319e-01
1.49641e+04 1.32067e-01
1.49700e+04 1.61629e-01
1.49741e+04 1.82086e-01
1.49800e+04 2.17661e-01
1.49841e+04 2.42228e-01
1.49900e+04 2.81546e-01
1.49941e+04 3.08903e-01
1.50000e+04 3.46418e-01
1.50041e+04 3.72395e-01
1.50100e+04 4.05061e-01
1.50141e+04 4.27611e-01
1.50200e+04 4.51664e-01
1.50241e+04 4.68544e-01
1.50300e+04 4.85370e-01
1.50341e+04 4.97091e-01
1.50400e+04 5.07878e-01
1.50441e+04 5.15224e-01
1.50500e+04 5.21798e-01
1.50541e+04 5.26562e-01
1.50600e+04 5.30918e-01
1.50641e+04 5.33962e-01
1.50700e+04 5.36640e-01
1.50741e+04 5.38330e-01
1.50800e+04 5.39596e-01
1.50841e+04 5.40665e-01
1.50900e+04 5.42092e-01
1.50941e+04 5.43093e-01
1.51000e+04 5.43734e-01
1.51041e+04 5.43999e-01
1.51100e+04 5.44537e-01
1.51141e+04 5.45101e-01
1.51200e+04 5.45056e-01
1.51241e+04 5.45023e-01
1.51300e+04 5.44782e-01
1.51341e+04 5.44426e-01
1.51400e+04 5.43270e-01
1.51441e+04 5.42641e-01
1.51500e+04 5.42044e-01
1.51541e+04 5.41622e-01
1.51600e+04 5.40570e-01
1.51641e+04 5.39641e-01
1.51700e+04 5.38070e-01
1.51741e+04 5.37144e-01
1.51800e+04 5.35966e-01
1.51841e+04 5.34947e-01
1.51900e+04 5.33480e-01
1.51942e+04 5.32623e-01
1.52000e+04 5.32062e-01
1.52042e+04 5.31646e-01
1.52100e+04 5.30899e-01
1.52142e+04 5.30186e-01
1.52200e+04 5.29344e-01
1.52242e+04 5.28928e-01
1.52300e+04 5.28731e-01
1.52342e+04 5.28408e-01
1.52400e+04 5.27633e-01
1.52442e+04 5.27264e-01
1.52500e+04 5.26778e-01
1.52542e+04 5.26432e-01
1.52600e+04 5.26428e-01
1.52642e+04 5.26243e-01
1.52700e+04 5.25856e-01
1.52742e+04 5.25761e-01
1.52800e+04 5.25150e-01
1.52842e+04 5.24529e-01
1.52900e+04 5.24431e-01
1.52942e+04 5.24543e-01
1.53000e+04 5.24667e-01
1.53042e+04 5.24573e-01
1.53100e+04 5.24028e-01
1.53142e+04 5.23819e-01
1.53200e+04 5.23816e-01
1.53242e+04 5.23630e-01
1.53300e+04 5.23309e-01
1.53342e+04 5.23260e-01
1.53400e+04 5.23510e-01
1.53442e+04 5.23507e-01
1.53500e+04 5.23155e-01
1.53542e+04 5.23083e-01
1.53600e+04 5.23016e-01
1.53642e+04 5.22967e-01
1.53700e+04 5.23311e-01
1.53742e+04 5.23376e-01
1.53800e+04 5.23308e-01
1.53842e+04 5.23442e-01
1.53900e+04 5.23532e-01
1.53942e+04 5.23413e-01
1.54000e+04 5.23628e-01
1.54042e+04 5.23979e-01
1.54100e+04 5.24241e-01
1.54142e+04 5.24247e-01
1.54200e+04 5.24192e-01
1.54242e+04 5.24337e-01
1.54300e+04 5.24756e-01
1.54342e+04 5.24875e-01
1.54400e+04 5.24756e-01
1.54442e+04 5.24855e-01
1.54500e+04 5.25273e-01
1.54542e+04 5.25391e-01
1.54600e+04 5.25490e-01
1.54642e+04 5.25563e-01
1.54700e+04 5.25661e-01
1.54742e+04 5.25919e-01
1.54800e+04 5.26116e-01
1.54842e+04 5.26073e-01
1.54900e+04 5.25920e-01
1.54942e+04 5.25996e-01
1.55000e+04 5.26160e-01
1.55042e+04 5.26154e-01
1.55100e+04 5.26176e-01
1.55142e+04 5.26379e-01
1.55200e+04 5.26625e-01
1.55242e+04 5.26618e-01
1.55300e+04 5.26577e-01
1.55342e+04 5.26735e-01
1.55400e+04 5.26887e-01
1.55442e+04 5.26811e-01
1.55500e+04 5.26646e-01
1.55542e+04 5.26523e-01
1.55600e+04 5.26698e-01
1.55643e+04 5.27016e-01
1.55700e+04 5.26766e-01
1.55743e+04 5.26392e-01
1.55800e+04 5.25857e-01
1.55843e+04 5.25649e-01
1.55900e+04 5.24537e-01
1.55943e+04 5.23524e-01
1.56000e+04 5.21145e-01
1.56043e+04 5.19555e-01
1.56100e+04 5.15539e-01
1.56143e+04 5.12371e-01
1.56200e+04 5.04706e-01
1.56243e+04 4.99008e-01
1.56300e+04 4.87040e-01
1.56343e+04 4.78304e-01
1.56400e+04 4.61166e-01
1.56443e+04 4.48221e-01
1.56500e+04 4.25081e-01
1.56543e+04 4.07819e-01
1.56600e+04 3.79912e-01
1.56643e+04 3.59198e-01
1.56700e+04 3.28183e-01
1.56743e+04 3.04864e-01
1.56800e+04 2.73324e-01
1.56843e+04 2.49810e-01
1.56900e+04 2.20820e-01
1.56943e+04 1.99007e-01
1.57000e+04 1.73771e-01
1.57043e+04 1.54840e-01
1.57100e+04 1.33704e-01
1.57143e+04 1.17876e-01
1.57200e+04 1.01324e-01
1.57243e+04 8.88387e-02
1.57300e+04 7.58169e-02
1.57343e+04 6.60170e-02
1.57400e+04 5.64656e-02
1.57443e+04 4.92869e-02
1.57500e+04 4.22997e-02
1.57543e+04 3.70118e-02
1.57600e+04 3.17392e-02
1.57643e+04 2.77585e-02
1.57700e+04 2.38560e-02
1.57743e+04 2.09062e-02
1.57800e+04 1.80339e-02
1.57843e+04 1.58665e-02
1.57900e+04 1.37891e-02
1.57943e+04 1.22095e-02
1.58000e+04 1.07306e-02
1.58043e+04 9.60886e-03
1.58100e+04 8.24783e-03
1.58143e+04 7.21676e-03
1.58200e+04 6.40388e-03
1.58243e+04 5.78321e-03
1.58300e+04 5.05439e-03
1.58343e+04 4.49974e-03
1.58400e+04 3.89377e-03
1.58443e+04 3.43205e-03
1.58500e+04 3.03645e-03
1.58543e+04 2.73575e-03
1.58600e+04 2.36566e-03
1.58643e+04 2.08210e-03
1.58700e+04 1.95018e-03
1.58743e+04 1.84934e-03
1.58800e+04 1.56875e-03
1.58843e+04 1.35401e-03
1.58900e+04 1.28227e-03
1.58943e+04 1.22778e-03
1.59000e+04 1.03772e-03
1.59043e+04 8.91532e-04
1.59100e+04 9.14746e-04
1.59143e+04 9.32567e-04
1.59200e+04 7.78147e-04
1.59243e+04 6.59481e-04
1.59300e+04 5.64481e-04
1.59344e+04 4.91404e-04
1.59400e+04 4.55722e-04
1.59444e+04 4.28395e-04
1.59500e+04 4.22438e-04
1.59544e+04 4.17682e-04
1.59600e+04 4.23309e-04
1.59644e+04 4.27653e-04
1.59700e+04 4.03923e-04
1.59744e+04 3.85581e-04
1.59800e+04 3.32523e-04
1.59844e+04 2.91464e-04
1.59900e+04 4.14340e-04
1.59944e+04 5.09711e-04
1.60000e+04 3.98396e-04
1.60044e+04 3.11899e-04
1.60100e+04 2.41547e-04
1.60144e+04 1.86930e-04
1.60200e+04 1.75145e-04
1.60244e+04 1.65985e-04
1.60300e+04 2.12543e-04
1.60344e+04 2.48766e-04
1.60400e+04 2.66112e-04
1.60444e+04 2.79620e-04
1.60500e+04 1.80654e-04
