# Filter name : HST/WFC3_IR.F105W
# Description : F105W filter for HST WFC3_IR
# Photometric system : WFC3-IR
# FilterType : photon
# Band name : ------
# Observatory : HST
# Instrument : WFC3
# Comments : Response calculated at a reference time, June 26, 2009, i.e. approximately when WFC3 was installed on HST. Using filter throughputs determined in the lab in combination with the measured QE of the flight detectors and sensitivities of WFC3's optics. These values were derived with STsynphot by using filter and correction files from the latest photometric calibration released on October 2020 (Bajaj et al 2020,  Calamida et al. 2021). For more information on the latest photometric calibration please see the Photometric calibration webpage. 
# 
8.65000e+03 1.03291e-04
8.66000e+03 1.10270e-04
8.67000e+03 1.17272e-04
8.68000e+03 1.24297e-04
8.69000e+03 1.31343e-04
8.70000e+03 1.38411e-04
8.71000e+03 1.45501e-04
8.72000e+03 1.52614e-04
8.73000e+03 1.60501e-04
8.74000e+03 1.68479e-04
8.75000e+03 1.76550e-04
8.76000e+03 1.84713e-04
8.77000e+03 1.92969e-04
8.78000e+03 2.01318e-04
8.79000e+03 2.09762e-04
8.80000e+03 2.18301e-04
8.81000e+03 2.26619e-04
8.82000e+03 2.35009e-04
8.83000e+03 2.43473e-04
8.84000e+03 2.52434e-04
8.84243e+03 2.54625e-04
8.85000e+03 3.29201e-04
8.86000e+03 4.28791e-04
8.86243e+03 4.53209e-04
8.87000e+03 5.47568e-04
8.88000e+03 6.73644e-04
8.88244e+03 7.04628e-04
8.89000e+03 8.76531e-04
8.90000e+03 1.10639e-03
8.90244e+03 1.16187e-03
8.91000e+03 1.54301e-03
8.92000e+03 2.04953e-03
8.92245e+03 2.17439e-03
8.93000e+03 2.97259e-03
8.94000e+03 4.03235e-03
8.94245e+03 4.29320e-03
8.95000e+03 5.75339e-03
8.96000e+03 7.70299e-03
8.96246e+03 8.18284e-03
8.97000e+03 1.13336e-02
8.98000e+03 1.55429e-02
8.98246e+03 1.65812e-02
8.99000e+03 2.32699e-02
9.00000e+03 3.21841e-02
9.00247e+03 3.43804e-02
9.01000e+03 4.79692e-02
9.02000e+03 6.59926e-02
9.02248e+03 7.04715e-02
9.03000e+03 9.37733e-02
9.04000e+03 1.24801e-01
9.04248e+03 1.32510e-01
9.05000e+03 1.63915e-01
9.06000e+03 2.05930e-01
9.06249e+03 2.16361e-01
9.07000e+03 2.47028e-01
9.08000e+03 2.88164e-01
9.08249e+03 2.98379e-01
9.09000e+03 3.19501e-01
9.10000e+03 3.47690e-01
9.10250e+03 3.54816e-01
9.11000e+03 3.66039e-01
9.12000e+03 3.80735e-01
9.12250e+03 3.84500e-01
9.13000e+03 3.90064e-01
9.14000e+03 3.97183e-01
9.14251e+03 3.99056e-01
9.15000e+03 4.01332e-01
9.16000e+03 4.04045e-01
9.16251e+03 4.04813e-01
9.17000e+03 4.04558e-01
9.18000e+03 4.03879e-01
9.18252e+03 4.03794e-01
9.19000e+03 4.02119e-01
9.20000e+03 3.99541e-01
9.20252e+03 3.98906e-01
9.21000e+03 3.97069e-01
9.22000e+03 3.94279e-01
9.22253e+03 3.93657e-01
9.23000e+03 3.93446e-01
9.24000e+03 3.93179e-01
9.24254e+03 3.93196e-01
9.25000e+03 3.95289e-01
9.26000e+03 3.97770e-01
9.26254e+03 3.98487e-01
9.27000e+03 4.01167e-01
9.28000e+03 4.04434e-01
9.28255e+03 4.05355e-01
9.29000e+03 4.07049e-01
9.30000e+03 4.08987e-01
9.30255e+03 4.09570e-01
9.31000e+03 4.09755e-01
9.32000e+03 4.09660e-01
9.32256e+03 4.09724e-01
9.33000e+03 4.09074e-01
9.34000e+03 4.07853e-01
9.34256e+03 4.07628e-01
9.35000e+03 4.07373e-01
9.36000e+03 4.06685e-01
9.36257e+03 4.06596e-01
9.37000e+03 4.07886e-01
9.38000e+03 4.09281e-01
9.38257e+03 4.09729e-01
9.39000e+03 4.12109e-01
9.40000e+03 4.15325e-01
9.40258e+03 4.15964e-01
9.41000e+03 4.18212e-01
9.42000e+03 4.21597e-01
9.42258e+03 4.22381e-01
9.43000e+03 4.23301e-01
9.44000e+03 4.25136e-01
9.44259e+03 4.25519e-01
9.45000e+03 4.25086e-01
9.46000e+03 4.24858e-01
9.46259e+03 4.24798e-01
9.47000e+03 4.23337e-01
9.48000e+03 4.20999e-01
9.48260e+03 4.20483e-01
9.49000e+03 4.19467e-01
9.50000e+03 4.18087e-01
9.50261e+03 4.17617e-01
9.51000e+03 4.17330e-01
9.52000e+03 4.17291e-01
9.52261e+03 4.17188e-01
9.53000e+03 4.18159e-01
9.54000e+03 4.19829e-01
9.54262e+03 4.20266e-01
9.55000e+03 4.21665e-01
9.56000e+03 4.23202e-01
9.56262e+03 4.23699e-01
9.57000e+03 4.24572e-01
9.58000e+03 4.25754e-01
9.58263e+03 4.25970e-01
9.59000e+03 4.25138e-01
9.60000e+03 4.24365e-01
9.60263e+03 4.24119e-01
9.61000e+03 4.22653e-01
9.62000e+03 4.20297e-01
9.62264e+03 4.19768e-01
9.63000e+03 4.18423e-01
9.64000e+03 4.16754e-01
9.64264e+03 4.16217e-01
9.65000e+03 4.15982e-01
9.66000e+03 4.16012e-01
9.66265e+03 4.16019e-01
9.67000e+03 4.17466e-01
9.68000e+03 4.19078e-01
9.68266e+03 4.19600e-01
9.69000e+03 4.22077e-01
9.70000e+03 4.25454e-01
9.70266e+03 4.26256e-01
9.71000e+03 4.28221e-01
9.72000e+03 4.31262e-01
9.72267e+03 4.32073e-01
9.73000e+03 4.33504e-01
9.74000e+03 4.35084e-01
9.74267e+03 4.35604e-01
9.75000e+03 4.36011e-01
9.76000e+03 4.36561e-01
9.76268e+03 4.36707e-01
9.77000e+03 4.37123e-01
9.78000e+03 4.37313e-01
9.78268e+03 4.37462e-01
9.79000e+03 4.38172e-01
9.80000e+03 4.39138e-01
9.80269e+03 4.39334e-01
9.81000e+03 4.40996e-01
9.82000e+03 4.42887e-01
9.82269e+03 4.43496e-01
9.83000e+03 4.45773e-01
9.84000e+03 4.49117e-01
9.84270e+03 4.50019e-01
9.85000e+03 4.52209e-01
9.86000e+03 4.54819e-01
9.86270e+03 4.55628e-01
9.87000e+03 4.56498e-01
9.88000e+03 4.57685e-01
9.88271e+03 4.58005e-01
9.89000e+03 4.57210e-01
9.90000e+03 4.55719e-01
9.90271e+03 4.55418e-01
9.91000e+03 4.53491e-01
9.92000e+03 4.50832e-01
9.92272e+03 4.50105e-01
9.93000e+03 4.48428e-01
9.94000e+03 4.46111e-01
9.94273e+03 4.45373e-01
9.95000e+03 4.44079e-01
9.96000e+03 4.42668e-01
9.96273e+03 4.42280e-01
9.97000e+03 4.42553e-01
9.98000e+03 4.42920e-01
9.98274e+03 4.43018e-01
9.99000e+03 4.43823e-01
1.00000e+04 4.44541e-01
1.00027e+04 4.44909e-01
1.00100e+04 4.46241e-01
1.00200e+04 4.48072e-01
1.00227e+04 4.48574e-01
1.00300e+04 4.49013e-01
1.00400e+04 4.49612e-01
1.00428e+04 4.49669e-01
1.00500e+04 4.48605e-01
1.00600e+04 4.47511e-01
1.00628e+04 4.47207e-01
1.00700e+04 4.45584e-01
1.00800e+04 4.43329e-01
1.00828e+04 4.42703e-01
1.00900e+04 4.41403e-01
1.01000e+04 4.39594e-01
1.01028e+04 4.39091e-01
1.01100e+04 4.37945e-01
1.01200e+04 4.35976e-01
1.01228e+04 4.35531e-01
1.01300e+04 4.35747e-01
1.01400e+04 4.36041e-01
1.01428e+04 4.36121e-01
1.01500e+04 4.37277e-01
1.01600e+04 4.38877e-01
1.01628e+04 4.39321e-01
1.01700e+04 4.40802e-01
1.01800e+04 4.42852e-01
1.01828e+04 4.43317e-01
1.01900e+04 4.44208e-01
1.02000e+04 4.45822e-01
1.02028e+04 4.46280e-01
1.02100e+04 4.47082e-01
1.02200e+04 4.48191e-01
1.02228e+04 4.48501e-01
1.02300e+04 4.48706e-01
1.02400e+04 4.48987e-01
1.02428e+04 4.49064e-01
1.02500e+04 4.49436e-01
1.02600e+04 4.49949e-01
1.02628e+04 4.50091e-01
1.02700e+04 4.50997e-01
1.02800e+04 4.52255e-01
1.02828e+04 4.52499e-01
1.02900e+04 4.54133e-01
1.03000e+04 4.56798e-01
1.03028e+04 4.57550e-01
1.03100e+04 4.60287e-01
1.03200e+04 4.64102e-01
1.03228e+04 4.65181e-01
1.03300e+04 4.68254e-01
1.03400e+04 4.72543e-01
1.03428e+04 4.73759e-01
1.03500e+04 4.76014e-01
1.03600e+04 4.79161e-01
1.03628e+04 4.80055e-01
1.03700e+04 4.81503e-01
1.03800e+04 4.83524e-01
1.03828e+04 4.84099e-01
1.03900e+04 4.84314e-01
1.04000e+04 4.84611e-01
1.04028e+04 4.84700e-01
1.04100e+04 4.83741e-01
1.04200e+04 4.82394e-01
1.04229e+04 4.82007e-01
1.04300e+04 4.81162e-01
1.04400e+04 4.79974e-01
1.04429e+04 4.79633e-01
1.04500e+04 4.78992e-01
1.04600e+04 4.77677e-01
1.04629e+04 4.77417e-01
1.04700e+04 4.77725e-01
1.04800e+04 4.78154e-01
1.04829e+04 4.78277e-01
1.04900e+04 4.79202e-01
1.05000e+04 4.80499e-01
1.05029e+04 4.80760e-01
1.05100e+04 4.81531e-01
1.05200e+04 4.82612e-01
1.05229e+04 4.82923e-01
1.05300e+04 4.83533e-01
1.05400e+04 4.84387e-01
1.05429e+04 4.84634e-01
1.05500e+04 4.84638e-01
1.05600e+04 4.84642e-01
1.05629e+04 4.84643e-01
1.05700e+04 4.84007e-01
1.05800e+04 4.83109e-01
1.05829e+04 4.82849e-01
1.05900e+04 4.82157e-01
1.06000e+04 4.81182e-01
1.06029e+04 4.80888e-01
1.06100e+04 4.80188e-01
1.06200e+04 4.79200e-01
1.06229e+04 4.78913e-01
1.06300e+04 4.78566e-01
1.06400e+04 4.78077e-01
1.06429e+04 4.77934e-01
1.06500e+04 4.77976e-01
1.06600e+04 4.78036e-01
1.06629e+04 4.78053e-01
1.06700e+04 4.78574e-01
1.06800e+04 4.79310e-01
1.06829e+04 4.79646e-01
1.06900e+04 4.80033e-01
1.07000e+04 4.80169e-01
1.07029e+04 4.80209e-01
1.07100e+04 4.80252e-01
1.07200e+04 4.80314e-01
1.07229e+04 4.80332e-01
1.07300e+04 4.79915e-01
1.07400e+04 4.79326e-01
1.07429e+04 4.79153e-01
1.07500e+04 4.78772e-01
1.07600e+04 4.78234e-01
1.07629e+04 4.78076e-01
1.07700e+04 4.78105e-01
1.07800e+04 4.78146e-01
1.07830e+04 4.78158e-01
1.07900e+04 4.78224e-01
1.08000e+04 4.78318e-01
1.08030e+04 4.78353e-01
1.08100e+04 4.79144e-01
1.08200e+04 4.80270e-01
1.08230e+04 4.80604e-01
1.08300e+04 4.81787e-01
1.08400e+04 4.83471e-01
1.08430e+04 4.83972e-01
1.08500e+04 4.85494e-01
1.08600e+04 4.87663e-01
1.08630e+04 4.88434e-01
1.08700e+04 4.89903e-01
1.08800e+04 4.91577e-01
1.08830e+04 4.92077e-01
1.08900e+04 4.92794e-01
1.09000e+04 4.93820e-01
1.09030e+04 4.94127e-01
1.09100e+04 4.94371e-01
1.09200e+04 4.94722e-01
1.09230e+04 4.94828e-01
1.09300e+04 4.94758e-01
1.09400e+04 4.94661e-01
1.09430e+04 4.94633e-01
1.09500e+04 4.94444e-01
1.09600e+04 4.94176e-01
1.09630e+04 4.94097e-01
1.09700e+04 4.93682e-01
1.09800e+04 4.93516e-01
1.09830e+04 4.93340e-01
1.09900e+04 4.93267e-01
1.10000e+04 4.93064e-01
1.10030e+04 4.93021e-01
1.10100e+04 4.92939e-01
1.10200e+04 4.92822e-01
1.10230e+04 4.92787e-01
1.10300e+04 4.92457e-01
1.10400e+04 4.91984e-01
1.10430e+04 4.91841e-01
1.10500e+04 4.91193e-01
1.10600e+04 4.90262e-01
1.10630e+04 4.90108e-01
1.10700e+04 4.89397e-01
1.10800e+04 4.87956e-01
1.10830e+04 4.87518e-01
1.10900e+04 4.86195e-01
1.11000e+04 4.84294e-01
1.11030e+04 4.83716e-01
1.11100e+04 4.82498e-01
1.11200e+04 4.80747e-01
1.11230e+04 4.80214e-01
1.11300e+04 4.79066e-01
1.11400e+04 4.77414e-01
1.11431e+04 4.77035e-01
1.11500e+04 4.76418e-01
1.11600e+04 4.75120e-01
1.11631e+04 4.74723e-01
1.11700e+04 4.74229e-01
1.11800e+04 4.73516e-01
1.11831e+04 4.73298e-01
1.11900e+04 4.73175e-01
1.12000e+04 4.72998e-01
1.12031e+04 4.73076e-01
1.12100e+04 4.73658e-01
1.12200e+04 4.74094e-01
1.12231e+04 4.74228e-01
1.12300e+04 4.74955e-01
1.12400e+04 4.76006e-01
1.12431e+04 4.76329e-01
1.12500e+04 4.77235e-01
1.12600e+04 4.78543e-01
1.12631e+04 4.78947e-01
1.12700e+04 4.79728e-01
1.12800e+04 4.81270e-01
1.12831e+04 4.81620e-01
1.12900e+04 4.82704e-01
1.13000e+04 4.84274e-01
1.13031e+04 4.84760e-01
1.13100e+04 4.85597e-01
1.13200e+04 4.86809e-01
1.13231e+04 4.87185e-01
1.13300e+04 4.87525e-01
1.13400e+04 4.88436e-01
1.13431e+04 4.88589e-01
1.13500e+04 4.89090e-01
1.13600e+04 4.89816e-01
1.13631e+04 4.90042e-01
1.13700e+04 4.90614e-01
1.13800e+04 4.91444e-01
1.13831e+04 4.91834e-01
1.13900e+04 4.92589e-01
1.14000e+04 4.93267e-01
1.14031e+04 4.93489e-01
1.14100e+04 4.93856e-01
1.14200e+04 4.94389e-01
1.14231e+04 4.94555e-01
1.14300e+04 4.95117e-01
1.14400e+04 4.95936e-01
1.14431e+04 4.96325e-01
1.14500e+04 4.97286e-01
1.14600e+04 4.98262e-01
1.14631e+04 4.98568e-01
1.14700e+04 4.99113e-01
1.14800e+04 4.99909e-01
1.14831e+04 5.00159e-01
1.14900e+04 5.00438e-01
1.15000e+04 5.01273e-01
1.15031e+04 5.01393e-01
1.15100e+04 5.00977e-01
1.15200e+04 5.00370e-01
1.15232e+04 5.00179e-01
1.15300e+04 4.99282e-01
1.15400e+04 4.97971e-01
1.15432e+04 4.97690e-01
1.15500e+04 4.96743e-01
1.15600e+04 4.94933e-01
1.15632e+04 4.94360e-01
1.15700e+04 4.93193e-01
1.15800e+04 4.91484e-01
1.15832e+04 4.90942e-01
1.15900e+04 4.90024e-01
1.16000e+04 4.89094e-01
1.16032e+04 4.88667e-01
1.16100e+04 4.88444e-01
1.16200e+04 4.88118e-01
1.16232e+04 4.88014e-01
1.16300e+04 4.88630e-01
1.16400e+04 4.89950e-01
1.16432e+04 4.90238e-01
1.16500e+04 4.91123e-01
1.16600e+04 4.92422e-01
1.16632e+04 4.92837e-01
1.16700e+04 4.94168e-01
1.16800e+04 4.96125e-01
1.16832e+04 4.96886e-01
1.16900e+04 4.98614e-01
1.17000e+04 5.00734e-01
1.17032e+04 5.01413e-01
1.17100e+04 5.02676e-01
1.17200e+04 5.04535e-01
1.17232e+04 5.05270e-01
1.17300e+04 5.06594e-01
1.17400e+04 5.08115e-01
1.17432e+04 5.08604e-01
1.17500e+04 5.09512e-01
1.17600e+04 5.10851e-01
1.17632e+04 5.11282e-01
1.17700e+04 5.11868e-01
1.17800e+04 5.13169e-01
1.17832e+04 5.13448e-01
1.17900e+04 5.12962e-01
1.18000e+04 5.12243e-01
1.18032e+04 5.11987e-01
1.18100e+04 5.09788e-01
1.18200e+04 5.06967e-01
1.18232e+04 5.05914e-01
1.18300e+04 5.02226e-01
1.18400e+04 4.96770e-01
1.18432e+04 4.95002e-01
1.18500e+04 4.91062e-01
1.18600e+04 4.85640e-01
1.18632e+04 4.83745e-01
1.18700e+04 4.82057e-01
1.18800e+04 4.79558e-01
1.18833e+04 4.78745e-01
1.18900e+04 4.80962e-01
1.19000e+04 4.84658e-01
1.19033e+04 4.85730e-01
1.19100e+04 4.92053e-01
1.19200e+04 5.01435e-01
1.19233e+04 5.04496e-01
1.19300e+04 5.05661e-01
1.19400e+04 5.07391e-01
1.19433e+04 5.08096e-01
1.19500e+04 4.85601e-01
1.19600e+04 4.51743e-01
1.19633e+04 4.40656e-01
1.19700e+04 3.92276e-01
1.19800e+04 3.20321e-01
1.19833e+04 2.96798e-01
1.19900e+04 2.52677e-01
1.20000e+04 1.86747e-01
1.20033e+04 1.65093e-01
1.20100e+04 1.39228e-01
1.20200e+04 1.00689e-01
1.20233e+04 8.80317e-02
1.20300e+04 7.45600e-02
1.20400e+04 5.43983e-02
1.20433e+04 4.77518e-02
1.20500e+04 4.08056e-02
1.20600e+04 3.04394e-02
1.20633e+04 2.70246e-02
1.20700e+04 2.32917e-02
1.20800e+04 1.76940e-02
1.20833e+04 1.58427e-02
1.20900e+04 1.37206e-02
1.21000e+04 1.05485e-02
1.21033e+04 9.50055e-03
1.21100e+04 8.29167e-03
1.21200e+04 6.47536e-03
1.21233e+04 5.87251e-03
1.21300e+04 5.06883e-03
1.21400e+04 3.86542e-03
1.21433e+04 3.46638e-03
1.21500e+04 3.00883e-03
1.21600e+04 2.32029e-03
1.21633e+04 2.09101e-03
1.21700e+04 1.79663e-03
1.21800e+04 1.35512e-03
1.21833e+04 1.20822e-03
1.21900e+04 1.07602e-03
1.22000e+04 8.76584e-04
1.22033e+04 8.09954e-04
1.22100e+04 6.98658e-04
1.22200e+04 5.31964e-04
1.22233e+04 4.76007e-04
1.22300e+04 3.82496e-04
1.22400e+04 2.41942e-04
1.22433e+04 1.94857e-04
1.22500e+04 1.48097e-04
