# Filter name : HST/WFC3_IR.G141
# Description : G141 grism for HST WFC3_IR
# Photometric system : WFC3-IR
# FilterType : photon
# Band name : ------
# Observatory : HST
# Instrument : WFC3
# Comments : Response calculated at a reference time, June 26, 2009, i.e. approximately when WFC3 was installed on HST. Using filter throughputs determined in the lab in combination with the measured QE of the flight detectors and sensitivities of WFC3's optics.  These values were derived with STsynphot by using filter and correction files from the latest photometric calibration released on October 2020 (Bajaj et al 2020,  Calamida et al. 2021). For more information on the latest photometric calibration please see the Photometric calibration webpage. 
# 
9.70266e+03 9.58969e-05
9.71000e+03 1.10596e-04
9.72000e+03 1.30755e-04
9.73000e+03 1.50973e-04
9.74000e+03 1.71105e-04
9.75000e+03 1.91422e-04
9.76000e+03 2.11797e-04
9.77000e+03 2.32229e-04
9.78000e+03 2.52500e-04
9.79000e+03 2.73025e-04
9.80000e+03 2.93603e-04
9.80269e+03 2.99101e-04
9.81000e+03 2.96351e-04
9.82000e+03 2.92331e-04
9.83000e+03 2.88552e-04
9.84000e+03 2.84909e-04
9.85000e+03 2.81251e-04
9.86000e+03 2.77341e-04
9.87000e+03 2.73657e-04
9.88000e+03 2.69957e-04
9.89000e+03 2.66244e-04
9.90000e+03 2.62291e-04
9.90271e+03 2.61277e-04
9.91000e+03 2.72122e-04
9.92000e+03 2.87035e-04
9.93000e+03 3.01978e-04
9.94000e+03 3.16950e-04
9.95000e+03 3.31667e-04
9.96000e+03 3.46681e-04
9.97000e+03 3.61723e-04
9.98000e+03 3.76790e-04
9.99000e+03 3.91881e-04
1.00000e+04 4.06647e-04
1.00027e+04 4.10853e-04
1.00100e+04 4.40388e-04
1.00200e+04 4.81180e-04
1.00300e+04 5.22090e-04
1.00400e+04 5.63117e-04
1.00500e+04 6.03741e-04
1.00600e+04 6.44961e-04
1.00700e+04 6.86293e-04
1.00800e+04 7.27736e-04
1.00900e+04 7.69287e-04
1.01000e+04 8.10946e-04
1.01028e+04 8.22497e-04
1.01100e+04 8.42817e-04
1.01200e+04 8.70226e-04
1.01300e+04 8.98422e-04
1.01400e+04 9.26682e-04
1.01500e+04 9.55005e-04
1.01600e+04 9.83391e-04
1.01700e+04 1.01184e-03
1.01800e+04 1.04035e-03
1.01900e+04 1.06800e-03
1.02000e+04 1.09660e-03
1.02028e+04 1.10463e-03
1.02100e+04 1.22980e-03
1.02200e+04 1.40395e-03
1.02300e+04 1.57855e-03
1.02400e+04 1.75358e-03
1.02500e+04 1.92906e-03
1.02600e+04 2.10497e-03
1.02700e+04 2.28132e-03
1.02800e+04 2.45808e-03
1.02900e+04 2.63301e-03
1.03000e+04 2.81046e-03
1.03028e+04 2.86063e-03
1.03100e+04 2.99306e-03
1.03200e+04 3.17794e-03
1.03300e+04 3.36325e-03
1.03400e+04 3.54897e-03
1.03500e+04 3.73511e-03
1.03600e+04 3.92167e-03
1.03700e+04 4.10863e-03
1.03800e+04 4.29599e-03
1.03900e+04 4.48377e-03
1.04000e+04 4.67194e-03
1.04028e+04 4.72569e-03
1.04100e+04 5.16383e-03
1.04200e+04 5.77782e-03
1.04300e+04 6.39321e-03
1.04400e+04 7.01002e-03
1.04500e+04 7.62823e-03
1.04600e+04 8.24073e-03
1.04700e+04 8.86118e-03
1.04800e+04 9.48302e-03
1.04900e+04 1.01062e-02
1.05000e+04 1.07308e-02
1.05029e+04 1.09082e-02
1.05100e+04 1.17185e-02
1.05200e+04 1.28568e-02
1.05300e+04 1.39957e-02
1.05400e+04 1.51353e-02
1.05500e+04 1.62756e-02
1.05600e+04 1.74165e-02
1.05700e+04 1.85582e-02
1.05800e+04 1.97005e-02
1.05900e+04 2.08434e-02
1.06000e+04 2.19871e-02
1.06029e+04 2.23189e-02
1.06100e+04 2.32158e-02
1.06200e+04 2.44803e-02
1.06300e+04 2.57454e-02
1.06400e+04 2.70110e-02
1.06500e+04 2.82772e-02
1.06600e+04 2.95440e-02
1.06700e+04 3.08113e-02
1.06800e+04 3.20792e-02
1.06900e+04 3.33764e-02
1.07000e+04 3.46467e-02
1.07029e+04 3.50190e-02
1.07100e+04 4.01645e-02
1.07200e+04 4.74461e-02
1.07300e+04 5.47311e-02
1.07400e+04 6.20197e-02
1.07500e+04 6.93117e-02
1.07600e+04 7.66074e-02
1.07700e+04 8.39068e-02
1.07800e+04 9.12098e-02
1.07900e+04 9.85168e-02
1.08000e+04 1.05828e-01
1.08030e+04 1.07993e-01
1.08100e+04 1.11501e-01
1.08200e+04 1.16485e-01
1.08300e+04 1.21473e-01
1.08400e+04 1.26465e-01
1.08500e+04 1.31460e-01
1.08600e+04 1.36460e-01
1.08700e+04 1.41584e-01
1.08800e+04 1.46596e-01
1.08900e+04 1.51611e-01
1.09000e+04 1.56631e-01
1.09030e+04 1.58131e-01
1.09100e+04 1.62812e-01
1.09200e+04 1.69491e-01
1.09300e+04 1.76177e-01
1.09400e+04 1.82868e-01
1.09500e+04 1.89566e-01
1.09600e+04 1.96269e-01
1.09700e+04 2.02980e-01
1.09800e+04 2.09877e-01
1.09900e+04 2.16607e-01
1.10000e+04 2.23298e-01
1.10030e+04 2.25323e-01
1.10100e+04 2.29667e-01
1.10200e+04 2.35887e-01
1.10300e+04 2.42111e-01
1.10400e+04 2.48340e-01
1.10500e+04 2.54572e-01
1.10600e+04 2.60808e-01
1.10700e+04 2.67278e-01
1.10800e+04 2.73528e-01
1.10900e+04 2.79782e-01
1.11000e+04 2.86040e-01
1.11030e+04 2.87943e-01
1.11100e+04 2.89613e-01
1.11200e+04 2.92015e-01
1.11300e+04 2.94418e-01
1.11400e+04 2.96823e-01
1.11500e+04 2.99486e-01
1.11600e+04 3.01895e-01
1.11700e+04 3.04307e-01
1.11800e+04 3.06720e-01
1.11900e+04 3.09134e-01
1.12000e+04 3.11550e-01
1.12031e+04 3.12379e-01
1.12100e+04 3.12871e-01
1.12200e+04 3.13314e-01
1.12300e+04 3.13758e-01
1.12400e+04 3.14201e-01
1.12500e+04 3.14645e-01
1.12600e+04 3.15090e-01
1.12700e+04 3.15534e-01
1.12800e+04 3.16249e-01
1.12900e+04 3.16695e-01
1.13000e+04 3.17141e-01
1.13031e+04 3.17279e-01
1.13100e+04 3.17754e-01
1.13200e+04 3.18442e-01
1.13300e+04 3.19130e-01
1.13400e+04 3.20093e-01
1.13500e+04 3.20783e-01
1.13600e+04 3.21473e-01
1.13700e+04 3.22164e-01
1.13800e+04 3.22856e-01
1.13900e+04 3.23824e-01
1.14000e+04 3.24517e-01
1.14031e+04 3.24741e-01
1.14100e+04 3.24768e-01
1.14200e+04 3.24808e-01
1.14300e+04 3.24848e-01
1.14400e+04 3.24887e-01
1.14500e+04 3.25205e-01
1.14600e+04 3.25244e-01
1.14700e+04 3.25284e-01
1.14800e+04 3.25323e-01
1.14900e+04 3.25363e-01
1.15000e+04 3.25680e-01
1.15031e+04 3.25687e-01
1.15100e+04 3.26083e-01
1.15200e+04 3.26661e-01
1.15300e+04 3.27239e-01
1.15400e+04 3.27818e-01
1.15500e+04 3.28677e-01
1.15600e+04 3.29257e-01
1.15700e+04 3.29838e-01
1.15800e+04 3.30419e-01
1.15900e+04 3.31000e-01
1.16000e+04 3.31864e-01
1.16032e+04 3.32050e-01
1.16100e+04 3.33281e-01
1.16200e+04 3.35087e-01
1.16300e+04 3.36894e-01
1.16400e+04 3.38990e-01
1.16500e+04 3.40801e-01
1.16600e+04 3.42614e-01
1.16700e+04 3.44428e-01
1.16800e+04 3.46243e-01
1.16900e+04 3.48356e-01
1.17000e+04 3.50176e-01
1.17032e+04 3.50759e-01
1.17100e+04 3.51412e-01
1.17200e+04 3.52373e-01
1.17300e+04 3.53635e-01
1.17400e+04 3.54599e-01
1.17500e+04 3.55563e-01
1.17600e+04 3.56528e-01
1.17700e+04 3.57493e-01
1.17800e+04 3.58764e-01
1.17900e+04 3.59732e-01
1.18000e+04 3.60700e-01
1.18032e+04 3.60998e-01
1.18100e+04 3.61238e-01
1.18200e+04 3.61900e-01
1.18300e+04 3.62256e-01
1.18400e+04 3.62611e-01
1.18500e+04 3.62967e-01
1.18600e+04 3.63631e-01
1.18700e+04 3.63988e-01
1.18800e+04 3.64345e-01
1.18900e+04 3.64702e-01
1.19000e+04 3.65368e-01
1.19033e+04 3.65484e-01
1.19100e+04 3.65654e-01
1.19200e+04 3.65905e-01
1.19300e+04 3.66157e-01
1.19400e+04 3.66409e-01
1.19500e+04 3.66971e-01
1.19600e+04 3.67223e-01
1.19700e+04 3.67475e-01
1.19800e+04 3.67727e-01
1.19900e+04 3.68291e-01
1.20000e+04 3.68543e-01
1.20033e+04 3.68641e-01
1.20100e+04 3.69496e-01
1.20200e+04 3.70770e-01
1.20300e+04 3.72359e-01
1.20400e+04 3.73635e-01
1.20500e+04 3.74913e-01
1.20600e+04 3.76191e-01
1.20700e+04 3.77789e-01
1.20800e+04 3.79071e-01
1.20900e+04 3.80353e-01
1.21000e+04 3.81636e-01
1.21033e+04 3.82168e-01
1.21100e+04 3.83576e-01
1.21200e+04 3.85361e-01
1.21300e+04 3.87146e-01
1.21400e+04 3.88933e-01
1.21500e+04 3.91050e-01
1.21600e+04 3.92841e-01
1.21700e+04 3.94633e-01
1.21800e+04 3.96427e-01
1.21900e+04 3.98557e-01
1.22000e+04 4.00355e-01
1.22033e+04 4.00943e-01
1.22100e+04 4.01176e-01
1.22200e+04 4.01864e-01
1.22300e+04 4.02214e-01
1.22400e+04 4.02565e-01
1.22500e+04 4.02916e-01
1.22600e+04 4.03606e-01
1.22700e+04 4.03958e-01
1.22800e+04 4.04310e-01
1.22900e+04 4.04662e-01
1.23000e+04 4.05354e-01
1.23034e+04 4.05472e-01
1.23100e+04 4.05485e-01
1.23200e+04 4.05504e-01
1.23300e+04 4.05523e-01
1.23400e+04 4.05881e-01
1.23500e+04 4.05900e-01
1.23600e+04 4.05919e-01
1.23700e+04 4.05938e-01
1.23800e+04 4.06296e-01
1.23900e+04 4.06315e-01
1.24000e+04 4.06334e-01
1.24034e+04 4.06356e-01
1.24100e+04 4.07326e-01
1.24200e+04 4.09137e-01
1.24300e+04 4.10608e-01
1.24400e+04 4.12080e-01
1.24500e+04 4.13554e-01
1.24600e+04 4.15375e-01
1.24700e+04 4.16852e-01
1.24800e+04 4.18330e-01
1.24900e+04 4.19809e-01
1.25000e+04 4.21641e-01
1.25034e+04 4.22116e-01
1.25100e+04 4.20813e-01
1.25200e+04 4.18834e-01
1.25300e+04 4.16853e-01
1.25400e+04 4.15218e-01
1.25500e+04 4.13235e-01
1.25600e+04 4.11250e-01
1.25700e+04 4.09606e-01
1.25800e+04 4.07618e-01
1.25900e+04 4.05630e-01
1.26000e+04 4.03640e-01
1.26034e+04 4.03064e-01
1.26100e+04 4.03949e-01
1.26200e+04 4.04964e-01
1.26300e+04 4.05979e-01
1.26400e+04 4.06995e-01
1.26500e+04 4.08350e-01
1.26600e+04 4.09367e-01
1.26700e+04 4.10384e-01
1.26800e+04 4.11401e-01
1.26900e+04 4.12762e-01
1.27000e+04 4.13781e-01
1.27035e+04 4.14135e-01
1.27100e+04 4.14539e-01
1.27200e+04 4.15157e-01
1.27300e+04 4.16122e-01
1.27400e+04 4.16741e-01
1.27500e+04 4.17361e-01
1.27600e+04 4.17981e-01
1.27700e+04 4.18601e-01
1.27800e+04 4.19569e-01
1.27900e+04 4.20190e-01
1.28000e+04 4.20811e-01
1.28035e+04 4.21004e-01
1.28100e+04 4.21902e-01
1.28200e+04 4.23636e-01
1.28300e+04 4.25019e-01
1.28400e+04 4.26403e-01
1.28500e+04 4.27786e-01
1.28600e+04 4.29525e-01
1.28700e+04 4.30909e-01
1.28800e+04 4.32293e-01
1.28900e+04 4.33677e-01
1.29000e+04 4.35421e-01
1.29035e+04 4.35910e-01
1.29100e+04 4.36976e-01
1.29200e+04 4.38622e-01
1.29300e+04 4.40268e-01
1.29400e+04 4.42280e-01
1.29500e+04 4.43928e-01
1.29600e+04 4.45575e-01
1.29700e+04 4.47222e-01
1.29800e+04 4.48869e-01
1.29900e+04 4.50889e-01
1.30000e+04 4.52537e-01
1.30036e+04 4.53178e-01
1.30100e+04 4.53364e-01
1.30200e+04 4.53652e-01
1.30300e+04 4.54316e-01
1.30400e+04 4.54605e-01
1.30500e+04 4.54894e-01
1.30600e+04 4.55183e-01
1.30700e+04 4.55472e-01
1.30800e+04 4.56138e-01
1.30900e+04 4.56427e-01
1.31000e+04 4.56717e-01
1.31036e+04 4.56821e-01
1.31100e+04 4.55510e-01
1.31200e+04 4.53467e-01
1.31300e+04 4.51794e-01
1.31400e+04 4.49746e-01
1.31500e+04 4.47697e-01
1.31600e+04 4.45646e-01
1.31700e+04 4.43960e-01
1.31800e+04 4.41905e-01
1.31900e+04 4.39848e-01
1.32000e+04 4.37791e-01
1.32036e+04 4.37014e-01
1.32100e+04 4.37229e-01
1.32200e+04 4.37926e-01
1.32300e+04 4.38262e-01
1.32400e+04 4.38598e-01
1.32500e+04 4.38934e-01
1.32600e+04 4.39271e-01
1.32700e+04 4.39607e-01
1.32800e+04 4.40306e-01
1.32900e+04 4.40643e-01
1.33000e+04 4.40980e-01
1.33036e+04 4.41102e-01
1.33100e+04 4.42255e-01
1.33200e+04 4.44066e-01
1.33300e+04 4.46244e-01
1.33400e+04 4.48058e-01
1.33500e+04 4.49872e-01
1.33600e+04 4.51686e-01
1.33700e+04 4.53500e-01
1.33800e+04 4.55315e-01
1.33900e+04 4.57506e-01
1.34000e+04 4.59324e-01
1.34037e+04 4.59898e-01
1.34100e+04 4.60498e-01
1.34200e+04 4.61444e-01
1.34300e+04 4.62388e-01
1.34400e+04 4.63332e-01
1.34500e+04 4.64657e-01
1.34600e+04 4.65599e-01
1.34700e+04 4.66541e-01
1.34800e+04 4.67482e-01
1.34900e+04 4.68421e-01
1.35000e+04 4.69360e-01
1.35037e+04 4.69826e-01
1.35100e+04 4.70278e-01
1.35200e+04 4.70608e-01
1.35300e+04 4.70937e-01
1.35400e+04 4.71266e-01
1.35500e+04 4.71595e-01
1.35600e+04 4.71922e-01
1.35700e+04 4.72250e-01
1.35800e+04 4.72964e-01
1.35900e+04 4.73290e-01
1.36000e+04 4.73615e-01
1.36037e+04 4.73404e-01
1.36100e+04 4.71224e-01
1.36200e+04 4.67765e-01
1.36300e+04 4.64318e-01
1.36400e+04 4.60883e-01
1.36500e+04 4.57461e-01
1.36600e+04 4.54424e-01
1.36700e+04 4.51024e-01
1.36800e+04 4.47637e-01
1.36900e+04 4.44262e-01
1.37000e+04 4.40900e-01
1.37037e+04 4.39643e-01
1.37100e+04 4.40031e-01
1.37200e+04 4.40645e-01
1.37300e+04 4.41251e-01
1.37400e+04 4.41850e-01
1.37500e+04 4.42805e-01
1.37600e+04 4.43390e-01
1.37700e+04 4.43967e-01
1.37800e+04 4.44537e-01
1.37900e+04 4.45100e-01
1.38000e+04 4.45656e-01
1.38038e+04 4.45961e-01
1.38100e+04 4.45717e-01
1.38200e+04 4.45323e-01
1.38300e+04 4.44929e-01
1.38400e+04 4.46302e-01
1.38500e+04 4.47678e-01
1.38600e+04 4.49424e-01
1.38700e+04 4.50806e-01
1.38800e+04 4.52191e-01
1.38900e+04 4.53578e-01
1.39000e+04 4.54968e-01
1.39038e+04 4.55497e-01
1.39100e+04 4.56150e-01
1.39200e+04 4.57204e-01
1.39300e+04 4.58260e-01
1.39400e+04 4.59316e-01
1.39500e+04 4.60374e-01
1.39600e+04 4.61433e-01
1.39700e+04 4.62494e-01
1.39800e+04 4.63556e-01
1.39900e+04 4.64619e-01
1.40000e+04 4.65683e-01
1.40038e+04 4.65916e-01
1.40100e+04 4.66088e-01
1.40200e+04 4.66365e-01
1.40300e+04 4.66641e-01
1.40400e+04 4.66918e-01
1.40500e+04 4.67194e-01
1.40600e+04 4.67470e-01
1.40700e+04 4.67746e-01
1.40800e+04 4.68405e-01
1.40900e+04 4.68680e-01
1.41000e+04 4.68956e-01
1.41039e+04 4.69062e-01
1.41100e+04 4.68860e-01
1.41200e+04 4.68532e-01
1.41300e+04 4.68202e-01
1.41400e+04 4.67870e-01
1.41500e+04 4.67537e-01
1.41600e+04 4.67202e-01
1.41700e+04 4.66867e-01
1.41800e+04 4.66529e-01
1.41900e+04 4.66191e-01
1.42000e+04 4.65470e-01
1.42039e+04 4.65173e-01
1.42100e+04 4.65081e-01
1.42200e+04 4.64931e-01
1.42300e+04 4.64781e-01
1.42400e+04 4.64631e-01
1.42500e+04 4.64480e-01
1.42600e+04 4.64330e-01
1.42700e+04 4.64179e-01
1.42800e+04 4.64028e-01
1.42900e+04 4.63878e-01
1.43000e+04 4.63727e-01
1.43039e+04 4.63668e-01
1.43100e+04 4.64217e-01
1.43200e+04 4.65120e-01
1.43300e+04 4.66023e-01
1.43400e+04 4.66925e-01
1.43500e+04 4.67828e-01
1.43600e+04 4.68731e-01
1.43700e+04 4.69634e-01
1.43800e+04 4.70537e-01
1.43900e+04 4.71440e-01
1.44000e+04 4.71957e-01
1.44039e+04 4.72277e-01
1.44100e+04 4.70792e-01
1.44200e+04 4.68342e-01
1.44300e+04 4.65894e-01
1.44400e+04 4.63445e-01
1.44500e+04 4.60998e-01
1.44600e+04 4.58551e-01
1.44700e+04 4.56104e-01
1.44800e+04 4.53658e-01
1.44900e+04 4.51213e-01
1.45000e+04 4.48768e-01
1.45040e+04 4.47737e-01
1.45100e+04 4.48784e-01
1.45200e+04 4.50885e-01
1.45300e+04 4.52988e-01
1.45400e+04 4.55093e-01
1.45500e+04 4.57198e-01
1.45600e+04 4.59306e-01
1.45700e+04 4.61414e-01
1.45800e+04 4.63144e-01
1.45900e+04 4.65254e-01
1.46000e+04 4.67365e-01
1.46040e+04 4.68187e-01
1.46100e+04 4.68254e-01
1.46200e+04 4.68366e-01
1.46300e+04 4.68478e-01
1.46400e+04 4.68589e-01
1.46500e+04 4.68317e-01
1.46600e+04 4.68428e-01
1.46700e+04 4.68540e-01
1.46800e+04 4.68652e-01
1.46900e+04 4.68763e-01
1.47000e+04 4.68875e-01
1.47040e+04 4.68765e-01
1.47100e+04 4.69210e-01
1.47200e+04 4.70337e-01
1.47300e+04 4.71466e-01
1.47400e+04 4.72594e-01
1.47500e+04 4.73724e-01
1.47600e+04 4.74463e-01
1.47700e+04 4.75593e-01
1.47800e+04 4.76722e-01
1.47900e+04 4.77852e-01
1.48000e+04 4.78589e-01
1.48040e+04 4.79027e-01
1.48100e+04 4.78433e-01
1.48200e+04 4.77434e-01
1.48300e+04 4.76436e-01
1.48400e+04 4.75046e-01
1.48500e+04 4.74048e-01
1.48600e+04 4.73049e-01
1.48700e+04 4.72050e-01
1.48800e+04 4.70663e-01
1.48900e+04 4.69664e-01
1.49000e+04 4.68665e-01
1.49041e+04 4.68258e-01
1.49100e+04 4.68414e-01
1.49200e+04 4.68292e-01
1.49300e+04 4.68555e-01
1.49400e+04 4.68819e-01
1.49500e+04 4.69082e-01
1.49600e+04 4.68959e-01
1.49700e+04 4.69222e-01
1.49800e+04 4.69485e-01
1.49900e+04 4.69361e-01
1.50000e+04 4.69624e-01
1.50041e+04 4.69640e-01
1.50100e+04 4.69223e-01
1.50200e+04 4.68131e-01
1.50300e+04 4.67427e-01
1.50400e+04 4.66723e-01
1.50500e+04 4.65635e-01
1.50600e+04 4.64933e-01
1.50700e+04 4.64231e-01
1.50800e+04 4.63146e-01
1.50900e+04 4.62445e-01
1.51000e+04 4.61745e-01
1.51041e+04 4.61299e-01
1.51100e+04 4.61455e-01
1.51200e+04 4.62104e-01
1.51300e+04 4.62752e-01
1.51400e+04 4.63015e-01
1.51500e+04 4.63662e-01
1.51600e+04 4.64307e-01
1.51700e+04 4.64567e-01
1.51800e+04 4.65211e-01
1.51900e+04 4.65468e-01
1.52000e+04 4.66111e-01
1.52042e+04 4.66362e-01
1.52100e+04 4.65339e-01
1.52200e+04 4.63205e-01
1.52300e+04 4.61459e-01
1.52400e+04 4.59332e-01
1.52500e+04 4.57590e-01
1.52600e+04 4.55849e-01
1.52700e+04 4.53732e-01
1.52800e+04 4.51996e-01
1.52900e+04 4.49886e-01
1.53000e+04 4.48154e-01
1.53042e+04 4.47275e-01
1.53100e+04 4.47175e-01
1.53200e+04 4.47377e-01
1.53300e+04 4.47205e-01
1.53400e+04 4.47406e-01
1.53500e+04 4.47233e-01
1.53600e+04 4.47433e-01
1.53700e+04 4.47633e-01
1.53800e+04 4.47458e-01
1.53900e+04 4.47658e-01
1.54000e+04 4.47482e-01
1.54042e+04 4.47575e-01
1.54100e+04 4.47613e-01
1.54200e+04 4.47303e-01
1.54300e+04 4.47368e-01
1.54400e+04 4.47058e-01
1.54500e+04 4.47123e-01
1.54600e+04 4.46812e-01
1.54700e+04 4.46502e-01
1.54800e+04 4.46566e-01
1.54900e+04 4.46255e-01
1.55000e+04 4.46318e-01
1.55042e+04 4.46237e-01
1.55100e+04 4.45513e-01
1.55200e+04 4.44632e-01
1.55300e+04 4.43378e-01
1.55400e+04 4.42499e-01
1.55500e+04 4.41248e-01
1.55600e+04 4.39998e-01
1.55700e+04 4.39120e-01
1.55800e+04 4.37873e-01
1.55900e+04 4.36997e-01
1.56000e+04 4.35752e-01
1.56043e+04 4.35369e-01
1.56100e+04 4.35820e-01
1.56200e+04 4.36236e-01
1.56300e+04 4.36651e-01
1.56400e+04 4.37434e-01
1.56500e+04 4.37847e-01
1.56600e+04 4.38257e-01
1.56700e+04 4.39038e-01
1.56800e+04 4.39446e-01
1.56900e+04 4.40226e-01
1.57000e+04 4.40632e-01
1.57043e+04 4.40805e-01
1.57100e+04 4.41261e-01
1.57200e+04 4.42435e-01
1.57300e+04 4.43231e-01
1.57400e+04 4.44025e-01
1.57500e+04 4.45195e-01
1.57600e+04 4.45985e-01
1.57700e+04 4.46772e-01
1.57800e+04 4.47557e-01
1.57900e+04 4.48723e-01
1.58000e+04 4.49504e-01
1.58043e+04 4.49848e-01
1.58100e+04 4.49003e-01
1.58200e+04 4.47902e-01
1.58300e+04 4.46418e-01
1.58400e+04 4.44937e-01
1.58500e+04 4.43458e-01
1.58600e+04 4.42360e-01
1.58700e+04 4.40884e-01
1.58800e+04 4.39410e-01
1.58900e+04 4.37939e-01
1.59000e+04 4.36845e-01
1.59043e+04 4.36207e-01
1.59100e+04 4.36232e-01
1.59200e+04 4.36275e-01
1.59300e+04 4.36317e-01
1.59400e+04 4.36358e-01
1.59500e+04 4.36776e-01
1.59600e+04 4.36816e-01
1.59700e+04 4.36855e-01
1.59800e+04 4.36893e-01
1.59900e+04 4.36931e-01
1.60000e+04 4.37346e-01
1.60044e+04 4.37370e-01
1.60100e+04 4.36712e-01
1.60200e+04 4.35545e-01
1.60300e+04 4.34380e-01
1.60400e+04 4.33216e-01
1.60500e+04 4.32053e-01
1.60600e+04 4.31267e-01
1.60700e+04 4.30106e-01
1.60800e+04 4.28947e-01
1.60900e+04 4.27790e-01
1.61000e+04 4.26634e-01
1.61044e+04 4.26126e-01
1.61100e+04 4.25969e-01
1.61200e+04 4.25688e-01
1.61300e+04 4.25407e-01
1.61400e+04 4.25125e-01
1.61500e+04 4.24843e-01
1.61600e+04 4.24934e-01
1.61700e+04 4.24652e-01
1.61800e+04 4.24369e-01
1.61900e+04 4.24087e-01
1.62000e+04 4.23804e-01
1.62044e+04 4.23645e-01
1.62100e+04 4.23035e-01
1.62200e+04 4.21942e-01
1.62300e+04 4.20851e-01
1.62400e+04 4.19762e-01
1.62500e+04 4.18674e-01
1.62600e+04 4.17587e-01
1.62700e+04 4.16503e-01
1.62800e+04 4.15420e-01
1.62900e+04 4.14338e-01
1.63000e+04 4.13258e-01
1.63045e+04 4.12778e-01
1.63100e+04 4.12054e-01
1.63200e+04 4.10750e-01
1.63300e+04 4.09448e-01
1.63400e+04 4.08149e-01
1.63500e+04 4.06851e-01
1.63600e+04 4.05556e-01
1.63700e+04 4.03902e-01
1.63800e+04 4.02612e-01
1.63900e+04 4.01324e-01
1.64000e+04 4.00038e-01
1.64045e+04 3.99568e-01
1.64100e+04 3.99590e-01
1.64200e+04 3.99630e-01
1.64300e+04 3.99668e-01
1.64400e+04 3.99707e-01
1.64500e+04 3.99744e-01
1.64600e+04 3.99421e-01
1.64700e+04 3.99458e-01
1.64800e+04 3.99493e-01
1.64900e+04 3.99528e-01
1.65000e+04 3.99562e-01
1.65045e+04 3.99578e-01
1.65100e+04 3.98572e-01
1.65200e+04 3.96741e-01
1.65300e+04 3.94554e-01
1.65400e+04 3.92728e-01
1.65500e+04 3.90904e-01
1.65600e+04 3.89081e-01
1.65700e+04 3.87260e-01
1.65800e+04 3.85089e-01
1.65900e+04 3.83272e-01
1.66000e+04 3.81457e-01
1.66045e+04 3.80199e-01
1.66100e+04 3.75147e-01
1.66200e+04 3.65611e-01
1.66300e+04 3.56470e-01
1.66400e+04 3.47383e-01
1.66500e+04 3.38347e-01
1.66600e+04 3.29060e-01
1.66700e+04 3.20137e-01
1.66800e+04 3.11265e-01
1.66900e+04 3.02165e-01
1.67000e+04 2.93404e-01
1.67046e+04 2.89424e-01
1.67100e+04 2.83979e-01
1.67200e+04 2.73756e-01
1.67300e+04 2.63856e-01
1.67400e+04 2.54015e-01
1.67500e+04 2.44005e-01
1.67600e+04 2.34291e-01
1.67700e+04 2.24635e-01
1.67800e+04 2.14836e-01
1.67900e+04 2.05306e-01
1.68000e+04 1.95650e-01
1.68046e+04 1.91329e-01
1.68100e+04 1.86906e-01
1.68200e+04 1.78767e-01
1.68300e+04 1.70517e-01
1.68400e+04 1.62484e-01
1.68500e+04 1.54353e-01
1.68600e+04 1.46424e-01
1.68700e+04 1.38413e-01
1.68800e+04 1.30588e-01
1.68900e+04 1.22811e-01
1.69000e+04 1.14973e-01
1.69046e+04 1.11425e-01
1.69100e+04 1.09148e-01
1.69200e+04 1.04840e-01
1.69300e+04 1.00661e-01
1.69400e+04 9.64153e-02
1.69500e+04 9.22909e-02
1.69600e+04 8.81074e-02
1.69700e+04 8.39568e-02
1.69800e+04 7.99157e-02
1.69900e+04 7.58267e-02
1.70000e+04 7.18394e-02
1.70046e+04 6.99408e-02
1.70100e+04 6.86050e-02
1.70200e+04 6.61930e-02
1.70300e+04 6.37370e-02
1.70400e+04 6.13034e-02
1.70500e+04 5.89491e-02
1.70600e+04 5.65575e-02
1.70700e+04 5.42407e-02
1.70800e+04 5.18909e-02
1.70900e+04 4.95629e-02
1.71000e+04 4.73030e-02
1.71047e+04 4.62324e-02
1.71100e+04 4.53367e-02
1.71200e+04 4.36682e-02
1.71300e+04 4.20564e-02
1.71400e+04 4.04170e-02
1.71500e+04 3.87929e-02
1.71600e+04 3.72208e-02
1.71700e+04 3.56256e-02
1.71800e+04 3.40454e-02
1.71900e+04 3.25126e-02
1.72000e+04 3.09610e-02
1.72047e+04 3.01222e-02
1.72100e+04 2.94400e-02
1.72200e+04 2.81724e-02
1.72300e+04 2.69570e-02
1.72400e+04 2.57384e-02
1.72500e+04 2.45448e-02
1.72600e+04 2.33760e-02
1.72700e+04 2.22319e-02
1.72800e+04 2.11336e-02
1.72900e+04 2.00372e-02
1.73000e+04 1.89651e-02
1.73047e+04 1.84696e-02
1.73100e+04 1.81703e-02
1.73200e+04 1.76132e-02
1.73300e+04 1.70658e-02
1.73400e+04 1.65280e-02
1.73500e+04 1.60163e-02
1.73600e+04 1.54973e-02
1.73700e+04 1.49877e-02
1.73800e+04 1.44877e-02
1.73900e+04 1.39970e-02
1.74000e+04 1.35158e-02
1.74048e+04 1.31979e-02
1.74100e+04 1.32030e-02
1.74200e+04 1.31943e-02
1.74300e+04 1.31616e-02
1.74400e+04 1.31051e-02
1.74500e+04 1.30249e-02
1.74600e+04 1.29211e-02
1.74700e+04 1.27940e-02
1.74800e+04 1.26438e-02
1.74900e+04 1.24705e-02
1.75000e+04 1.22745e-02
1.75048e+04 1.21723e-02
1.75100e+04 1.19964e-02
1.75200e+04 1.16486e-02
1.75300e+04 1.12882e-02
1.75400e+04 1.09153e-02
1.75500e+04 1.05302e-02
1.75600e+04 1.01327e-02
1.75700e+04 9.72322e-03
1.75800e+04 9.30166e-03
1.75900e+04 8.86818e-03
1.76000e+04 8.41380e-03
1.76048e+04 8.30555e-03
1.76100e+04 8.14751e-03
1.76200e+04 7.84290e-03
1.76300e+04 7.53749e-03
1.76400e+04 7.23128e-03
1.76500e+04 6.92429e-03
1.76600e+04 6.60930e-03
1.76700e+04 6.30112e-03
1.76800e+04 5.99221e-03
1.76900e+04 5.68258e-03
1.77000e+04 5.36632e-03
1.77048e+04 5.21725e-03
1.77100e+04 5.19927e-03
1.77200e+04 5.13694e-03
1.77300e+04 5.03837e-03
1.77400e+04 4.89836e-03
1.77500e+04 4.72831e-03
1.77600e+04 4.52288e-03
1.77700e+04 4.28236e-03
1.77800e+04 4.00251e-03
1.77900e+04 3.69298e-03
1.78000e+04 3.34923e-03
1.78049e+04 3.34235e-03
1.78100e+04 3.30768e-03
1.78200e+04 3.23957e-03
1.78300e+04 3.16269e-03
1.78400e+04 3.08440e-03
1.78500e+04 3.00106e-03
1.78600e+04 2.90935e-03
1.78700e+04 2.81612e-03
1.78800e+04 2.71483e-03
1.78900e+04 2.61191e-03
1.79000e+04 2.50124e-03
1.79049e+04 2.44675e-03
