# Filter name : HST/WFC3_IR.F110W
# Description : F110W filter for HST WFC3_IR
# Photometric system : WFC3-IR
# FilterType : photon
# Band name : ------
# Observatory : HST
# Instrument : WFC3
# Comments : Response calculated at a reference time, June 26, 2009, i.e. approximately when WFC3 was installed on HST. Using filter throughputs determined in the lab in combination with the measured QE of the flight detectors and sensitivities of WFC3's optics. These values were derived with STsynphot by using filter and correction files from the latest photometric calibration released on October 2020 (Bajaj et al 2020,  Calamida et al. 2021). For more information on the latest photometric calibration please see the Photometric calibration webpage. 
# 
8.69000e+03 1.64557e-04
8.69239e+03 1.88163e-04
8.70000e+03 2.14356e-04
8.70239e+03 2.22591e-04
8.71000e+03 2.19141e-04
8.71239e+03 2.18055e-04
8.72000e+03 3.14783e-04
8.72239e+03 3.45668e-04
8.73000e+03 4.11419e-04
8.73240e+03 4.32274e-04
8.74000e+03 4.47482e-04
8.74240e+03 4.52311e-04
8.75000e+03 5.54510e-04
8.75240e+03 5.87030e-04
8.76000e+03 7.76919e-04
8.76241e+03 8.37415e-04
8.77000e+03 1.02892e-03
8.77241e+03 1.09001e-03
8.78000e+03 1.28178e-03
8.78241e+03 1.34306e-03
8.79000e+03 1.67706e-03
8.79241e+03 1.78396e-03
8.80000e+03 2.20063e-03
8.80242e+03 2.33336e-03
8.81000e+03 2.89761e-03
8.81242e+03 3.07843e-03
8.82000e+03 3.84743e-03
8.82242e+03 4.09426e-03
8.83000e+03 5.18995e-03
8.83242e+03 5.54447e-03
8.84000e+03 7.01617e-03
8.84243e+03 7.49083e-03
8.85000e+03 9.49073e-03
8.85243e+03 1.01365e-02
8.86000e+03 1.28355e-02
8.86243e+03 1.37083e-02
8.87000e+03 1.72824e-02
8.87244e+03 1.84400e-02
8.88000e+03 2.30686e-02
8.88244e+03 2.45701e-02
8.89000e+03 3.05603e-02
8.89244e+03 3.25057e-02
8.90000e+03 4.02678e-02
8.90244e+03 4.27512e-02
8.91000e+03 5.20854e-02
8.91245e+03 5.51145e-02
8.92000e+03 6.58280e-02
8.92245e+03 6.93241e-02
8.93000e+03 8.17908e-02
8.93245e+03 8.58350e-02
8.94000e+03 1.00206e-01
8.94245e+03 1.04890e-01
8.95000e+03 1.20746e-01
8.95246e+03 1.25946e-01
8.96000e+03 1.43048e-01
8.96246e+03 1.48613e-01
8.97000e+03 1.66618e-01
8.97246e+03 1.72548e-01
8.98000e+03 1.91380e-01
8.98246e+03 1.97519e-01
8.99000e+03 2.16248e-01
8.99247e+03 2.22397e-01
9.00000e+03 2.40476e-01
9.00247e+03 2.46330e-01
9.01000e+03 2.63029e-01
9.01247e+03 2.68467e-01
9.02000e+03 2.83245e-01
9.02248e+03 2.88169e-01
9.03000e+03 3.01562e-01
9.03248e+03 3.05981e-01
9.04000e+03 3.17217e-01
9.04248e+03 3.20929e-01
9.05000e+03 3.29724e-01
9.05248e+03 3.32703e-01
9.06000e+03 3.39313e-01
9.06249e+03 3.41435e-01
9.07000e+03 3.45926e-01
9.07249e+03 3.47489e-01
9.08000e+03 3.50227e-01
9.08249e+03 3.51065e-01
9.09000e+03 3.52011e-01
9.09250e+03 3.52327e-01
9.10000e+03 3.52164e-01
9.10250e+03 3.52184e-01
9.11000e+03 3.51658e-01
9.11250e+03 3.51410e-01
9.12000e+03 3.50629e-01
9.12250e+03 3.50441e-01
9.13000e+03 3.50090e-01
9.13251e+03 3.49900e-01
9.14000e+03 3.49781e-01
9.14251e+03 3.49815e-01
9.15000e+03 3.50728e-01
9.15251e+03 3.50962e-01
9.16000e+03 3.52680e-01
9.16251e+03 3.53333e-01
9.17000e+03 3.56212e-01
9.17252e+03 3.57107e-01
9.18000e+03 3.60456e-01
9.18252e+03 3.61661e-01
9.19000e+03 3.65922e-01
9.19252e+03 3.67285e-01
9.20000e+03 3.71726e-01
9.20252e+03 3.73242e-01
9.21000e+03 3.77760e-01
9.21253e+03 3.79210e-01
9.22000e+03 3.83224e-01
9.22253e+03 3.84666e-01
9.23000e+03 3.88412e-01
9.23253e+03 3.89689e-01
9.24000e+03 3.92736e-01
9.24254e+03 3.93856e-01
9.25000e+03 3.96257e-01
9.25254e+03 3.96991e-01
9.26000e+03 3.98119e-01
9.26254e+03 3.98589e-01
9.27000e+03 3.98965e-01
9.27254e+03 3.99008e-01
9.28000e+03 3.98299e-01
9.28255e+03 3.98142e-01
9.29000e+03 3.97053e-01
9.29255e+03 3.96595e-01
9.30000e+03 3.94830e-01
9.30255e+03 3.94309e-01
9.31000e+03 3.92721e-01
9.31255e+03 3.92092e-01
9.32000e+03 3.90489e-01
9.32256e+03 3.90022e-01
9.33000e+03 3.89062e-01
9.33256e+03 3.88647e-01
9.34000e+03 3.88245e-01
9.34256e+03 3.88190e-01
9.35000e+03 3.88938e-01
9.35257e+03 3.89112e-01
9.36000e+03 3.90258e-01
9.36257e+03 3.90739e-01
9.37000e+03 3.92837e-01
9.37257e+03 3.93478e-01
9.38000e+03 3.96133e-01
9.38257e+03 3.97140e-01
9.39000e+03 4.00481e-01
9.39258e+03 4.01642e-01
9.40000e+03 4.04996e-01
9.40258e+03 4.05977e-01
9.41000e+03 4.08722e-01
9.41258e+03 4.09766e-01
9.42000e+03 4.12591e-01
9.42258e+03 4.13487e-01
9.43000e+03 4.15568e-01
9.43259e+03 4.16445e-01
9.44000e+03 4.18233e-01
9.44259e+03 4.18767e-01
9.45000e+03 4.19561e-01
9.45259e+03 4.19931e-01
9.46000e+03 4.20230e-01
9.46259e+03 4.20335e-01
9.47000e+03 4.19976e-01
9.47260e+03 4.19758e-01
9.48000e+03 4.18660e-01
9.48260e+03 4.18365e-01
9.49000e+03 4.17234e-01
9.49260e+03 4.16835e-01
9.50000e+03 4.15703e-01
9.50261e+03 4.15194e-01
9.51000e+03 4.13921e-01
9.51261e+03 4.13562e-01
9.52000e+03 4.12732e-01
9.52261e+03 4.12347e-01
9.53000e+03 4.11676e-01
9.53261e+03 4.11530e-01
9.54000e+03 4.11872e-01
9.54262e+03 4.11993e-01
9.55000e+03 4.12989e-01
9.55262e+03 4.13250e-01
9.56000e+03 4.14359e-01
9.56262e+03 4.14844e-01
9.57000e+03 4.16631e-01
9.57262e+03 4.17267e-01
9.58000e+03 4.19465e-01
9.58263e+03 4.20154e-01
9.59000e+03 4.22385e-01
9.59263e+03 4.23275e-01
9.60000e+03 4.25710e-01
9.60263e+03 4.26540e-01
9.61000e+03 4.28484e-01
9.61264e+03 4.29083e-01
9.62000e+03 4.30413e-01
9.62264e+03 4.30985e-01
9.63000e+03 4.32162e-01
9.63264e+03 4.32630e-01
9.64000e+03 4.33337e-01
9.64264e+03 4.33492e-01
9.65000e+03 4.33382e-01
9.65265e+03 4.33438e-01
9.66000e+03 4.32968e-01
9.66265e+03 4.32797e-01
9.67000e+03 4.31907e-01
9.67265e+03 4.31487e-01
9.68000e+03 4.30177e-01
9.68266e+03 4.29799e-01
9.69000e+03 4.28645e-01
9.69266e+03 4.28226e-01
9.70000e+03 4.27114e-01
9.70266e+03 4.26612e-01
9.71000e+03 4.25441e-01
9.71266e+03 4.25111e-01
9.72000e+03 4.24513e-01
9.72267e+03 4.24294e-01
9.73000e+03 4.24295e-01
9.73267e+03 4.24198e-01
9.74000e+03 4.24498e-01
9.74267e+03 4.24702e-01
9.75000e+03 4.25694e-01
9.75267e+03 4.26055e-01
9.76000e+03 4.27485e-01
9.76268e+03 4.28006e-01
9.77000e+03 4.29654e-01
9.77268e+03 4.30158e-01
9.78000e+03 4.31741e-01
9.78268e+03 4.32419e-01
9.79000e+03 4.34389e-01
9.79268e+03 4.35111e-01
9.80000e+03 4.36950e-01
9.80269e+03 4.37564e-01
9.81000e+03 4.38915e-01
9.81269e+03 4.39310e-01
9.82000e+03 4.40019e-01
9.82269e+03 4.40379e-01
9.83000e+03 4.40861e-01
9.83270e+03 4.41099e-01
9.84000e+03 4.41212e-01
9.84270e+03 4.41252e-01
9.85000e+03 4.40888e-01
9.85270e+03 4.40649e-01
9.86000e+03 4.39555e-01
9.86270e+03 4.39249e-01
9.87000e+03 4.38087e-01
9.87271e+03 4.37654e-01
9.88000e+03 4.36321e-01
9.88271e+03 4.35823e-01
9.89000e+03 4.34405e-01
9.89271e+03 4.33774e-01
9.90000e+03 4.32245e-01
9.90271e+03 4.31774e-01
9.91000e+03 4.30667e-01
9.91272e+03 4.30251e-01
9.92000e+03 4.29694e-01
9.92272e+03 4.29483e-01
9.93000e+03 4.29399e-01
9.93272e+03 4.29365e-01
9.94000e+03 4.29758e-01
9.94273e+03 4.29803e-01
9.95000e+03 4.30421e-01
9.95273e+03 4.30751e-01
9.96000e+03 4.32149e-01
9.96273e+03 4.32673e-01
9.97000e+03 4.34503e-01
9.97273e+03 4.35189e-01
9.98000e+03 4.37269e-01
9.98274e+03 4.38051e-01
9.99000e+03 4.40280e-01
9.99274e+03 4.41016e-01
1.00000e+04 4.42898e-01
1.00027e+04 4.43779e-01
1.00100e+04 4.45915e-01
1.00127e+04 4.46721e-01
1.00200e+04 4.48509e-01
1.00227e+04 4.49185e-01
1.00300e+04 4.50600e-01
1.00328e+04 4.51135e-01
1.00400e+04 4.51925e-01
1.00428e+04 4.52116e-01
1.00500e+04 4.51911e-01
1.00528e+04 4.51937e-01
1.00600e+04 4.51449e-01
1.00628e+04 4.51261e-01
1.00700e+04 4.50195e-01
1.00728e+04 4.49785e-01
1.00800e+04 4.48268e-01
1.00828e+04 4.47686e-01
1.00900e+04 4.45811e-01
1.00928e+04 4.45091e-01
1.01000e+04 4.42945e-01
1.01028e+04 4.42120e-01
1.01100e+04 4.40173e-01
1.01128e+04 4.39319e-01
1.01200e+04 4.37305e-01
1.01228e+04 4.36634e-01
1.01300e+04 4.35206e-01
1.01328e+04 4.34655e-01
1.01400e+04 4.33713e-01
1.01428e+04 4.33348e-01
1.01500e+04 4.32940e-01
1.01528e+04 4.32781e-01
1.01600e+04 4.33026e-01
1.01628e+04 4.33119e-01
1.01700e+04 4.34055e-01
1.01728e+04 4.34415e-01
1.01800e+04 4.35945e-01
1.01828e+04 4.36432e-01
1.01900e+04 4.38125e-01
1.01928e+04 4.38885e-01
1.02000e+04 4.41525e-01
1.02028e+04 4.42557e-01
1.02100e+04 4.45494e-01
1.02128e+04 4.46635e-01
1.02200e+04 4.49830e-01
1.02228e+04 4.51073e-01
1.02300e+04 4.54313e-01
1.02328e+04 4.55576e-01
1.02400e+04 4.58604e-01
1.02428e+04 4.59785e-01
1.02500e+04 4.62643e-01
1.02528e+04 4.63759e-01
1.02600e+04 4.66219e-01
1.02628e+04 4.67180e-01
1.02700e+04 4.69136e-01
1.02728e+04 4.69902e-01
1.02800e+04 4.71265e-01
1.02828e+04 4.71685e-01
1.02900e+04 4.72225e-01
1.02928e+04 4.72551e-01
1.03000e+04 4.72781e-01
1.03028e+04 4.72871e-01
1.03100e+04 4.72594e-01
1.03128e+04 4.72484e-01
1.03200e+04 4.71912e-01
1.03228e+04 4.71684e-01
1.03300e+04 4.70668e-01
1.03328e+04 4.70265e-01
1.03400e+04 4.69142e-01
1.03428e+04 4.68697e-01
1.03500e+04 4.67663e-01
1.03528e+04 4.67252e-01
1.03600e+04 4.66302e-01
1.03628e+04 4.65924e-01
1.03700e+04 4.65112e-01
1.03728e+04 4.64789e-01
1.03800e+04 4.64326e-01
1.03828e+04 4.64141e-01
1.03900e+04 4.64078e-01
1.03928e+04 4.64052e-01
1.04000e+04 4.64236e-01
1.04028e+04 4.64313e-01
1.04100e+04 4.65221e-01
1.04129e+04 4.65583e-01
1.04200e+04 4.66754e-01
1.04229e+04 4.67221e-01
1.04300e+04 4.68680e-01
1.04329e+04 4.69264e-01
1.04400e+04 4.70964e-01
1.04429e+04 4.71645e-01
1.04500e+04 4.73485e-01
1.04529e+04 4.74106e-01
1.04600e+04 4.75775e-01
1.04629e+04 4.76562e-01
1.04700e+04 4.78520e-01
1.04729e+04 4.79308e-01
1.04800e+04 4.81098e-01
1.04829e+04 4.81819e-01
1.04900e+04 4.83352e-01
1.04929e+04 4.83970e-01
1.05000e+04 4.85260e-01
1.05029e+04 4.85667e-01
1.05100e+04 4.86245e-01
1.05129e+04 4.86479e-01
1.05200e+04 4.86758e-01
1.05229e+04 4.86870e-01
1.05300e+04 4.86902e-01
1.05329e+04 4.86914e-01
1.05400e+04 4.86501e-01
1.05429e+04 4.86333e-01
1.05500e+04 4.85634e-01
1.05529e+04 4.85349e-01
1.05600e+04 4.84512e-01
1.05629e+04 4.84171e-01
1.05700e+04 4.83188e-01
1.05729e+04 4.82786e-01
1.05800e+04 4.81858e-01
1.05829e+04 4.81479e-01
1.05900e+04 4.80481e-01
1.05929e+04 4.80073e-01
1.06000e+04 4.79439e-01
1.06029e+04 4.79169e-01
1.06100e+04 4.78597e-01
1.06129e+04 4.78362e-01
1.06200e+04 4.78047e-01
1.06229e+04 4.77918e-01
1.06300e+04 4.77933e-01
1.06329e+04 4.77939e-01
1.06400e+04 4.78144e-01
1.06429e+04 4.78228e-01
1.06500e+04 4.78716e-01
1.06529e+04 4.78917e-01
1.06600e+04 4.79619e-01
1.06629e+04 4.79909e-01
1.06700e+04 4.80793e-01
1.06729e+04 4.81157e-01
1.06800e+04 4.82382e-01
1.06829e+04 4.83009e-01
1.06900e+04 4.84511e-01
1.06929e+04 4.85011e-01
1.07000e+04 4.86198e-01
1.07029e+04 4.86690e-01
1.07100e+04 4.87862e-01
1.07129e+04 4.88349e-01
1.07200e+04 4.89389e-01
1.07229e+04 4.89822e-01
1.07300e+04 4.90699e-01
1.07329e+04 4.91064e-01
1.07400e+04 4.91792e-01
1.07429e+04 4.92095e-01
1.07500e+04 4.92663e-01
1.07529e+04 4.92901e-01
1.07600e+04 4.93207e-01
1.07629e+04 4.93336e-01
1.07700e+04 4.93426e-01
1.07730e+04 4.93464e-01
1.07800e+04 4.93302e-01
1.07830e+04 4.93235e-01
1.07900e+04 4.92916e-01
1.07930e+04 4.92783e-01
1.08000e+04 4.92331e-01
1.08030e+04 4.92148e-01
1.08100e+04 4.91594e-01
1.08130e+04 4.91362e-01
1.08200e+04 4.90871e-01
1.08230e+04 4.90665e-01
1.08300e+04 4.90195e-01
1.08330e+04 4.89997e-01
1.08400e+04 4.89589e-01
1.08430e+04 4.89417e-01
1.08500e+04 4.89122e-01
1.08530e+04 4.88998e-01
1.08600e+04 4.88887e-01
1.08630e+04 4.88966e-01
1.08700e+04 4.89244e-01
1.08730e+04 4.89237e-01
1.08800e+04 4.89399e-01
1.08830e+04 4.89469e-01
1.08900e+04 4.89842e-01
1.08930e+04 4.90002e-01
1.09000e+04 4.90468e-01
1.09030e+04 4.90667e-01
1.09100e+04 4.91204e-01
1.09130e+04 4.91434e-01
1.09200e+04 4.92065e-01
1.09230e+04 4.92335e-01
1.09300e+04 4.92996e-01
1.09330e+04 4.93279e-01
1.09400e+04 4.93919e-01
1.09430e+04 4.94193e-01
1.09500e+04 4.94745e-01
1.09530e+04 4.94982e-01
1.09600e+04 4.95431e-01
1.09630e+04 4.95625e-01
1.09700e+04 4.95899e-01
1.09730e+04 4.96145e-01
1.09800e+04 4.96617e-01
1.09830e+04 4.96693e-01
1.09900e+04 4.96840e-01
1.09930e+04 4.96874e-01
1.10000e+04 4.96696e-01
1.10030e+04 4.96637e-01
1.10100e+04 4.96372e-01
1.10130e+04 4.96257e-01
1.10200e+04 4.95849e-01
1.10230e+04 4.95673e-01
1.10300e+04 4.95176e-01
1.10330e+04 4.94961e-01
1.10400e+04 4.94463e-01
1.10430e+04 4.94247e-01
1.10500e+04 4.93720e-01
1.10530e+04 4.93491e-01
1.10600e+04 4.92941e-01
1.10630e+04 4.92830e-01
1.10700e+04 4.92659e-01
1.10730e+04 4.92457e-01
1.10800e+04 4.92109e-01
1.10830e+04 4.91958e-01
1.10900e+04 4.91708e-01
1.10930e+04 4.91599e-01
1.11000e+04 4.91480e-01
1.11030e+04 4.91428e-01
1.11100e+04 4.91564e-01
1.11130e+04 4.91623e-01
1.11200e+04 4.91936e-01
1.11230e+04 4.92073e-01
1.11300e+04 4.92453e-01
1.11330e+04 4.92620e-01
1.11400e+04 4.93147e-01
1.11431e+04 4.93507e-01
1.11500e+04 4.94395e-01
1.11531e+04 4.94656e-01
1.11600e+04 4.95315e-01
1.11631e+04 4.95604e-01
1.11700e+04 4.96325e-01
1.11731e+04 4.96642e-01
1.11800e+04 4.97326e-01
1.11831e+04 4.97628e-01
1.11900e+04 4.98256e-01
1.11931e+04 4.98533e-01
1.12000e+04 4.99023e-01
1.12031e+04 4.99380e-01
1.12100e+04 5.00058e-01
1.12131e+04 5.00227e-01
1.12200e+04 5.00511e-01
1.12231e+04 5.00636e-01
1.12300e+04 5.00719e-01
1.12331e+04 5.00756e-01
1.12400e+04 5.00623e-01
1.12431e+04 5.00564e-01
1.12500e+04 5.00254e-01
1.12531e+04 5.00116e-01
1.12600e+04 4.99671e-01
1.12631e+04 4.99473e-01
1.12700e+04 4.98894e-01
1.12731e+04 4.98767e-01
1.12800e+04 4.98353e-01
1.12831e+04 4.98036e-01
1.12900e+04 4.97234e-01
1.12931e+04 4.96875e-01
1.13000e+04 4.96029e-01
1.13031e+04 4.95650e-01
1.13100e+04 4.94830e-01
1.13131e+04 4.94462e-01
1.13200e+04 4.93710e-01
1.13231e+04 4.93373e-01
1.13300e+04 4.92641e-01
1.13331e+04 4.92442e-01
1.13400e+04 4.92189e-01
1.13431e+04 4.91944e-01
1.13500e+04 4.91678e-01
1.13531e+04 4.91558e-01
1.13600e+04 4.91449e-01
1.13631e+04 4.91400e-01
1.13700e+04 4.91524e-01
1.13731e+04 4.91580e-01
1.13800e+04 4.91876e-01
1.13831e+04 4.92141e-01
1.13900e+04 4.92897e-01
1.13931e+04 4.93109e-01
1.14000e+04 4.93748e-01
1.14031e+04 4.94050e-01
1.14100e+04 4.94921e-01
1.14131e+04 4.95317e-01
1.14200e+04 4.96353e-01
1.14231e+04 4.96824e-01
1.14300e+04 4.97906e-01
1.14331e+04 4.98399e-01
1.14400e+04 4.99526e-01
1.14431e+04 5.00174e-01
1.14500e+04 5.01598e-01
1.14531e+04 5.02114e-01
1.14600e+04 5.03161e-01
1.14631e+04 5.03639e-01
1.14700e+04 5.04698e-01
1.14731e+04 5.05183e-01
1.14800e+04 5.06170e-01
1.14831e+04 5.06622e-01
1.14900e+04 5.07374e-01
1.14931e+04 5.07855e-01
1.15000e+04 5.08753e-01
1.15031e+04 5.09021e-01
1.15100e+04 5.09440e-01
1.15132e+04 5.09633e-01
1.15200e+04 5.09830e-01
1.15232e+04 5.09920e-01
1.15300e+04 5.09910e-01
1.15332e+04 5.09905e-01
1.15400e+04 5.09768e-01
1.15432e+04 5.09842e-01
1.15500e+04 5.09892e-01
1.15532e+04 5.09778e-01
1.15600e+04 5.09391e-01
1.15632e+04 5.09211e-01
1.15700e+04 5.08699e-01
1.15732e+04 5.08462e-01
1.15800e+04 5.07905e-01
1.15832e+04 5.07647e-01
1.15900e+04 5.07045e-01
1.15932e+04 5.06903e-01
1.16000e+04 5.06744e-01
1.16032e+04 5.06534e-01
1.16100e+04 5.06168e-01
1.16132e+04 5.05998e-01
1.16200e+04 5.05647e-01
1.16232e+04 5.05484e-01
1.16300e+04 5.05233e-01
1.16332e+04 5.05253e-01
1.16400e+04 5.05449e-01
1.16432e+04 5.05404e-01
1.16500e+04 5.05464e-01
1.16532e+04 5.05492e-01
1.16600e+04 5.05700e-01
1.16632e+04 5.05798e-01
1.16700e+04 5.06154e-01
1.16732e+04 5.06321e-01
1.16800e+04 5.06782e-01
1.16832e+04 5.07137e-01
1.16900e+04 5.08060e-01
1.16932e+04 5.08357e-01
1.17000e+04 5.09044e-01
1.17032e+04 5.09367e-01
1.17100e+04 5.10094e-01
1.17132e+04 5.10437e-01
1.17200e+04 5.11248e-01
1.17232e+04 5.11770e-01
1.17300e+04 5.12911e-01
1.17332e+04 5.13310e-01
1.17400e+04 5.14079e-01
1.17432e+04 5.14443e-01
1.17500e+04 5.15137e-01
1.17532e+04 5.15466e-01
1.17600e+04 5.16088e-01
1.17632e+04 5.16384e-01
1.17700e+04 5.16935e-01
1.17732e+04 5.17339e-01
1.17800e+04 5.18065e-01
1.17832e+04 5.18269e-01
1.17900e+04 5.18507e-01
1.17932e+04 5.18620e-01
1.18000e+04 5.18729e-01
1.18032e+04 5.18758e-01
1.18100e+04 5.18718e-01
1.18132e+04 5.18842e-01
1.18200e+04 5.18990e-01
1.18232e+04 5.18919e-01
1.18300e+04 5.18675e-01
1.18332e+04 5.18559e-01
1.18400e+04 5.18257e-01
1.18432e+04 5.18112e-01
1.18500e+04 5.17705e-01
1.18532e+04 5.17652e-01
1.18600e+04 5.17513e-01
1.18632e+04 5.17303e-01
1.18700e+04 5.16878e-01
1.18732e+04 5.16673e-01
1.18800e+04 5.16322e-01
1.18833e+04 5.16153e-01
1.18900e+04 5.15860e-01
1.18933e+04 5.15861e-01
1.19000e+04 5.15885e-01
1.19033e+04 5.15755e-01
1.19100e+04 5.15682e-01
1.19133e+04 5.15647e-01
1.19200e+04 5.15563e-01
1.19233e+04 5.15523e-01
1.19300e+04 5.15563e-01
1.19333e+04 5.15583e-01
1.19400e+04 5.15827e-01
1.19433e+04 5.16088e-01
1.19500e+04 5.16709e-01
1.19533e+04 5.16868e-01
1.19600e+04 5.17258e-01
1.19633e+04 5.17448e-01
1.19700e+04 5.17993e-01
1.19733e+04 5.18259e-01
1.19800e+04 5.18843e-01
1.19833e+04 5.19272e-01
1.19900e+04 5.20119e-01
1.19933e+04 5.20388e-01
1.20000e+04 5.21008e-01
1.20033e+04 5.21331e-01
1.20100e+04 5.21936e-01
1.20133e+04 5.22232e-01
1.20200e+04 5.22827e-01
1.20233e+04 5.23263e-01
1.20300e+04 5.24110e-01
1.20333e+04 5.24380e-01
1.20400e+04 5.24829e-01
1.20433e+04 5.25050e-01
1.20500e+04 5.25398e-01
1.20533e+04 5.25570e-01
1.20600e+04 5.25767e-01
1.20633e+04 5.26010e-01
1.20700e+04 5.26363e-01
1.20733e+04 5.26390e-01
1.20800e+04 5.26334e-01
1.20833e+04 5.26306e-01
1.20900e+04 5.26137e-01
1.20933e+04 5.26054e-01
1.21000e+04 5.25782e-01
1.21033e+04 5.25794e-01
1.21100e+04 5.25699e-01
1.21133e+04 5.25505e-01
1.21200e+04 5.25067e-01
1.21233e+04 5.24850e-01
1.21300e+04 5.24369e-01
1.21333e+04 5.24130e-01
1.21400e+04 5.23554e-01
1.21433e+04 5.23414e-01
1.21500e+04 5.23213e-01
1.21533e+04 5.22966e-01
1.21600e+04 5.22406e-01
1.21633e+04 5.22126e-01
1.21700e+04 5.21690e-01
1.21733e+04 5.21473e-01
1.21800e+04 5.21114e-01
1.21833e+04 5.21081e-01
1.21900e+04 5.21116e-01
1.21933e+04 5.20987e-01
1.22000e+04 5.20849e-01
1.22033e+04 5.20764e-01
1.22100e+04 5.20707e-01
1.22133e+04 5.20824e-01
1.22200e+04 5.21185e-01
1.22233e+04 5.21220e-01
1.22300e+04 5.21429e-01
1.22333e+04 5.21535e-01
1.22400e+04 5.21806e-01
1.22433e+04 5.21943e-01
1.22500e+04 5.22365e-01
1.22534e+04 5.22725e-01
1.22600e+04 5.23536e-01
1.22634e+04 5.23797e-01
1.22700e+04 5.24424e-01
1.22734e+04 5.24741e-01
1.22800e+04 5.25414e-01
1.22834e+04 5.25755e-01
1.22900e+04 5.26490e-01
1.22934e+04 5.27011e-01
1.23000e+04 5.27980e-01
1.23034e+04 5.28322e-01
1.23100e+04 5.29015e-01
1.23134e+04 5.29367e-01
1.23200e+04 5.30026e-01
1.23234e+04 5.30361e-01
1.23300e+04 5.30997e-01
1.23334e+04 5.31471e-01
1.23400e+04 5.32235e-01
1.23434e+04 5.32474e-01
1.23500e+04 5.32884e-01
1.23534e+04 5.33093e-01
1.23600e+04 5.33408e-01
1.23634e+04 5.33569e-01
1.23700e+04 5.33718e-01
1.23734e+04 5.33946e-01
1.23800e+04 5.34311e-01
1.23834e+04 5.34346e-01
1.23900e+04 5.34245e-01
1.23934e+04 5.34193e-01
1.24000e+04 5.34025e-01
1.24034e+04 5.33960e-01
1.24100e+04 5.33708e-01
1.24134e+04 5.33730e-01
1.24200e+04 5.33693e-01
1.24234e+04 5.33523e-01
1.24300e+04 5.33173e-01
1.24334e+04 5.32993e-01
1.24400e+04 5.32553e-01
1.24434e+04 5.32325e-01
1.24500e+04 5.31927e-01
1.24534e+04 5.31872e-01
1.24600e+04 5.31799e-01
1.24634e+04 5.31610e-01
1.24700e+04 5.31261e-01
1.24734e+04 5.31080e-01
1.24800e+04 5.30776e-01
1.24834e+04 5.30619e-01
1.24900e+04 5.30384e-01
1.24934e+04 5.30414e-01
1.25000e+04 5.30612e-01
1.25034e+04 5.30522e-01
1.25100e+04 5.30493e-01
1.25134e+04 5.30478e-01
1.25200e+04 5.30517e-01
1.25234e+04 5.30537e-01
1.25300e+04 5.30719e-01
1.25334e+04 5.30965e-01
1.25400e+04 5.31500e-01
1.25434e+04 5.31627e-01
1.25500e+04 5.32053e-01
1.25534e+04 5.32276e-01
1.25600e+04 5.32796e-01
1.25634e+04 5.33222e-01
1.25700e+04 5.34111e-01
1.25734e+04 5.34423e-01
1.25800e+04 5.35067e-01
1.25834e+04 5.35405e-01
1.25900e+04 5.36092e-01
1.25934e+04 5.36453e-01
1.26000e+04 5.37092e-01
1.26034e+04 5.37576e-01
1.26100e+04 5.38472e-01
1.26135e+04 5.38790e-01
1.26200e+04 5.39542e-01
1.26235e+04 5.39939e-01
1.26300e+04 5.40583e-01
1.26335e+04 5.40923e-01
1.26400e+04 5.41450e-01
1.26435e+04 5.41885e-01
1.26500e+04 5.42623e-01
1.26535e+04 5.42857e-01
1.26600e+04 5.43164e-01
1.26635e+04 5.43326e-01
1.26700e+04 5.43569e-01
1.26735e+04 5.43698e-01
1.26800e+04 5.43800e-01
1.26835e+04 5.44010e-01
1.26900e+04 5.44248e-01
1.26935e+04 5.44217e-01
1.27000e+04 5.44125e-01
1.27035e+04 5.44076e-01
1.27100e+04 5.43871e-01
1.27135e+04 5.43762e-01
1.27200e+04 5.43479e-01
1.27235e+04 5.43485e-01
1.27300e+04 5.43357e-01
1.27335e+04 5.43131e-01
1.27400e+04 5.42707e-01
1.27435e+04 5.42481e-01
1.27500e+04 5.41996e-01
1.27535e+04 5.41736e-01
1.27600e+04 5.41263e-01
1.27635e+04 5.41009e-01
1.27700e+04 5.40546e-01
1.27735e+04 5.40454e-01
1.27800e+04 5.40287e-01
1.27835e+04 5.40040e-01
1.27900e+04 5.39639e-01
1.27935e+04 5.39423e-01
1.28000e+04 5.39085e-01
1.28035e+04 5.38871e-01
1.28100e+04 5.38559e-01
1.28135e+04 5.38547e-01
1.28200e+04 5.38616e-01
1.28235e+04 5.38497e-01
1.28300e+04 5.38386e-01
1.28335e+04 5.38326e-01
1.28400e+04 5.38311e-01
1.28435e+04 5.38303e-01
1.28500e+04 5.38347e-01
1.28535e+04 5.38527e-01
1.28600e+04 5.39014e-01
1.28635e+04 5.39120e-01
1.28700e+04 5.39340e-01
1.28735e+04 5.39460e-01
1.28800e+04 5.39761e-01
1.28835e+04 5.39924e-01
1.28900e+04 5.40297e-01
1.28935e+04 5.40657e-01
1.29000e+04 5.41402e-01
1.29035e+04 5.41650e-01
1.29100e+04 5.42076e-01
1.29135e+04 5.42309e-01
1.29200e+04 5.42748e-01
1.29235e+04 5.42987e-01
1.29300e+04 5.43382e-01
1.29335e+04 5.43757e-01
1.29400e+04 5.44340e-01
1.29435e+04 5.44500e-01
1.29500e+04 5.44759e-01
1.29535e+04 5.44901e-01
1.29600e+04 5.45123e-01
1.29635e+04 5.45245e-01
1.29700e+04 5.45321e-01
1.29735e+04 5.45363e-01
1.29800e+04 5.45242e-01
1.29835e+04 5.45335e-01
1.29900e+04 5.45433e-01
1.29936e+04 5.45327e-01
1.30000e+04 5.45037e-01
1.30036e+04 5.44943e-01
1.30100e+04 5.44618e-01
1.30136e+04 5.44439e-01
1.30200e+04 5.43961e-01
1.30236e+04 5.43857e-01
1.30300e+04 5.43582e-01
1.30336e+04 5.43269e-01
1.30400e+04 5.42611e-01
1.30436e+04 5.42245e-01
1.30500e+04 5.41511e-01
1.30536e+04 5.41103e-01
1.30600e+04 5.40299e-01
1.30636e+04 5.39852e-01
1.30700e+04 5.38972e-01
1.30736e+04 5.38641e-01
1.30800e+04 5.38043e-01
1.30836e+04 5.37551e-01
1.30900e+04 5.36676e-01
1.30936e+04 5.36188e-01
1.31000e+04 5.35389e-01
1.31036e+04 5.34942e-01
1.31100e+04 5.34175e-01
1.31136e+04 5.33746e-01
1.31200e+04 5.33108e-01
1.31236e+04 5.32909e-01
1.31300e+04 5.32768e-01
1.31336e+04 5.32531e-01
1.31400e+04 5.32144e-01
1.31436e+04 5.31927e-01
1.31500e+04 5.31690e-01
1.31536e+04 5.31557e-01
1.31600e+04 5.31463e-01
1.31636e+04 5.31569e-01
1.31700e+04 5.31941e-01
1.31736e+04 5.31993e-01
1.31800e+04 5.32273e-01
1.31836e+04 5.32431e-01
1.31900e+04 5.32854e-01
1.31936e+04 5.33092e-01
1.32000e+04 5.33694e-01
1.32036e+04 5.33994e-01
1.32100e+04 5.34792e-01
1.32136e+04 5.35403e-01
1.32200e+04 5.36524e-01
1.32236e+04 5.36999e-01
1.32300e+04 5.37987e-01
1.32336e+04 5.38548e-01
1.32400e+04 5.39629e-01
1.32436e+04 5.40243e-01
1.32500e+04 5.41391e-01
1.32536e+04 5.42043e-01
1.32600e+04 5.43232e-01
1.32636e+04 5.43908e-01
1.32700e+04 5.45183e-01
1.32736e+04 5.46072e-01
1.32800e+04 5.47507e-01
1.32836e+04 5.48162e-01
1.32900e+04 5.49273e-01
1.32936e+04 5.49907e-01
1.33000e+04 5.50899e-01
1.33036e+04 5.51466e-01
1.33100e+04 5.52288e-01
1.33136e+04 5.52758e-01
1.33200e+04 5.53393e-01
1.33236e+04 5.53923e-01
1.33300e+04 5.54664e-01
1.33336e+04 5.54924e-01
1.33400e+04 5.55112e-01
1.33436e+04 5.55220e-01
1.33500e+04 5.55119e-01
1.33537e+04 5.55061e-01
1.33600e+04 5.54719e-01
1.33637e+04 5.54523e-01
1.33700e+04 5.53935e-01
1.33737e+04 5.53596e-01
1.33800e+04 5.52759e-01
1.33837e+04 5.52442e-01
1.33900e+04 5.51648e-01
1.33937e+04 5.51023e-01
1.34000e+04 5.49752e-01
1.34037e+04 5.48908e-01
1.34100e+04 5.47302e-01
1.34137e+04 5.46373e-01
1.34200e+04 5.44673e-01
1.34237e+04 5.43689e-01
1.34300e+04 5.41915e-01
1.34337e+04 5.40886e-01
1.34400e+04 5.39056e-01
1.34437e+04 5.38156e-01
1.34500e+04 5.36658e-01
1.34537e+04 5.35625e-01
1.34600e+04 5.33923e-01
1.34637e+04 5.32932e-01
1.34700e+04 5.31301e-01
1.34737e+04 5.30351e-01
1.34800e+04 5.28841e-01
1.34837e+04 5.27960e-01
1.34900e+04 5.26667e-01
1.34937e+04 5.25912e-01
1.35000e+04 5.24877e-01
1.35037e+04 5.24405e-01
1.35100e+04 5.23802e-01
1.35137e+04 5.23290e-01
1.35200e+04 5.22640e-01
1.35237e+04 5.22260e-01
1.35300e+04 5.21822e-01
1.35337e+04 5.21564e-01
1.35400e+04 5.21331e-01
1.35437e+04 5.21194e-01
1.35500e+04 5.21261e-01
1.35537e+04 5.21301e-01
1.35600e+04 5.21450e-01
1.35637e+04 5.21538e-01
1.35700e+04 5.21750e-01
1.35737e+04 5.22034e-01
1.35800e+04 5.22631e-01
1.35837e+04 5.22825e-01
1.35900e+04 5.23176e-01
1.35937e+04 5.23383e-01
1.36000e+04 5.23706e-01
1.36037e+04 5.23529e-01
1.36100e+04 5.23135e-01
1.36137e+04 5.22901e-01
1.36200e+04 5.22387e-01
1.36237e+04 5.22082e-01
1.36300e+04 5.21432e-01
1.36337e+04 5.21045e-01
1.36400e+04 5.20144e-01
1.36437e+04 5.19609e-01
1.36500e+04 5.18456e-01
1.36537e+04 5.17929e-01
1.36600e+04 5.16879e-01
1.36637e+04 5.16096e-01
1.36700e+04 5.14529e-01
1.36737e+04 5.13594e-01
1.36800e+04 5.11749e-01
1.36837e+04 5.10648e-01
1.36900e+04 5.08715e-01
1.36937e+04 5.07561e-01
1.37000e+04 5.05617e-01
1.37037e+04 5.04456e-01
1.37100e+04 5.02519e-01
1.37137e+04 5.01361e-01
1.37200e+04 4.99680e-01
1.37238e+04 4.98673e-01
1.37300e+04 4.97294e-01
1.37338e+04 4.96467e-01
1.37400e+04 4.95255e-01
1.37438e+04 4.94679e-01
1.37500e+04 4.93918e-01
1.37538e+04 4.93308e-01
1.37600e+04 4.92723e-01
1.37638e+04 4.92370e-01
1.37700e+04 4.92213e-01
1.37738e+04 4.92117e-01
1.37800e+04 4.92308e-01
1.37838e+04 4.92422e-01
1.37900e+04 4.92830e-01
1.37938e+04 4.93075e-01
1.38000e+04 4.93725e-01
1.38038e+04 4.94224e-01
1.38100e+04 4.95005e-01
1.38138e+04 4.95477e-01
1.38200e+04 4.95988e-01
1.38238e+04 4.96297e-01
1.38300e+04 4.96400e-01
1.38338e+04 4.97208e-01
1.38400e+04 4.98005e-01
1.38438e+04 4.98491e-01
1.38500e+04 4.98576e-01
1.38538e+04 4.98782e-01
1.38600e+04 4.98318e-01
1.38638e+04 4.97879e-01
1.38700e+04 4.96416e-01
1.38738e+04 4.95520e-01
1.38800e+04 4.93510e-01
1.38838e+04 4.92279e-01
1.38900e+04 4.89968e-01
1.38938e+04 4.88549e-01
1.39000e+04 4.86298e-01
1.39038e+04 4.84916e-01
1.39100e+04 4.82813e-01
1.39138e+04 4.81519e-01
1.39200e+04 4.80017e-01
1.39238e+04 4.79092e-01
1.39300e+04 4.78142e-01
1.39338e+04 4.77556e-01
1.39400e+04 4.76515e-01
1.39438e+04 4.75873e-01
1.39500e+04 4.73670e-01
1.39538e+04 4.72309e-01
1.39600e+04 4.67343e-01
1.39638e+04 4.64272e-01
1.39700e+04 4.54306e-01
1.39738e+04 4.48137e-01
1.39800e+04 4.31127e-01
1.39838e+04 4.20586e-01
1.39900e+04 3.96137e-01
1.39938e+04 3.80969e-01
1.40000e+04 3.50084e-01
1.40038e+04 3.30780e-01
1.40100e+04 2.95013e-01
1.40138e+04 2.72799e-01
1.40200e+04 2.36683e-01
1.40238e+04 2.14224e-01
1.40300e+04 1.80656e-01
1.40338e+04 1.59756e-01
1.40400e+04 1.31915e-01
1.40438e+04 1.14563e-01
1.40500e+04 9.29304e-02
1.40538e+04 7.94334e-02
1.40600e+04 6.36613e-02
1.40638e+04 5.38087e-02
1.40700e+04 4.23145e-02
1.40738e+04 3.51382e-02
1.40800e+04 2.75652e-02
1.40838e+04 2.28136e-02
1.40900e+04 1.82116e-02
1.40939e+04 1.53273e-02
1.41000e+04 1.22479e-02
1.41039e+04 1.03150e-02
1.41100e+04 8.22723e-03
1.41139e+04 6.91525e-03
1.41200e+04 5.74144e-03
1.41239e+04 5.00302e-03
1.41300e+04 4.18450e-03
1.41339e+04 3.66895e-03
1.41400e+04 3.16584e-03
1.41439e+04 2.84865e-03
1.41500e+04 2.29855e-03
1.41539e+04 1.95135e-03
1.41600e+04 1.58968e-03
1.41639e+04 1.36113e-03
1.41700e+04 1.10395e-03
1.41739e+04 9.41233e-04
1.41800e+04 7.06658e-04
1.41839e+04 5.58094e-04
1.41900e+04 5.61453e-04
1.41939e+04 5.63404e-04
1.42000e+04 4.98833e-04
1.42039e+04 4.57861e-04
1.42100e+04 3.92427e-04
1.42139e+04 3.50887e-04
1.42200e+04 3.16654e-04
1.42239e+04 2.94898e-04
1.42300e+04 2.43169e-04
1.42339e+04 2.10253e-04
1.42400e+04 1.79577e-04
1.42439e+04 1.60034e-04
1.42500e+04 1.43852e-04
1.42539e+04 1.33532e-04
1.42600e+04 1.31796e-04
1.42639e+04 1.30687e-04
