# Filter name : HST/WFC3_IR.G102
# Description : G102 grism for HST WFC3_IR
# Photometric system : WFC3-IR
# FilterType : photon
# Band name : ------
# Observatory : HST
# Instrument : WFC3
# Comments : Response calculated at a reference time, June 26, 2009, i.e. approximately when WFC3 was installed on HST. Using filter throughputs determined in the lab in combination with the measured QE of the flight detectors and sensitivities of WFC3's optics.  These values were derived with STsynphot by using filter and correction files from the latest photometric calibration released on October 2020 (Bajaj et al 2020,  Calamida et al. 2021). For more information on the latest photometric calibration please see the Photometric calibration webpage. 
# 
8.00000e+03 7.22820e-02
8.00220e+03 7.30216e-02
8.01000e+03 7.48492e-02
8.02000e+03 7.72102e-02
8.03000e+03 7.95862e-02
8.04000e+03 8.19632e-02
8.05000e+03 8.43511e-02
8.06000e+03 8.67489e-02
8.07000e+03 8.91564e-02
8.08000e+03 9.15738e-02
8.09000e+03 9.40011e-02
8.10000e+03 9.64380e-02
8.10223e+03 9.69822e-02
8.11000e+03 9.92015e-02
8.12000e+03 1.02067e-01
8.13000e+03 1.04944e-01
8.14000e+03 1.07833e-01
8.15000e+03 1.10733e-01
8.16000e+03 1.13646e-01
8.17000e+03 1.16570e-01
8.18000e+03 1.19505e-01
8.19000e+03 1.22691e-01
8.20000e+03 1.25901e-01
8.20225e+03 1.26622e-01
8.21000e+03 1.28148e-01
8.22000e+03 1.30130e-01
8.23000e+03 1.32125e-01
8.24000e+03 1.34037e-01
8.25000e+03 1.35959e-01
8.26000e+03 1.37892e-01
8.27000e+03 1.39834e-01
8.28000e+03 1.41787e-01
8.29000e+03 1.43750e-01
8.30000e+03 1.45723e-01
8.30228e+03 1.46174e-01
8.31000e+03 1.48059e-01
8.32000e+03 1.50512e-01
8.33000e+03 1.52978e-01
8.34000e+03 1.55457e-01
8.35000e+03 1.57949e-01
8.36000e+03 1.60454e-01
8.37000e+03 1.62628e-01
8.38000e+03 1.64805e-01
8.39000e+03 1.66986e-01
8.40000e+03 1.69171e-01
8.40231e+03 1.69668e-01
8.41000e+03 1.71041e-01
8.42000e+03 1.72827e-01
8.43000e+03 1.74617e-01
8.44000e+03 1.76409e-01
8.45000e+03 1.78203e-01
8.46000e+03 1.80000e-01
8.47000e+03 1.81800e-01
8.48000e+03 1.83602e-01
8.49000e+03 1.85410e-01
8.50000e+03 1.87225e-01
8.50233e+03 1.87677e-01
8.51000e+03 1.88509e-01
8.52000e+03 1.89602e-01
8.53000e+03 1.90699e-01
8.54000e+03 1.91800e-01
8.55000e+03 1.92684e-01
8.56000e+03 1.93568e-01
8.57000e+03 1.94453e-01
8.58000e+03 1.95337e-01
8.59000e+03 1.96221e-01
8.60000e+03 1.97105e-01
8.60236e+03 1.97307e-01
8.61000e+03 1.98119e-01
8.62000e+03 1.99182e-01
8.63000e+03 2.00245e-01
8.64000e+03 2.01618e-01
8.65000e+03 2.02994e-01
8.66000e+03 2.04372e-01
8.67000e+03 2.05753e-01
8.68000e+03 2.07137e-01
8.69000e+03 2.08524e-01
8.70000e+03 2.09915e-01
8.70239e+03 2.10247e-01
8.71000e+03 2.11300e-01
8.72000e+03 2.12687e-01
8.73000e+03 2.15085e-01
8.74000e+03 2.17503e-01
8.75000e+03 2.19939e-01
8.76000e+03 2.22394e-01
8.77000e+03 2.24868e-01
8.78000e+03 2.27361e-01
8.79000e+03 2.29873e-01
8.80000e+03 2.32405e-01
8.80242e+03 2.32941e-01
8.81000e+03 2.34473e-01
8.82000e+03 2.36501e-01
8.83000e+03 2.38542e-01
8.84000e+03 2.40999e-01
8.85000e+03 2.43475e-01
8.86000e+03 2.45969e-01
8.87000e+03 2.48482e-01
8.88000e+03 2.51013e-01
8.89000e+03 2.53563e-01
8.90000e+03 2.56131e-01
8.90244e+03 2.56515e-01
8.91000e+03 2.58090e-01
8.92000e+03 2.60182e-01
8.93000e+03 2.62498e-01
8.94000e+03 2.64606e-01
8.95000e+03 2.66721e-01
8.96000e+03 2.69067e-01
8.97000e+03 2.71200e-01
8.98000e+03 2.73569e-01
8.99000e+03 2.75725e-01
9.00000e+03 2.77889e-01
9.00247e+03 2.78322e-01
9.01000e+03 2.78408e-01
9.02000e+03 2.78295e-01
9.03000e+03 2.78417e-01
9.04000e+03 2.78547e-01
9.05000e+03 2.78681e-01
9.06000e+03 2.79050e-01
9.07000e+03 2.79191e-01
9.08000e+03 2.79569e-01
9.09000e+03 2.79717e-01
9.10000e+03 2.79868e-01
9.10250e+03 2.79965e-01
9.11000e+03 2.81604e-01
9.12000e+03 2.83562e-01
9.13000e+03 2.85765e-01
9.14000e+03 2.87738e-01
9.15000e+03 2.89960e-01
9.16000e+03 2.91948e-01
9.17000e+03 2.94188e-01
9.18000e+03 2.96191e-01
9.19000e+03 2.98449e-01
9.20000e+03 3.00466e-01
9.20252e+03 3.00988e-01
9.21000e+03 3.01950e-01
9.22000e+03 3.02987e-01
9.23000e+03 3.04282e-01
9.24000e+03 3.05593e-01
9.25000e+03 3.07167e-01
9.26000e+03 3.08488e-01
9.27000e+03 3.10073e-01
9.28000e+03 3.11404e-01
9.29000e+03 3.13001e-01
9.30000e+03 3.14340e-01
9.30255e+03 3.14750e-01
9.31000e+03 3.14806e-01
9.32000e+03 3.14617e-01
9.33000e+03 3.14690e-01
9.34000e+03 3.14499e-01
9.35000e+03 3.14570e-01
9.36000e+03 3.14376e-01
9.37000e+03 3.14446e-01
9.38000e+03 3.14249e-01
9.39000e+03 3.14315e-01
9.40000e+03 3.14380e-01
9.40258e+03 3.14252e-01
9.41000e+03 3.15376e-01
9.42000e+03 3.17158e-01
9.43000e+03 3.18675e-01
9.44000e+03 3.20642e-01
9.45000e+03 3.22342e-01
9.46000e+03 3.24317e-01
9.47000e+03 3.26298e-01
9.48000e+03 3.28007e-01
9.49000e+03 3.29996e-01
9.50000e+03 3.31990e-01
9.50261e+03 3.32423e-01
9.51000e+03 3.32993e-01
9.52000e+03 3.34044e-01
9.53000e+03 3.34813e-01
9.54000e+03 3.35865e-01
9.55000e+03 3.36918e-01
9.56000e+03 3.37684e-01
9.57000e+03 3.38737e-01
9.58000e+03 3.39790e-01
9.59000e+03 3.40554e-01
9.60000e+03 3.41605e-01
9.60263e+03 3.41849e-01
9.61000e+03 3.42716e-01
9.62000e+03 3.43601e-01
9.63000e+03 3.44776e-01
9.64000e+03 3.46089e-01
9.65000e+03 3.47106e-01
9.66000e+03 3.48418e-01
9.67000e+03 3.49728e-01
9.68000e+03 3.50740e-01
9.69000e+03 3.52049e-01
9.70000e+03 3.53357e-01
9.70266e+03 3.53625e-01
9.71000e+03 3.53785e-01
9.72000e+03 3.54301e-01
9.73000e+03 3.54813e-01
9.74000e+03 3.55019e-01
9.75000e+03 3.55522e-01
9.76000e+03 3.56022e-01
9.77000e+03 3.56518e-01
9.78000e+03 3.56706e-01
9.79000e+03 3.57193e-01
9.80000e+03 3.57675e-01
9.80269e+03 3.57753e-01
9.81000e+03 3.57519e-01
9.82000e+03 3.56889e-01
9.83000e+03 3.56558e-01
9.84000e+03 3.56403e-01
9.85000e+03 3.56241e-01
9.86000e+03 3.55768e-01
9.87000e+03 3.55593e-01
9.88000e+03 3.55410e-01
9.89000e+03 3.55220e-01
9.90000e+03 3.54719e-01
9.90271e+03 3.54664e-01
9.91000e+03 3.55717e-01
9.92000e+03 3.57159e-01
9.93000e+03 3.58596e-01
9.94000e+03 3.60030e-01
9.95000e+03 3.61151e-01
9.96000e+03 3.62575e-01
9.97000e+03 3.63995e-01
9.98000e+03 3.65411e-01
9.99000e+03 3.66821e-01
1.00000e+04 3.67911e-01
1.00027e+04 3.68351e-01
1.00100e+04 3.68857e-01
1.00200e+04 3.69549e-01
1.00300e+04 3.70236e-01
1.00400e+04 3.70918e-01
1.00500e+04 3.71276e-01
1.00600e+04 3.71947e-01
1.00700e+04 3.72614e-01
1.00800e+04 3.73275e-01
1.00900e+04 3.73932e-01
1.01000e+04 3.74584e-01
1.01028e+04 3.74763e-01
1.01100e+04 3.75454e-01
1.01200e+04 3.76083e-01
1.01300e+04 3.77030e-01
1.01400e+04 3.77974e-01
1.01500e+04 3.78914e-01
1.01600e+04 3.79851e-01
1.01700e+04 3.80785e-01
1.01800e+04 3.81714e-01
1.01900e+04 3.82314e-01
1.02000e+04 3.83237e-01
1.02028e+04 3.83501e-01
1.02100e+04 3.83808e-01
1.02200e+04 3.84230e-01
1.02300e+04 3.84648e-01
1.02400e+04 3.85062e-01
1.02500e+04 3.85472e-01
1.02600e+04 3.85878e-01
1.02700e+04 3.86280e-01
1.02800e+04 3.86678e-01
1.02900e+04 3.86740e-01
1.03000e+04 3.87131e-01
1.03028e+04 3.87240e-01
1.03100e+04 3.87977e-01
1.03200e+04 3.89000e-01
1.03300e+04 3.90021e-01
1.03400e+04 3.91041e-01
1.03500e+04 3.92060e-01
1.03600e+04 3.93077e-01
1.03700e+04 3.94092e-01
1.03800e+04 3.95106e-01
1.03900e+04 3.96119e-01
1.04000e+04 3.97131e-01
1.04028e+04 3.97423e-01
1.04100e+04 3.97045e-01
1.04200e+04 3.96513e-01
1.04300e+04 3.95976e-01
1.04400e+04 3.95435e-01
1.04500e+04 3.94889e-01
1.04600e+04 3.94000e-01
1.04700e+04 3.93447e-01
1.04800e+04 3.92889e-01
1.04900e+04 3.92328e-01
1.05000e+04 3.91763e-01
1.05029e+04 3.91509e-01
1.05100e+04 3.92441e-01
1.05200e+04 3.93751e-01
1.05300e+04 3.95059e-01
1.05400e+04 3.96367e-01
1.05500e+04 3.97674e-01
1.05600e+04 3.98981e-01
1.05700e+04 4.00288e-01
1.05800e+04 4.01594e-01
1.05900e+04 4.02901e-01
1.06000e+04 4.04207e-01
1.06029e+04 4.04578e-01
1.06100e+04 4.03974e-01
1.06200e+04 4.03122e-01
1.06300e+04 4.02269e-01
1.06400e+04 4.01415e-01
1.06500e+04 4.00560e-01
1.06600e+04 3.99705e-01
1.06700e+04 3.98850e-01
1.06800e+04 3.97994e-01
1.06900e+04 3.97479e-01
1.07000e+04 3.96623e-01
1.07029e+04 3.96371e-01
1.07100e+04 3.97017e-01
1.07200e+04 3.97930e-01
1.07300e+04 3.98845e-01
1.07400e+04 3.99761e-01
1.07500e+04 4.00677e-01
1.07600e+04 4.01595e-01
1.07700e+04 4.02515e-01
1.07800e+04 4.03436e-01
1.07900e+04 4.04358e-01
1.08000e+04 4.05282e-01
1.08030e+04 4.05562e-01
1.08100e+04 4.05427e-01
1.08200e+04 4.05237e-01
1.08300e+04 4.05048e-01
1.08400e+04 4.04860e-01
1.08500e+04 4.04675e-01
1.08600e+04 4.04491e-01
1.08700e+04 4.04656e-01
1.08800e+04 4.04476e-01
1.08900e+04 4.04298e-01
1.09000e+04 4.04121e-01
1.09030e+04 4.04069e-01
1.09100e+04 4.02840e-01
1.09200e+04 4.01088e-01
1.09300e+04 3.99338e-01
1.09400e+04 3.97589e-01
1.09500e+04 3.95841e-01
1.09600e+04 3.94095e-01
1.09700e+04 3.92350e-01
1.09800e+04 3.90942e-01
1.09900e+04 3.89199e-01
1.10000e+04 3.87379e-01
1.10030e+04 3.86844e-01
1.10100e+04 3.88219e-01
1.10200e+04 3.90186e-01
1.10300e+04 3.92155e-01
1.10400e+04 3.94126e-01
1.10500e+04 3.96097e-01
1.10600e+04 3.98070e-01
1.10700e+04 4.00387e-01
1.10800e+04 4.02364e-01
1.10900e+04 4.04342e-01
1.11000e+04 4.06322e-01
1.11030e+04 4.06924e-01
1.11100e+04 4.05966e-01
1.11200e+04 4.04588e-01
1.11300e+04 4.03210e-01
1.11400e+04 4.01831e-01
1.11500e+04 4.00794e-01
1.11600e+04 3.99412e-01
1.11700e+04 3.98029e-01
1.11800e+04 3.96645e-01
1.11900e+04 3.95259e-01
1.12000e+04 3.93873e-01
1.12031e+04 3.93558e-01
1.12100e+04 3.93650e-01
1.12200e+04 3.93447e-01
1.12300e+04 3.93243e-01
1.12400e+04 3.93039e-01
1.12500e+04 3.92835e-01
1.12600e+04 3.92630e-01
1.12700e+04 3.92426e-01
1.12800e+04 3.92556e-01
1.12900e+04 3.92351e-01
1.13000e+04 3.92145e-01
1.13031e+04 3.92082e-01
1.13100e+04 3.89163e-01
1.13200e+04 3.84935e-01
1.13300e+04 3.80703e-01
1.13400e+04 3.76790e-01
1.13500e+04 3.72548e-01
1.13600e+04 3.68303e-01
1.13700e+04 3.64054e-01
1.13800e+04 3.59803e-01
1.13900e+04 3.55851e-01
1.14000e+04 3.51589e-01
1.14031e+04 3.50266e-01
1.14100e+04 3.36961e-01
1.14200e+04 3.17603e-01
1.14300e+04 2.98227e-01
1.14400e+04 2.78834e-01
1.14500e+04 2.59645e-01
1.14600e+04 2.40200e-01
1.14700e+04 2.20738e-01
1.14800e+04 2.01258e-01
1.14900e+04 1.81761e-01
1.15000e+04 1.62384e-01
1.15031e+04 1.56228e-01
1.15100e+04 1.48892e-01
1.15200e+04 1.38179e-01
1.15300e+04 1.27457e-01
1.15400e+04 1.16726e-01
1.15500e+04 1.06077e-01
1.15600e+04 9.53203e-02
1.15700e+04 8.45548e-02
1.15800e+04 7.37807e-02
1.15900e+04 6.29980e-02
1.16000e+04 5.22512e-02
1.16032e+04 4.88206e-02
1.16100e+04 4.58181e-02
1.16200e+04 4.14159e-02
1.16300e+04 3.70101e-02
1.16400e+04 3.26285e-02
1.16500e+04 2.82119e-02
1.16600e+04 2.37917e-02
1.16700e+04 1.93679e-02
1.16800e+04 1.49406e-02
1.16900e+04 1.05186e-02
1.17000e+04 6.08037e-03
1.17032e+04 4.65799e-03
1.17100e+04 4.40438e-03
1.17200e+04 4.03100e-03
1.17300e+04 3.66042e-03
1.17400e+04 3.28612e-03
1.17500e+04 2.91152e-03
1.17600e+04 2.53661e-03
1.17700e+04 2.16141e-03
1.17800e+04 1.78741e-03
1.17900e+04 1.41128e-03
1.18000e+04 1.03485e-03
1.18032e+04 9.13136e-04
1.18100e+04 8.74999e-04
1.18200e+04 8.19333e-04
1.18300e+04 7.62894e-04
1.18400e+04 7.06425e-04
1.18500e+04 6.49927e-04
1.18600e+04 5.93901e-04
1.18700e+04 5.37294e-04
1.18800e+04 4.80658e-04
1.18900e+04 4.23992e-04
1.19000e+04 3.67606e-04
1.19033e+04 3.49119e-04
1.19100e+04 3.42888e-04
1.19200e+04 3.33644e-04
1.19300e+04 3.24395e-04
1.19400e+04 3.15141e-04
1.19500e+04 3.06140e-04
1.19600e+04 2.96868e-04
1.19700e+04 2.87592e-04
1.19800e+04 2.78310e-04
1.19900e+04 2.69251e-04
1.20000e+04 2.59952e-04
1.20033e+04 2.56907e-04
1.20100e+04 2.54365e-04
1.20200e+04 2.50577e-04
1.20300e+04 2.46995e-04
1.20400e+04 2.43198e-04
1.20500e+04 2.39398e-04
1.20600e+04 2.35595e-04
1.20700e+04 2.31985e-04
1.20800e+04 2.28173e-04
1.20900e+04 2.24358e-04
1.21000e+04 2.20540e-04
1.21033e+04 2.19337e-04
1.21100e+04 2.13182e-04
1.21200e+04 2.03790e-04
1.21300e+04 1.94391e-04
1.21400e+04 1.84984e-04
1.21500e+04 1.75718e-04
1.21600e+04 1.66289e-04
1.21700e+04 1.56853e-04
1.21800e+04 1.47409e-04
1.21900e+04 1.38074e-04
1.22000e+04 1.28608e-04
1.22033e+04 1.25443e-04
1.22100e+04 1.23725e-04
1.22200e+04 1.21248e-04
1.22300e+04 1.18664e-04
1.22400e+04 1.16079e-04
1.22500e+04 1.13493e-04
1.22600e+04 1.10998e-04
1.22700e+04 1.08407e-04
1.22800e+04 1.05813e-04
1.22900e+04 1.03219e-04
1.23000e+04 1.00707e-04
1.23034e+04 9.98320e-05
1.23100e+04 1.01051e-04
1.23200e+04 1.02890e-04
1.23300e+04 1.04729e-04
1.23400e+04 1.06659e-04
1.23500e+04 1.08502e-04
1.23600e+04 1.10347e-04
1.23700e+04 1.12192e-04
1.23800e+04 1.14134e-04
1.23900e+04 1.15983e-04
1.24000e+04 1.17833e-04
1.24034e+04 1.18466e-04
1.24100e+04 1.19857e-04
1.24200e+04 1.22066e-04
1.24300e+04 1.24176e-04
1.24400e+04 1.26288e-04
1.24500e+04 1.28401e-04
1.24600e+04 1.30626e-04
1.24700e+04 1.32744e-04
1.24800e+04 1.34865e-04
1.24900e+04 1.36987e-04
1.25000e+04 1.39227e-04
1.25034e+04 1.39944e-04
1.25100e+04 1.39430e-04
1.25200e+04 1.38649e-04
1.25300e+04 1.37868e-04
1.25400e+04 1.37201e-04
1.25500e+04 1.36418e-04
1.25600e+04 1.35635e-04
1.25700e+04 1.34965e-04
1.25800e+04 1.34180e-04
1.25900e+04 1.33396e-04
1.26000e+04 1.32611e-04
1.26034e+04 1.32377e-04
1.26100e+04 1.29878e-04
1.26200e+04 1.25953e-04
1.26300e+04 1.22027e-04
1.26400e+04 1.18100e-04
1.26500e+04 1.14267e-04
1.26600e+04 1.10334e-04
1.26700e+04 1.06400e-04
1.26800e+04 1.02465e-04
1.26900e+04 9.86112e-05
1.27000e+04 9.46706e-05
1.27035e+04 9.33016e-05
1.27100e+04 9.22284e-05
1.27200e+04 9.05837e-05
1.27300e+04 8.90125e-05
1.27400e+04 8.73655e-05
1.27500e+04 8.57180e-05
1.27600e+04 8.40700e-05
1.27700e+04 8.24216e-05
