# Filter name : HST/WFC3_IR.F128N
# Description : F128N filter for HST WFC3_IR
# Photometric system : WFC3-IR
# FilterType : photon
# Band name : ------
# Observatory : HST
# Instrument : WFC3
# Comments : Response calculated at a reference time, June 26, 2009, i.e. approximately when WFC3 was installed on HST. Using filter throughputs determined in the lab in combination with the measured QE of the flight detectors and sensitivities of WFC3's optics. These values were derived with STsynphot by using filter and correction files from the latest photometric calibration released on October 2020 (Bajaj et al 2020,  Calamida et al. 2021). For more information on the latest photometric calibration please see the Photometric calibration webpage. 
# 
1.21700e+04 1.36802e-04
1.21800e+04 1.88146e-04
1.21900e+04 2.39730e-04
1.22000e+04 2.91196e-04
1.22033e+04 3.08375e-04
1.22100e+04 3.03870e-04
1.22200e+04 2.97355e-04
1.22300e+04 2.90580e-04
1.22400e+04 2.83801e-04
1.22500e+04 2.77019e-04
1.22600e+04 2.70459e-04
1.22700e+04 2.63662e-04
1.22800e+04 2.56862e-04
1.22900e+04 2.50057e-04
1.23000e+04 2.43453e-04
1.23100e+04 2.36635e-04
1.23200e+04 2.29812e-04
1.23300e+04 2.22986e-04
1.23400e+04 2.16337e-04
1.23500e+04 2.09497e-04
1.23534e+04 2.07185e-04
1.23600e+04 2.00366e-04
1.23700e+04 1.90064e-04
1.23800e+04 1.79906e-04
1.23900e+04 1.69582e-04
1.24000e+04 1.59253e-04
1.24100e+04 1.48935e-04
1.24200e+04 1.38725e-04
1.24300e+04 1.28381e-04
1.24400e+04 1.18029e-04
1.24500e+04 1.07668e-04
1.24534e+04 1.04167e-04
1.24600e+04 1.31728e-04
1.24700e+04 1.73468e-04
1.24800e+04 2.15243e-04
1.24900e+04 2.57052e-04
1.25000e+04 2.99146e-04
1.25034e+04 3.13452e-04
1.25100e+04 2.99744e-04
1.25200e+04 2.78906e-04
1.25300e+04 2.58059e-04
1.25400e+04 2.37403e-04
1.25500e+04 2.16524e-04
1.25534e+04 2.09355e-04
1.25600e+04 2.23131e-04
1.25700e+04 2.44317e-04
1.25800e+04 2.65325e-04
1.25900e+04 2.86341e-04
1.26000e+04 3.07365e-04
1.26034e+04 3.14700e-04
1.26100e+04 2.94272e-04
1.26200e+04 2.62828e-04
1.26300e+04 2.31376e-04
1.26400e+04 1.99914e-04
1.26500e+04 1.68583e-04
1.26535e+04 1.57680e-04
1.26600e+04 2.07526e-04
1.26700e+04 2.83773e-04
1.26800e+04 3.60041e-04
1.26900e+04 4.36695e-04
1.27000e+04 5.13071e-04
1.27015e+04 5.24327e-04
1.27035e+04 4.21149e-04
1.27055e+04 4.71732e-04
1.27075e+04 6.80093e-04
1.27095e+04 5.20173e-04
1.27100e+04 5.61009e-04
1.27115e+04 6.75917e-04
1.27135e+04 8.84565e-04
1.27155e+04 1.19860e-03
1.27175e+04 1.19652e-03
1.27195e+04 1.29983e-03
1.27200e+04 1.40906e-03
1.27215e+04 1.71896e-03
1.27235e+04 2.34967e-03
1.27255e+04 3.03282e-03
1.27275e+04 3.71675e-03
1.27295e+04 4.98054e-03
1.27300e+04 5.41762e-03
1.27315e+04 6.66652e-03
1.27335e+04 9.08761e-03
1.27355e+04 1.24635e-02
1.27375e+04 1.69947e-02
1.27395e+04 2.32142e-02
1.27400e+04 2.53888e-02
1.27415e+04 3.16494e-02
1.27435e+04 4.35666e-02
1.27455e+04 6.00845e-02
1.27475e+04 8.04490e-02
1.27495e+04 1.07198e-01
1.27500e+04 1.15016e-01
1.27515e+04 1.37694e-01
1.27535e+04 1.74101e-01
1.27555e+04 2.13465e-01
1.27575e+04 2.55680e-01
1.27595e+04 2.97369e-01
1.27600e+04 3.07661e-01
1.27615e+04 3.37690e-01
1.27635e+04 3.71997e-01
1.27655e+04 4.02770e-01
1.27675e+04 4.27636e-01
1.27695e+04 4.48176e-01
1.27700e+04 4.52103e-01
1.27715e+04 4.63708e-01
1.27735e+04 4.75148e-01
1.27755e+04 4.82421e-01
1.27775e+04 4.87637e-01
1.27795e+04 4.91060e-01
1.27800e+04 4.91617e-01
1.27815e+04 4.93207e-01
1.27835e+04 4.94859e-01
1.27855e+04 4.95982e-01
1.27875e+04 4.96789e-01
1.27895e+04 4.96856e-01
1.27900e+04 4.96780e-01
1.27915e+04 4.96553e-01
1.27935e+04 4.96039e-01
1.27955e+04 4.94837e-01
1.27975e+04 4.93742e-01
1.27995e+04 4.92224e-01
1.28000e+04 4.91871e-01
1.28015e+04 4.90799e-01
1.28035e+04 4.89106e-01
1.28055e+04 4.87624e-01
1.28075e+04 4.86618e-01
1.28095e+04 4.85559e-01
1.28100e+04 4.85362e-01
1.28115e+04 4.84825e-01
1.28135e+04 4.83846e-01
1.28155e+04 4.83449e-01
1.28175e+04 4.82839e-01
1.28195e+04 4.82230e-01
1.28200e+04 4.82079e-01
1.28215e+04 4.81560e-01
1.28235e+04 4.80976e-01
1.28255e+04 4.80709e-01
1.28275e+04 4.80073e-01
1.28295e+04 4.79489e-01
1.28300e+04 4.79358e-01
1.28315e+04 4.78958e-01
1.28335e+04 4.78480e-01
1.28355e+04 4.78001e-01
1.28375e+04 4.77365e-01
1.28395e+04 4.76411e-01
1.28400e+04 4.76255e-01
1.28415e+04 4.75774e-01
1.28435e+04 4.75296e-01
1.28455e+04 4.74818e-01
1.28475e+04 4.74287e-01
1.28495e+04 4.73809e-01
1.28500e+04 4.73551e-01
1.28515e+04 4.72808e-01
1.28535e+04 4.72409e-01
1.28555e+04 4.72009e-01
1.28575e+04 4.71820e-01
1.28595e+04 4.71579e-01
1.28600e+04 4.71495e-01
1.28615e+04 4.71172e-01
1.28635e+04 4.70376e-01
1.28655e+04 4.69898e-01
1.28675e+04 4.69208e-01
1.28695e+04 4.68782e-01
1.28700e+04 4.68718e-01
1.28715e+04 4.68515e-01
1.28735e+04 4.67878e-01
1.28755e+04 4.66976e-01
1.28775e+04 4.66392e-01
1.28795e+04 4.66125e-01
1.28800e+04 4.66049e-01
1.28815e+04 4.65805e-01
1.28835e+04 4.66015e-01
1.28855e+04 4.66330e-01
1.28875e+04 4.66857e-01
1.28895e+04 4.67701e-01
1.28900e+04 4.68002e-01
1.28915e+04 4.69028e-01
1.28935e+04 4.70321e-01
1.28955e+04 4.70874e-01
1.28975e+04 4.70102e-01
1.28995e+04 4.67530e-01
1.29000e+04 4.66310e-01
1.29015e+04 4.62304e-01
1.29035e+04 4.52028e-01
1.29055e+04 4.37463e-01
1.29075e+04 4.15167e-01
1.29095e+04 3.88953e-01
1.29100e+04 3.80909e-01
1.29115e+04 3.54689e-01
1.29135e+04 3.18784e-01
1.29155e+04 2.78008e-01
1.29175e+04 2.38080e-01
1.29195e+04 1.97516e-01
1.29200e+04 1.89297e-01
1.29215e+04 1.62302e-01
1.29235e+04 1.28676e-01
1.29255e+04 1.01246e-01
1.29275e+04 7.74694e-02
1.29295e+04 5.90946e-02
1.29300e+04 5.55293e-02
1.29315e+04 4.37280e-02
1.29335e+04 3.29350e-02
1.29355e+04 2.45225e-02
1.29375e+04 1.85922e-02
1.29395e+04 1.38788e-02
1.29400e+04 1.30964e-02
1.29415e+04 1.04876e-02
1.29435e+04 8.10282e-03
1.29455e+04 6.41228e-03
1.29475e+04 4.97929e-03
1.29495e+04 3.86694e-03
1.29500e+04 3.69687e-03
1.29515e+04 3.12554e-03
1.29535e+04 2.48961e-03
1.29555e+04 1.96603e-03
1.29575e+04 1.54897e-03
1.29595e+04 1.23737e-03
1.29600e+04 1.20257e-03
1.29615e+04 1.08475e-03
1.29635e+04 9.85116e-04
1.29655e+04 9.38478e-04
1.29675e+04 8.38850e-04
1.29695e+04 4.74534e-04
1.29700e+04 5.24019e-04
1.29715e+04 6.92588e-04
1.29735e+04 8.04924e-04
1.29755e+04 5.99319e-04
1.29775e+04 3.93980e-04
1.29795e+04 5.06210e-04
1.29800e+04 4.59888e-04
1.29815e+04 3.00806e-04
1.29835e+04 3.07162e-04
1.29856e+04 5.25467e-04
1.29876e+04 3.19986e-04
1.29896e+04 3.26401e-04
1.29900e+04 3.63472e-04
1.29916e+04 4.91765e-04
1.30000e+04 4.44019e-04
1.30036e+04 4.23976e-04
1.30100e+04 3.83085e-04
1.30200e+04 3.19599e-04
1.30300e+04 2.56285e-04
1.30400e+04 1.92667e-04
1.30500e+04 1.29008e-04
1.30536e+04 1.06276e-04
1.30600e+04 1.13130e-04
1.30700e+04 1.23794e-04
1.30800e+04 1.34577e-04
1.30900e+04 1.45263e-04
1.31000e+04 1.55956e-04
1.31100e+04 1.66656e-04
1.31200e+04 1.77363e-04
1.31300e+04 1.88231e-04
1.31400e+04 1.98960e-04
1.31500e+04 2.09696e-04
1.31600e+04 2.20439e-04
1.31700e+04 2.31379e-04
1.31800e+04 2.42144e-04
1.31900e+04 2.52915e-04
1.32000e+04 2.63694e-04
1.32036e+04 2.67567e-04
1.32100e+04 2.57330e-04
1.32200e+04 2.41505e-04
1.32300e+04 2.25464e-04
1.32400e+04 2.09420e-04
1.32500e+04 1.93373e-04
1.32600e+04 1.77322e-04
1.32700e+04 1.61267e-04
1.32800e+04 1.45329e-04
1.32900e+04 1.29255e-04
1.33000e+04 1.13177e-04
1.33036e+04 1.07329e-04
1.33100e+04 1.10749e-04
1.33200e+04 1.16124e-04
1.33300e+04 1.21600e-04
1.33400e+04 1.26982e-04
1.33500e+04 1.32365e-04
1.33600e+04 1.37749e-04
1.33700e+04 1.43134e-04
1.33800e+04 1.48521e-04
1.33900e+04 1.54035e-04
1.34000e+04 1.59428e-04
1.34037e+04 1.61372e-04
1.34100e+04 1.61326e-04
1.34200e+04 1.61254e-04
1.34300e+04 1.61181e-04
1.34400e+04 1.61108e-04
1.34500e+04 1.61168e-04
1.34600e+04 1.61096e-04
1.34700e+04 1.61023e-04
1.34800e+04 1.60950e-04
1.34900e+04 1.60878e-04
1.35000e+04 1.60805e-04
1.35100e+04 1.60843e-04
1.35200e+04 1.60750e-04
1.35300e+04 1.60656e-04
1.35400e+04 1.60562e-04
1.35500e+04 1.60468e-04
1.35600e+04 1.60375e-04
1.35700e+04 1.60281e-04
1.35800e+04 1.60319e-04
1.35900e+04 1.60225e-04
1.36000e+04 1.60132e-04
1.36100e+04 1.59736e-04
1.36200e+04 1.59341e-04
1.36300e+04 1.58946e-04
1.36400e+04 1.58552e-04
1.36500e+04 1.58158e-04
1.36537e+04 1.58060e-04
1.36600e+04 1.44709e-04
1.36700e+04 1.23363e-04
1.36800e+04 1.02121e-04
