# Filter name : HST/WFC3_IR.F160W
# Description : F160W filter for HST WFC3_IR
# Photometric system : WFC3-IR
# FilterType : photon
# Band name : ------
# Observatory : HST
# Instrument : WFC3
# Comments : Response calculated at a reference time, June 26, 2009, i.e. approximately when WFC3 was installed on HST. Using filter throughputs determined in the lab in combination with the measured QE of the flight detectors and sensitivities of WFC3's optics. These values were derived with STsynphot by using filter and correction files from the latest photometric calibration released on October 2020 (Bajaj et al 2020,  Calamida et al. 2021). For more information on the latest photometric calibration please see the Photometric calibration webpage. 
# 
1.36637e+04 1.21026e-04
1.36700e+04 1.62138e-04
1.36800e+04 2.27497e-04
1.36837e+04 2.51859e-04
1.36900e+04 2.75402e-04
1.37000e+04 3.12859e-04
1.37037e+04 3.26841e-04
1.37100e+04 3.73938e-04
1.37200e+04 4.48939e-04
1.37238e+04 4.76974e-04
1.37300e+04 5.23626e-04
1.37400e+04 5.97975e-04
1.37438e+04 6.26001e-04
1.37500e+04 6.89103e-04
1.37600e+04 7.89249e-04
1.37638e+04 8.26789e-04
1.37700e+04 1.00596e-03
1.37800e+04 1.29199e-03
1.37838e+04 1.39938e-03
1.37900e+04 1.59353e-03
1.38000e+04 1.90376e-03
1.38038e+04 2.02086e-03
1.38100e+04 2.24363e-03
1.38200e+04 2.60027e-03
1.38238e+04 2.73466e-03
1.38300e+04 3.18592e-03
1.38400e+04 3.92446e-03
1.38438e+04 4.20471e-03
1.38500e+04 4.98875e-03
1.38600e+04 6.25932e-03
1.38638e+04 6.74053e-03
1.38700e+04 8.07006e-03
1.38800e+04 1.02176e-02
1.38838e+04 1.10348e-02
1.38900e+04 1.33066e-02
1.39000e+04 1.69796e-02
1.39038e+04 1.83791e-02
1.39100e+04 2.26721e-02
1.39200e+04 2.96183e-02
1.39238e+04 3.22690e-02
1.39300e+04 4.17475e-02
1.39400e+04 5.70984e-02
1.39438e+04 6.29639e-02
1.39500e+04 7.89526e-02
1.39600e+04 1.04867e-01
1.39638e+04 1.14787e-01
1.39700e+04 1.42097e-01
1.39800e+04 1.86411e-01
1.39838e+04 2.03395e-01
1.39900e+04 2.39934e-01
1.40000e+04 2.99268e-01
1.40038e+04 3.21917e-01
1.40100e+04 3.51154e-01
1.40200e+04 3.98595e-01
1.40238e+04 4.16804e-01
1.40300e+04 4.35390e-01
1.40400e+04 4.65576e-01
1.40438e+04 4.77176e-01
1.40500e+04 4.83489e-01
1.40600e+04 4.93749e-01
1.40638e+04 4.97698e-01
1.40700e+04 4.98919e-01
1.40800e+04 5.01313e-01
1.40838e+04 5.02079e-01
1.40900e+04 5.02010e-01
1.41000e+04 5.01897e-01
1.41039e+04 5.01854e-01
1.41100e+04 5.01460e-01
1.41200e+04 5.00818e-01
1.41239e+04 5.00570e-01
1.41300e+04 5.01044e-01
1.41400e+04 5.01816e-01
1.41439e+04 5.02114e-01
1.41500e+04 5.03118e-01
1.41600e+04 5.04755e-01
1.41639e+04 5.05389e-01
1.41700e+04 5.07266e-01
1.41800e+04 5.10332e-01
1.41839e+04 5.11522e-01
1.41900e+04 5.14224e-01
1.42000e+04 5.18220e-01
1.42039e+04 5.19753e-01
1.42100e+04 5.22476e-01
1.42200e+04 5.26928e-01
1.42239e+04 5.28659e-01
1.42300e+04 5.31108e-01
1.42400e+04 5.35114e-01
1.42439e+04 5.36673e-01
1.42500e+04 5.38335e-01
1.42600e+04 5.41057e-01
1.42639e+04 5.42118e-01
1.42700e+04 5.43369e-01
1.42800e+04 5.45420e-01
1.42839e+04 5.46221e-01
1.42900e+04 5.46501e-01
1.43000e+04 5.46959e-01
1.43039e+04 5.47138e-01
1.43100e+04 5.47179e-01
1.43200e+04 5.47246e-01
1.43239e+04 5.47272e-01
1.43300e+04 5.47381e-01
1.43400e+04 5.47559e-01
1.43439e+04 5.47629e-01
1.43500e+04 5.47687e-01
1.43600e+04 5.47781e-01
1.43639e+04 5.47818e-01
1.43700e+04 5.48165e-01
1.43800e+04 5.48735e-01
1.43839e+04 5.48959e-01
1.43900e+04 5.49356e-01
1.44000e+04 5.49560e-01
1.44039e+04 5.49776e-01
1.44100e+04 5.49940e-01
1.44200e+04 5.50210e-01
1.44239e+04 5.50316e-01
1.44300e+04 5.50411e-01
1.44400e+04 5.50569e-01
1.44439e+04 5.50631e-01
1.44500e+04 5.50693e-01
1.44600e+04 5.50795e-01
1.44640e+04 5.50835e-01
1.44700e+04 5.50305e-01
1.44800e+04 5.49429e-01
1.44840e+04 5.49083e-01
1.44900e+04 5.48368e-01
1.45000e+04 5.47186e-01
1.45040e+04 5.46641e-01
1.45100e+04 5.45593e-01
1.45200e+04 5.44303e-01
1.45240e+04 5.43791e-01
1.45300e+04 5.43181e-01
1.45400e+04 5.42169e-01
1.45440e+04 5.41766e-01
1.45500e+04 5.41189e-01
1.45600e+04 5.40231e-01
1.45640e+04 5.39850e-01
1.45700e+04 5.39592e-01
1.45800e+04 5.38723e-01
1.45840e+04 5.38552e-01
1.45900e+04 5.38783e-01
1.46000e+04 5.39166e-01
1.46040e+04 5.39295e-01
1.46100e+04 5.39909e-01
1.46200e+04 5.40932e-01
1.46240e+04 5.41341e-01
1.46300e+04 5.42123e-01
1.46400e+04 5.43427e-01
1.46440e+04 5.43771e-01
1.46500e+04 5.44470e-01
1.46600e+04 5.46081e-01
1.46640e+04 5.46727e-01
1.46700e+04 5.47476e-01
1.46800e+04 5.48725e-01
1.46840e+04 5.49226e-01
1.46900e+04 5.49656e-01
1.47000e+04 5.50374e-01
1.47040e+04 5.50481e-01
1.47100e+04 5.50137e-01
1.47200e+04 5.50015e-01
1.47240e+04 5.49965e-01
1.47300e+04 5.49457e-01
1.47400e+04 5.48606e-01
1.47440e+04 5.48263e-01
1.47500e+04 5.47453e-01
1.47600e+04 5.45648e-01
1.47640e+04 5.45100e-01
1.47700e+04 5.43606e-01
1.47800e+04 5.41100e-01
1.47840e+04 5.40087e-01
1.47900e+04 5.38843e-01
1.48000e+04 5.36314e-01
1.48040e+04 5.35448e-01
1.48100e+04 5.34223e-01
1.48200e+04 5.32165e-01
1.48240e+04 5.31332e-01
1.48300e+04 5.30207e-01
1.48400e+04 5.27882e-01
1.48441e+04 5.27116e-01
1.48500e+04 5.26642e-01
1.48600e+04 5.25844e-01
1.48641e+04 5.25520e-01
1.48700e+04 5.25395e-01
1.48800e+04 5.24753e-01
1.48841e+04 5.24668e-01
1.48900e+04 5.24959e-01
1.49000e+04 5.25449e-01
1.49041e+04 5.25649e-01
1.49100e+04 5.26371e-01
1.49200e+04 5.27155e-01
1.49241e+04 5.27652e-01
1.49300e+04 5.28489e-01
1.49400e+04 5.29903e-01
1.49441e+04 5.30481e-01
1.49500e+04 5.31682e-01
1.49600e+04 5.33273e-01
1.49641e+04 5.34103e-01
1.49700e+04 5.35270e-01
1.49800e+04 5.37244e-01
1.49841e+04 5.37871e-01
1.49900e+04 5.38642e-01
1.50000e+04 5.40392e-01
1.50041e+04 5.41003e-01
1.50100e+04 5.41767e-01
1.50200e+04 5.42613e-01
1.50241e+04 5.43143e-01
1.50300e+04 5.43773e-01
1.50400e+04 5.44841e-01
1.50441e+04 5.45094e-01
1.50500e+04 5.45144e-01
1.50600e+04 5.45680e-01
1.50641e+04 5.45900e-01
1.50700e+04 5.46248e-01
1.50800e+04 5.46386e-01
1.50841e+04 5.46629e-01
1.50900e+04 5.46796e-01
1.51000e+04 5.47079e-01
1.51041e+04 5.47009e-01
1.51100e+04 5.46730e-01
1.51200e+04 5.46707e-01
1.51241e+04 5.46697e-01
1.51300e+04 5.46570e-01
1.51400e+04 5.45900e-01
1.51441e+04 5.45810e-01
1.51500e+04 5.45391e-01
1.51600e+04 5.44675e-01
1.51641e+04 5.44192e-01
1.51700e+04 5.43218e-01
1.51800e+04 5.42006e-01
1.51841e+04 5.41317e-01
1.51900e+04 5.40314e-01
1.52000e+04 5.39049e-01
1.52042e+04 5.38506e-01
1.52100e+04 5.37612e-01
1.52200e+04 5.35639e-01
1.52242e+04 5.35005e-01
1.52300e+04 5.33889e-01
1.52400e+04 5.31537e-01
1.52442e+04 5.30742e-01
1.52500e+04 5.29438e-01
1.52600e+04 5.27203e-01
1.52642e+04 5.26089e-01
1.52700e+04 5.24533e-01
1.52800e+04 5.22303e-01
1.52842e+04 5.21192e-01
1.52900e+04 5.19770e-01
1.53000e+04 5.17765e-01
1.53042e+04 5.16747e-01
1.53100e+04 5.15507e-01
1.53200e+04 5.13808e-01
1.53242e+04 5.12918e-01
1.53300e+04 5.12096e-01
1.53400e+04 5.11111e-01
1.53442e+04 5.10520e-01
1.53500e+04 5.10034e-01
1.53600e+04 5.09624e-01
1.53642e+04 5.09452e-01
1.53700e+04 5.09562e-01
1.53800e+04 5.09325e-01
1.53842e+04 5.09404e-01
1.53900e+04 5.09940e-01
1.54000e+04 5.10436e-01
1.54042e+04 5.10834e-01
1.54100e+04 5.11650e-01
1.54200e+04 5.12629e-01
1.54242e+04 5.13222e-01
1.54300e+04 5.14113e-01
1.54400e+04 5.15222e-01
1.54442e+04 5.15870e-01
1.54500e+04 5.16869e-01
1.54600e+04 5.18160e-01
1.54642e+04 5.18704e-01
1.54700e+04 5.19493e-01
1.54800e+04 5.21294e-01
1.54842e+04 5.21870e-01
1.54900e+04 5.22234e-01
1.55000e+04 5.23303e-01
1.55042e+04 5.23629e-01
1.55100e+04 5.23792e-01
1.55200e+04 5.24514e-01
1.55242e+04 5.24634e-01
1.55300e+04 5.24640e-01
1.55400e+04 5.25093e-01
1.55442e+04 5.25097e-01
1.55500e+04 5.25041e-01
1.55600e+04 5.24943e-01
1.55643e+04 5.25090e-01
1.55700e+04 5.25010e-01
1.55800e+04 5.24428e-01
1.55843e+04 5.24369e-01
1.55900e+04 5.24397e-01
1.56000e+04 5.24004e-01
1.56043e+04 5.24013e-01
1.56100e+04 5.23933e-01
1.56200e+04 5.23350e-01
1.56243e+04 5.23102e-01
1.56300e+04 5.22937e-01
1.56400e+04 5.23092e-01
1.56443e+04 5.22968e-01
1.56500e+04 5.22849e-01
1.56600e+04 5.22640e-01
1.56643e+04 5.22741e-01
1.56700e+04 5.23058e-01
1.56800e+04 5.23168e-01
1.56843e+04 5.23405e-01
1.56900e+04 5.23508e-01
1.57000e+04 5.23244e-01
1.57043e+04 5.23130e-01
1.57100e+04 5.23055e-01
1.57200e+04 5.23368e-01
1.57243e+04 5.23311e-01
1.57300e+04 5.23175e-01
1.57400e+04 5.22935e-01
1.57443e+04 5.23024e-01
1.57500e+04 5.22959e-01
1.57600e+04 5.22402e-01
1.57643e+04 5.22162e-01
1.57700e+04 5.21754e-01
1.57800e+04 5.21038e-01
1.57843e+04 5.20921e-01
1.57900e+04 5.20631e-01
1.58000e+04 5.19679e-01
1.58043e+04 5.19277e-01
1.58100e+04 5.18898e-01
1.58200e+04 5.18674e-01
1.58243e+04 5.18386e-01
1.58300e+04 5.17903e-01
1.58400e+04 5.17053e-01
1.58443e+04 5.16685e-01
1.58500e+04 5.16233e-01
1.58600e+04 5.15879e-01
1.58643e+04 5.15534e-01
1.58700e+04 5.15128e-01
1.58800e+04 5.14412e-01
1.58843e+04 5.14101e-01
1.58900e+04 5.13770e-01
1.59000e+04 5.13627e-01
1.59043e+04 5.13373e-01
1.59100e+04 5.13057e-01
1.59200e+04 5.12500e-01
1.59243e+04 5.12257e-01
1.59300e+04 5.12016e-01
1.59400e+04 5.11589e-01
1.59444e+04 5.11595e-01
1.59500e+04 5.11293e-01
1.59600e+04 5.10319e-01
1.59644e+04 5.09894e-01
1.59700e+04 5.09345e-01
1.59800e+04 5.08373e-01
1.59844e+04 5.07949e-01
1.59900e+04 5.07196e-01
1.60000e+04 5.06300e-01
1.60044e+04 5.05726e-01
1.60100e+04 5.04841e-01
1.60200e+04 5.03270e-01
1.60244e+04 5.02584e-01
1.60300e+04 5.01614e-01
1.60400e+04 4.99893e-01
1.60444e+04 4.99139e-01
1.60500e+04 4.98188e-01
1.60600e+04 4.96928e-01
1.60644e+04 4.96187e-01
1.60700e+04 4.95514e-01
1.60800e+04 4.94317e-01
1.60844e+04 4.93792e-01
1.60900e+04 4.93238e-01
1.61000e+04 4.92250e-01
1.61044e+04 4.91816e-01
1.61100e+04 4.91422e-01
1.61200e+04 4.90719e-01
1.61244e+04 4.90409e-01
1.61300e+04 4.90333e-01
1.61400e+04 4.90196e-01
1.61444e+04 4.90135e-01
1.61500e+04 4.90144e-01
1.61600e+04 4.90589e-01
1.61644e+04 4.90596e-01
1.61700e+04 4.90833e-01
1.61800e+04 4.91257e-01
1.61844e+04 4.91443e-01
1.61900e+04 4.91621e-01
1.62000e+04 4.91939e-01
1.62044e+04 4.92040e-01
1.62100e+04 4.92109e-01
1.62200e+04 4.92231e-01
1.62244e+04 4.92285e-01
1.62300e+04 4.91998e-01
1.62400e+04 4.91483e-01
1.62444e+04 4.91254e-01
1.62500e+04 4.90614e-01
1.62600e+04 4.89464e-01
1.62644e+04 4.88954e-01
1.62700e+04 4.87922e-01
1.62800e+04 4.86067e-01
1.62844e+04 4.85243e-01
1.62900e+04 4.84047e-01
1.63000e+04 4.81895e-01
1.63045e+04 4.80939e-01
1.63100e+04 4.79286e-01
1.63200e+04 4.76311e-01
1.63245e+04 4.74987e-01
1.63300e+04 4.73426e-01
1.63400e+04 4.70613e-01
1.63445e+04 4.69360e-01
1.63500e+04 4.67834e-01
1.63600e+04 4.65083e-01
1.63645e+04 4.63671e-01
1.63700e+04 4.62313e-01
1.63800e+04 4.60274e-01
1.63845e+04 4.59363e-01
1.63900e+04 4.59026e-01
1.64000e+04 4.58416e-01
1.64045e+04 4.58264e-01
1.64100e+04 4.58435e-01
1.64200e+04 4.58743e-01
1.64245e+04 4.58881e-01
1.64300e+04 4.59641e-01
1.64400e+04 4.61017e-01
1.64445e+04 4.61634e-01
1.64500e+04 4.62926e-01
1.64600e+04 4.64848e-01
1.64645e+04 4.65898e-01
1.64700e+04 4.67334e-01
1.64800e+04 4.69939e-01
1.64845e+04 4.71110e-01
1.64900e+04 4.72376e-01
1.65000e+04 4.74676e-01
1.65045e+04 4.75712e-01
1.65100e+04 4.76374e-01
1.65200e+04 4.77579e-01
1.65245e+04 4.77926e-01
1.65300e+04 4.77574e-01
1.65400e+04 4.77366e-01
1.65445e+04 4.77271e-01
1.65500e+04 4.76670e-01
1.65600e+04 4.75572e-01
1.65645e+04 4.75076e-01
1.65700e+04 4.73895e-01
1.65800e+04 4.71309e-01
1.65845e+04 4.70334e-01
1.65900e+04 4.69022e-01
1.66000e+04 4.66626e-01
1.66045e+04 4.65007e-01
1.66100e+04 4.63287e-01
1.66200e+04 4.59729e-01
1.66245e+04 4.58311e-01
1.66300e+04 4.57087e-01
1.66400e+04 4.54851e-01
1.66445e+04 4.53838e-01
1.66500e+04 4.53363e-01
1.66600e+04 4.52074e-01
1.66646e+04 4.51677e-01
1.66700e+04 4.51189e-01
1.66800e+04 4.50292e-01
1.66846e+04 4.49694e-01
1.66900e+04 4.49083e-01
1.67000e+04 4.48375e-01
1.67046e+04 4.48052e-01
1.67100e+04 4.47176e-01
1.67200e+04 4.45156e-01
1.67246e+04 4.44424e-01
1.67300e+04 4.42506e-01
1.67400e+04 4.38989e-01
1.67446e+04 4.37200e-01
1.67500e+04 4.34209e-01
1.67600e+04 4.29124e-01
1.67646e+04 4.26805e-01
1.67700e+04 4.23851e-01
1.67800e+04 4.18035e-01
1.67846e+04 4.15561e-01
1.67900e+04 4.13330e-01
1.68000e+04 4.08844e-01
1.68046e+04 4.06978e-01
1.68100e+04 4.04363e-01
1.68200e+04 3.99547e-01
1.68246e+04 3.97172e-01
1.68300e+04 3.89908e-01
1.68400e+04 3.76903e-01
1.68446e+04 3.70787e-01
1.68500e+04 3.52660e-01
1.68600e+04 3.19602e-01
1.68646e+04 3.04314e-01
1.68700e+04 2.76261e-01
1.68800e+04 2.24799e-01
1.68846e+04 2.01177e-01
1.68900e+04 1.76497e-01
1.69000e+04 1.30797e-01
1.69046e+04 1.09881e-01
1.69100e+04 9.51538e-02
1.69200e+04 6.78737e-02
1.69246e+04 5.53680e-02
1.69300e+04 4.79461e-02
1.69400e+04 3.41832e-02
1.69446e+04 2.78662e-02
1.69500e+04 2.42800e-02
1.69600e+04 1.76215e-02
1.69646e+04 1.45556e-02
1.69700e+04 1.27995e-02
1.69800e+04 9.55771e-03
1.69846e+04 8.05748e-03
1.69900e+04 7.12300e-03
1.70000e+04 5.39637e-03
1.70046e+04 4.59490e-03
1.70100e+04 4.11658e-03
1.70200e+04 3.23364e-03
1.70246e+04 2.82435e-03
1.70300e+04 2.52431e-03
1.70400e+04 1.96790e-03
1.70447e+04 1.71159e-03
1.70500e+04 1.57415e-03
1.70600e+04 1.31733e-03
1.70647e+04 1.19906e-03
1.70700e+04 1.07532e-03
1.70800e+04 8.44196e-04
1.70847e+04 7.37190e-04
1.70900e+04 6.48019e-04
1.71000e+04 4.82664e-04
1.71047e+04 4.05721e-04
1.71100e+04 3.72284e-04
1.71200e+04 3.10032e-04
1.71247e+04 2.81268e-04
1.71300e+04 2.80644e-04
1.71400e+04 2.79201e-04
1.71447e+04 2.78526e-04
1.71500e+04 2.35574e-04
1.71600e+04 1.55597e-04
1.71647e+04 1.18282e-04
1.71700e+04 1.17956e-04
1.71800e+04 1.17344e-04
1.71847e+04 1.17111e-04
1.71900e+04 1.16849e-04
1.72000e+04 1.16239e-04
1.72047e+04 1.15514e-04
