# NAME : ngc3783_00.50_NGC4725
    905.94   0.00231158636725 
    910.94   0.00419274525626 
    915.94   0.00975322271592 
    920.94    0.0133144253371 
    925.95      0.01831510845 
    930.95    0.0169452450675 
    935.95    0.0143625291028 
    940.95   0.00738558474441 
    945.95    0.0106232964181 
    950.95    0.0218632986309 
    955.95   0.00593529459319 
    960.95    0.0128812423921 
    965.96    0.0124369999351 
    970.96    0.0202323950911 
    975.96    0.0163722037039 
    980.96   0.00808482522063 
    985.96    0.0224298590319 
    990.96    0.0224974351002 
    995.96    0.0188620474849 
   1000.97   0.00835308515538 
   1005.97    0.0140476108569 
   1010.97    0.0210123699557 
   1015.97   0.00929070051687 
   1020.97    0.0224589840741 
   1025.97    0.0193172060062 
   1030.97    0.0386486529335 
   1035.97    0.0415038254502 
   1040.98    0.0220985051624 
   1045.98    0.0264207318354 
   1050.98    0.0199233547406 
   1055.98    0.0149361431222 
   1060.98     0.022680097941 
   1065.98    0.0161228941228 
   1070.98    0.0163500349412 
   1075.99    0.0177630666549 
   1080.99    0.0148883728664 
   1085.99    0.0138938844746 
   1090.99    0.0164390918609 
   1095.99    0.0144356022788 
   1100.99    0.0129111956707 
   1105.99    0.0146428112789 
    1111.0    0.0130936117914 
    1116.0    0.0143266803484 
    1121.0    0.0144345282384 
    1126.0    0.0138784944269 
    1131.0    0.0137433442702 
    1136.0    0.0129721285459 
    1141.0    0.0140924784984 
    1146.0    0.0142847570577 
   1151.01    0.0145752792122 
   1156.01    0.0145536104087 
   1161.01    0.0148794658569 
   1166.01    0.0151186397852 
   1171.01    0.0161503060062 
   1176.01    0.0151090941799 
   1181.01    0.0127253625716 
   1186.02    0.0140565401523 
   1191.02    0.0147132947517 
   1196.02    0.0109196189088 
   1201.02   0.00401649683125 
   1206.02   0.00597085121913 
   1211.02    0.0277787391976 
   1216.02    0.0806080516308 
   1221.02    0.0643965418493 
   1226.03    0.0406244937885 
   1231.03    0.0288532823998 
   1236.03    0.0216217928884 
   1241.03    0.0253499474509 
   1246.03     0.021813275496 
   1251.03    0.0186512979971 
   1256.03    0.0184698847398 
   1261.04    0.0168949442281 
   1266.04    0.0149256769612 
   1271.04    0.0142823648442 
   1276.04    0.0131420979265 
   1281.04    0.0128932123816 
   1286.04    0.0119196041664 
   1291.04   0.00899688709903 
   1296.04    0.0127978734997 
   1301.05    0.0141476871103 
   1306.05     0.014143716945 
   1311.05    0.0131139496919 
   1316.05    0.0115779812575 
   1321.05   0.00900800039691 
   1326.05    0.0111536760979 
   1331.05    0.0122723273557 
   1336.06    0.0126708999044 
   1341.06    0.0121464639549 
   1346.06    0.0118070232239 
   1351.06    0.0116113499424 
   1356.06    0.0118916391204 
   1361.06    0.0122977612872 
   1366.06    0.0125923686376 
   1371.06    0.0126416109016 
   1376.07    0.0129346617911 
   1381.07    0.0130160345226 
   1386.07    0.0150421193763 
   1391.07      0.01718338421 
   1396.07    0.0193873515206 
   1401.07    0.0195886021026 
   1406.07    0.0177578638061 
   1411.08    0.0147627841885 
   1416.08    0.0130997797718 
   1421.08    0.0119110655063 
   1426.08    0.0115671346839 
   1431.08    0.0110760015294 
   1436.08    0.0105736350461 
   1441.08    0.0105549130436 
   1446.08    0.0103408254949 
   1451.09   0.00978225762727 
   1456.09   0.00994084473441 
   1461.09   0.00988478933589 
   1466.09   0.00972044136917 
   1471.09    0.0100711296647 
   1476.09   0.00988389845743 
   1481.09    0.0107592738749 
    1486.1    0.0113287285135 
    1491.1    0.0108093346794 
    1496.1    0.0105696462653 
    1501.1    0.0107991332415 
    1506.1    0.0113504949293 
    1511.1    0.0105967303363 
    1516.1    0.0139041708654 
    1521.1    0.0170068380174 
   1526.11    0.0197351818226 
   1531.11    0.0227518403463 
   1536.11    0.0291244413233 
   1541.11    0.0361579813388 
   1546.11    0.0494844470942 
   1551.11     0.063975060559 
   1556.11    0.0433200655192 
   1561.12    0.0294387911572 
   1566.12    0.0218495959531 
   1571.12    0.0174013392599 
   1576.12    0.0153152647154 
   1581.12    0.0133917389677 
   1586.12    0.0125877112122 
   1591.12    0.0108197740281 
   1596.12    0.0109883224959 
   1601.13    0.0114193293452 
   1606.13    0.0118322903018 
   1611.13    0.0115460914503 
   1616.13    0.0117085527524 
   1621.13     0.012285750542 
   1626.13     0.012786327436 
   1631.13    0.0139996087039 
   1636.14    0.0152270970974 
   1641.14    0.0147931351442 
   1646.14    0.0140419825727 
   1651.14    0.0130318630652 
   1656.14    0.0114181979838 
   1661.14    0.0129179566445 
   1666.14    0.0132028576877 
   1671.14    0.0117513608399 
   1676.15    0.0108546680458 
   1681.15    0.0100783213003 
   1686.15   0.00994007663614 
   1691.15   0.00942814688713 
   1696.15    0.0091308399144 
   1701.15   0.00909934931152 
   1706.15   0.00913935996872 
   1711.16   0.00928411325645 
   1716.16   0.00935348426956 
   1721.16   0.00943922087331 
   1726.16   0.00912330896574 
   1731.16   0.00846227886355 
   1736.16   0.00876226141065 
   1741.16   0.00983923824923 
   1746.16     0.009470820629 
   1751.17   0.00954316658586 
   1756.17    0.0096469864741 
   1761.17   0.00872959906678 
   1766.17   0.00862170780035 
   1771.17    0.0081786250997 
   1776.17   0.00829638551267 
   1781.17   0.00898045774021 
   1786.18   0.00851196028656 
   1791.18   0.00806700181799 
   1796.18   0.00831727400715 
   1801.18   0.00845922944897 
   1806.18   0.00843665711001 
   1811.18   0.00859404709931 
   1816.18   0.00877887950089 
   1821.18   0.00867761014557 
   1826.19    0.0086092920543 
   1831.19   0.00805358834144 
   1836.19   0.00871570909024 
   1841.19   0.00839786512784 
   1846.19    0.0086288988544 
   1851.19   0.00916451589734 
   1856.19   0.00862270962537 
    1861.2   0.00923274994482 
    1866.2   0.00915699246474 
    1871.2    0.0096152429134 
    1876.2    0.0100310459303 
    1881.2    0.0102367635191 
    1886.2    0.0120173493675 
    1891.2    0.0131386227395 
    1896.2    0.0126555188216 
   1901.21    0.0142701177578 
   1906.21    0.0169994408935 
   1911.21    0.0160354068324 
   1916.21    0.0127972499555 
   1921.21    0.0114576054164 
   1926.21   0.00994940020974 
   1931.21   0.00940157728484 
   1936.22   0.00864782626089 
   1941.22   0.00831909563895 
   1946.22    0.0084486044998 
   1951.22   0.00774775664487 
   1956.22   0.00750717175205 
   1961.22   0.00763750339341 
   1966.22   0.00749485047739 
   1971.22   0.00758181979022 
   1976.23   0.00721539575928 
   1981.23   0.00720396643745 
   1986.23   0.00723495486834 
   1991.23   0.00739150638545 
   1996.23   0.00706629984225 
   2001.23   0.00745616359867 
   2006.23   0.00718751702683 
   2011.24   0.00762881862697 
   2016.24   0.00715161621514 
   2021.24    0.0070880112245 
   2026.24   0.00713667274041 
   2031.24   0.00708219672868 
   2036.24   0.00706087313022 
   2041.24   0.00673513678394 
   2046.25   0.00716195463116 
   2051.25   0.00733980536088 
   2056.25   0.00742011178759 
   2061.25   0.00761881449735 
   2066.25   0.00774063677875 
   2071.25   0.00761163338795 
   2076.25   0.00797955316589 
   2081.25   0.00816519236353 
   2086.26   0.00759523628322 
   2091.26   0.00709680668292 
   2096.26   0.00753260471469 
   2101.26    0.0071613992077 
   2106.26   0.00716759832739 
   2111.26   0.00711643924691 
   2116.26   0.00697532358563 
   2121.27   0.00710304602644 
   2126.27   0.00703753158697 
   2131.27   0.00686407522959 
   2136.27   0.00692790274771 
   2141.27   0.00678380317448 
   2146.27   0.00683020977969 
   2151.27   0.00663751688797 
   2156.27   0.00639538832108 
   2161.28   0.00673320409871 
   2166.28   0.00670707416931 
   2171.28   0.00683375012315 
   2176.28   0.00682909434037 
   2181.28   0.00664058987377 
   2186.28   0.00638155170668 
   2191.28   0.00641067298424 
   2196.29   0.00641172038678 
   2201.29   0.00641004461154 
   2206.29   0.00637812739696 
   2211.29   0.00649233251051 
   2216.29   0.00685213594893 
   2221.29   0.00676274945668 
   2226.29   0.00651340970738 
   2231.29   0.00642263012567 
    2236.3   0.00649444615563 
    2241.3   0.00648203079122 
    2246.3   0.00659363431992 
    2251.3   0.00668250983191 
    2256.3   0.00663120241366 
    2261.3   0.00682144562168 
    2266.3   0.00698027501012 
   2271.31   0.00705430788554 
   2276.31   0.00689718970453 
   2281.31   0.00718906645419 
   2286.31   0.00727760414045 
   2291.31   0.00734768268417 
   2296.31   0.00739888998385 
   2301.31   0.00743083535616 
   2306.31   0.00749399638548 
   2311.32    0.0073112517238 
   2316.32   0.00717347304938 
   2321.32   0.00639188648863 
   2326.32   0.00745242484102 
   2331.32   0.00766522248109 
   2336.32   0.00773270711073 
   2341.32   0.00749839375731 
   2346.33   0.00736935895254 
   2351.33   0.00636185075915 
   2356.33    0.0063566768316 
   2361.33   0.00573683680792 
   2366.33   0.00705135376557 
   2371.33   0.00710872058059 
   2376.33   0.00726063655804 
   2381.33   0.00737488137412 
   2386.34   0.00710391562154 
   2391.34   0.00711178110498 
   2396.34   0.00701958263824 
   2401.34   0.00705132347674 
   2406.34   0.00743762314112 
   2411.34   0.00733593868336 
   2416.34   0.00723903733209 
   2421.35   0.00754806829544 
   2426.35   0.00716037910393 
   2431.35   0.00727778407677 
   2436.35   0.00711410097908 
   2441.35   0.00693693510296 
   2446.35   0.00696023006866 
   2451.35   0.00718674162537 
   2456.35   0.00693497022343 
   2461.36   0.00724403716372 
   2466.36    0.0071370849618 
   2471.36   0.00745934392417 
   2476.36   0.00721213012557 
   2481.36   0.00742003994122 
   2486.36   0.00709675493409 
   2491.36    0.0070495414311 
   2496.37   0.00708620820876 
   2501.37   0.00710581629144 
   2506.37    0.0070639466665 
   2511.37   0.00715154244524 
   2516.37   0.00701711657333 
   2521.37   0.00695030651275 
   2526.37   0.00695968259948 
   2531.37   0.00670466174442 
   2536.38   0.00690034629912 
   2541.38   0.00659785848594 
   2546.38   0.00673676214093 
   2551.38   0.00611263784912 
   2556.38   0.00613212048587 
   2561.38   0.00511432411069 
   2566.38   0.00602012390063 
   2571.39   0.00553820210161 
   2576.39    0.0049437452198 
   2581.39   0.00573306128154 
   2586.39    0.0060937302848 
   2591.39   0.00628256319225 
   2596.39   0.00620486788721 
   2601.39   0.00619004089122 
   2606.39   0.00620446666277 
    2611.4    0.0061521363646 
    2616.4   0.00616776977956 
    2621.4   0.00624589736248 
    2626.4   0.00646647274392 
    2631.4    0.0062884586253 
    2636.4   0.00606236726767 
    2641.4     0.005612619163 
   2646.41   0.00570786186175 
   2651.41   0.00541315154953 
   2656.41   0.00525410840779 
   2661.41    0.0054050476159 
   2666.41   0.00540443639769 
   2671.41   0.00540820024759 
   2676.41   0.00548832951349 
   2681.41   0.00559398971679 
   2686.42   0.00557748692609 
   2691.42   0.00561971866968 
   2696.42   0.00563886395721 
   2701.42    0.0055709931949 
   2706.42   0.00593309013588 
   2711.42   0.00588672832806 
   2716.42   0.00591846174481 
   2721.43   0.00600207968589 
   2726.43   0.00638017178142 
   2731.43   0.00637524726049 
   2736.43    0.0064561114737 
   2741.43   0.00653006080215 
   2746.43   0.00662864117529 
   2751.43   0.00660336806703 
   2756.43   0.00655449247982 
   2761.44   0.00645118507704 
   2766.44   0.00566444821705 
   2771.44   0.00480651586392 
   2776.44   0.00547407254102 
   2781.44   0.00797057190173 
   2786.44   0.00975486373349 
   2791.44    0.0112898190716 
   2796.45    0.0123913832317 
   2801.45    0.0120981425569 
   2806.45    0.0106984841415 
   2811.45   0.00923581868204 
   2816.45   0.00785736395537 
   2821.45   0.00685867729449 
   2826.45   0.00622105047715 
   2831.45   0.00663189303279 
   2836.46   0.00640871864164 
   2841.46   0.00618721204861 
   2846.46   0.00608088937921 
   2851.46    0.0059200321174 
   2856.46   0.00598375089113 
   2861.46   0.00589312591875 
   2866.46    0.0056772619002 
   2871.47   0.00576564462174 
   2876.47   0.00541925529336 
   2881.47   0.00541158580811 
   2886.47   0.00533853374798 
   2891.47   0.00514625222792 
   2896.47   0.00505455576581 
   2901.47   0.00482742460716 
   2906.47   0.00502613896676 
   2911.48   0.00500165288637 
   2916.48   0.00506304857193 
   2921.48   0.00502148120363 
   2926.48   0.00507528404691 
   2931.48   0.00522030703754 
   2936.48   0.00526945831015 
   2941.48    0.0050405252779 
   2946.49   0.00538076114807 
   2951.49   0.00535464813564 
   2956.49   0.00531528051865 
   2961.49   0.00517196033715 
   2966.49   0.00521275136513 
   2971.49   0.00527268553815 
   2976.49   0.00516424827532 
   2981.49   0.00521824560906 
    2986.5   0.00509876227723 
    2991.5   0.00489460234272 
    2996.5   0.00482648522949 
    3001.5   0.00465235204043 
    3006.5   0.00468814934458 
    3011.5   0.00445612754186 
    3016.5   0.00438833446268 
   3021.51   0.00449333129862 
   3026.51   0.00447071294127 
   3031.51   0.00435766371777 
   3036.51   0.00440401185585 
   3041.51   0.00439401504154 
   3046.51   0.00448794508997 
   3051.51   0.00440591959459 
   3056.51   0.00436703098707 
   3061.52   0.00440815961291 
   3066.52    0.0044832497108 
   3071.52   0.00425524375111 
   3076.52   0.00451939266582 
   3081.52   0.00425645093655 
   3086.52   0.00434924476351 
   3091.52   0.00449744477036 
   3096.53   0.00445951074064 
   3101.53   0.00441009734578 
   3106.53   0.00470774832038 
   3111.53    0.0048671240097 
   3114.43   0.00482382592602 
   3117.27   0.00474342536237 
   3122.42   0.00478946490788 
   3127.57   0.00483688198513 
   3132.72   0.00549840224213 
   3137.87   0.00485313963231 
   3143.02   0.00456248712751 
   3148.17   0.00445272366232 
   3153.32   0.00455547970513 
   3158.47   0.00460286683888 
   3163.62   0.00449524885745 
   3168.77   0.00444824523841 
   3173.92   0.00460197408102 
   3179.07   0.00471343350143 
   3184.22   0.00479634256827 
   3189.37   0.00468485652194 
   3194.52   0.00466991337525 
   3199.67   0.00484896684472 
   3204.82   0.00497132315698 
   3209.97   0.00460142722128 
   3215.12   0.00452393976166 
   3220.27   0.00450815081389 
   3225.42   0.00442617810975 
   3230.57   0.00447883106261 
   3235.72   0.00446329303784 
   3240.87   0.00440557649247 
   3246.02   0.00432923348577 
   3251.17   0.00429491704394 
   3256.32   0.00439107212942 
   3261.47   0.00437748832677 
   3266.62    0.0043894181016 
   3271.77   0.00425418091674 
   3276.92   0.00423123709474 
   3282.07   0.00423388413693 
   3287.22   0.00427257440525 
   3292.37   0.00423999548699 
   3297.52   0.00419990341488 
   3302.67   0.00413191716251 
   3307.81   0.00409336489749 
   3312.96     0.004118732626 
   3318.11   0.00403211524081 
   3323.26   0.00399934823676 
   3328.41   0.00402058864783 
   3333.56   0.00409204946235 
   3338.71   0.00435206401841 
   3343.86   0.00518016362496 
   3349.01   0.00441130103241 
   3354.16   0.00397286163046 
   3359.31   0.00398010762721 
   3364.46   0.00398181167811 
   3369.61   0.00393803510818 
   3374.76   0.00392263501281 
   3379.91   0.00392488076973 
   3385.06   0.00394335319788 
   3390.21   0.00396306916989 
   3395.36   0.00395337125045 
   3400.51   0.00395974624309 
   3405.66   0.00400096562816 
   3410.81   0.00412267634493 
   3415.96   0.00439104928273 
   3421.11   0.00558549945044 
   3426.26   0.00715988804001 
   3431.41   0.00447890491545 
   3436.56   0.00408479561054 
   3441.71   0.00411889450259 
   3446.86   0.00398665032213 
   3452.01   0.00397021894504 
   3457.16   0.00391974525999 
   3462.31   0.00387930000278 
   3467.46   0.00387400064283 
   3472.61   0.00383105668516 
   3477.76   0.00380521582638 
   3482.91   0.00381908915935 
   3488.06   0.00379743988974 
   3493.21   0.00376001634487 
   3498.36   0.00377368340701 
   3503.51   0.00375228816744 
   3508.66   0.00369722018264 
   3513.81   0.00364001919463 
   3518.96   0.00361330556478 
   3524.11   0.00358685079053 
   3529.26   0.00355448708487 
   3534.41   0.00354406727905 
   3539.56   0.00353708609003 
   3544.71   0.00353157974812 
   3549.86   0.00353889288555 
   3555.01   0.00352988691071 
   3560.16   0.00351102687068 
   3565.31   0.00353865779893 
   3570.46    0.0035574359316 
   3575.61   0.00357728486212 
   3580.76   0.00373066360804 
   3585.91   0.00394009199333 
   3591.06   0.00360442062256 
   3596.21   0.00352810449362 
   3601.36   0.00351461021884 
   3606.51   0.00342876017299 
   3611.66   0.00341032659021 
   3616.81    0.0034134367567 
   3621.96   0.00341995637442 
   3627.11   0.00344714592633 
   3632.26   0.00346384877042 
   3637.41   0.00347518581782 
   3642.56   0.00344447631703 
   3647.71   0.00338858767123 
   3652.86   0.00338239254958 
   3658.01   0.00343883283855 
   3663.16   0.00344362107897 
   3668.31   0.00341255571294 
   3673.46   0.00335211622221 
   3678.61   0.00332123339505 
   3683.76   0.00326846449762 
   3688.91   0.00324639880908 
   3694.06   0.00325477223728 
   3699.21   0.00327611469115 
   3704.36   0.00325904807303 
   3709.51   0.00318758935724 
   3714.66   0.00326385482251 
   3719.81    0.0033485087388 
   3724.96   0.00439580414883 
   3730.11   0.00390162426812 
   3735.26    0.0030740973196 
   3740.41   0.00309150522263 
   3745.56   0.00312102104706 
   3750.71   0.00318874086026 
   3755.86    0.0035413933619 
   3761.01   0.00346744924827 
   3766.16   0.00300778954215 
   3771.31   0.00297086593661 
   3776.46   0.00290698128319 
    3781.6   0.00287567946163 
   3786.75   0.00285521390385 
    3791.9   0.00279898141654 
   3797.05   0.00283736211679 
    3802.2   0.00268934772089 
   3807.35   0.00264718733434 
    3812.5   0.00263690595001 
   3817.65   0.00256701117996 
    3822.8   0.00253780744269 
   3827.95   0.00252532054181 
    3833.1   0.00264307358934 
   3838.25   0.00263303221906 
    3843.4   0.00255084045182 
   3848.55   0.00260657493195 
    3853.7   0.00268956367083 
   3858.85   0.00281538640481 
    3864.0   0.00369275608794 
   3869.15   0.00510359172076 
    3874.3   0.00275444821857 
   3879.45   0.00256796280745 
    3884.6   0.00276150208498 
   3889.75   0.00303114871001 
    3894.9   0.00232948562447 
   3900.05   0.00246069035665 
    3905.2   0.00240309175666 
   3910.35   0.00237325724611 
    3915.5   0.00233380553674 
   3920.65   0.00230270814416 
    3925.8   0.00227061927431 
   3930.95   0.00209661459036 
    3936.1   0.00215713754161 
   3941.25   0.00216829658653 
    3946.4   0.00229069621618 
   3951.55   0.00236573791735 
    3956.7   0.00239316854093 
   3961.85   0.00256116436168 
    3967.0    0.0032964889504 
   3972.15   0.00255966677642 
    3977.3   0.00228189476574 
   3982.45   0.00221805195809 
    3987.6   0.00227441765732 
   3992.75   0.00216835503863 
    3997.9   0.00208716907726 
   4003.05   0.00205197454579 
    4008.2   0.00199864154537 
   4013.35   0.00205895168801 
    4018.5   0.00188477489075 
   4023.65   0.00198421294351 
    4028.8   0.00190890777033 
   4033.95   0.00199984727814 
    4039.1   0.00202261155726 
   4044.25   0.00191843485292 
    4049.4   0.00194424925173 
   4054.55   0.00197291251121 
    4059.7   0.00207639277257 
   4064.85   0.00231344714785 
    4070.0   0.00246402332643 
   4075.15   0.00242247241359 
    4080.3   0.00222697929608 
   4085.45    0.0022685766578 
    4090.6   0.00232349851046 
   4095.75   0.00244212933351 
    4100.9   0.00280864782297 
   4106.05   0.00246217141905 
    4111.2   0.00236558405837 
   4116.35   0.00236905399344 
    4121.5   0.00221961133294 
   4126.65    0.0020991470866 
    4131.8    0.0020257681241 
   4136.95    0.0020541206127 
    4142.1   0.00201259574958 
   4147.25   0.00197268291881 
    4152.4   0.00188201303295 
   4157.55   0.00190539583439 
    4162.7   0.00176121447617 
   4167.85   0.00181200263635 
    4173.0   0.00177772173069 
   4178.15   0.00185302434311 
    4183.3    0.0018116618292 
   4188.45   0.00182492806525 
    4193.6   0.00174026902388 
   4198.75   0.00177210171764 
    4203.9   0.00168710967269 
   4209.05    0.0016348246448 
    4214.2    0.0016871342648 
   4219.35   0.00172508103287 
    4224.5   0.00181756990461 
   4229.65   0.00173561071323 
    4234.8   0.00169959780547 
   4239.95   0.00170741166442 
    4245.1   0.00178204175792 
   4250.25   0.00170463211351 
    4255.4   0.00162279951178 
   4260.54   0.00172911923142 
   4265.69   0.00173066100197 
   4270.84   0.00176179600267 
   4275.99   0.00179897928397 
   4281.14   0.00186424172203 
   4286.29   0.00188873108239 
   4291.44   0.00185676916532 
   4296.59   0.00202261826848 
   4301.74   0.00200711895053 
   4306.89   0.00207475413874 
   4312.04   0.00217280283022 
   4317.19   0.00231862430235 
   4322.34    0.0024179479411 
   4327.49   0.00251075473512 
   4332.64    0.0027138858888 
   4337.79   0.00330571613041 
   4342.94   0.00308692409504 
   4348.09   0.00280626827969 
   4353.24   0.00282350384113 
   4358.39   0.00297124222299 
   4363.54   0.00313803936778 
   4368.69    0.0024352957022 
   4373.84   0.00224250349155 
   4378.99   0.00216717187189 
   4384.14   0.00201641111879 
   4389.29    0.0019729711922 
   4394.44   0.00188666334404 
   4399.59   0.00195789068907 
   4404.74   0.00188035972046 
   4409.89   0.00194571025985 
   4415.04   0.00184284806394 
   4420.19   0.00170311569099 
   4425.34   0.00177711142858 
   4430.49   0.00179789523442 
   4435.64   0.00175070450837 
   4440.79   0.00173099513243 
   4445.94   0.00179768655339 
   4451.09   0.00178243537315 
   4456.24   0.00170935551944 
   4461.39   0.00171495924158 
   4466.54   0.00178627852084 
   4471.69   0.00179495846353 
   4476.84   0.00181391453771 
   4481.99   0.00176890658298 
   4487.14   0.00184575865958 
   4492.29   0.00189912679092 
   4497.44   0.00184250119271 
   4502.59   0.00185482920932 
   4507.74   0.00189161465684 
   4512.89    0.0018800313674 
   4518.04   0.00196460334015 
   4523.19   0.00193467523504 
   4528.34   0.00186950774562 
   4533.49   0.00186391101508 
   4538.64   0.00188172405605 
   4543.79   0.00192791372948 
   4548.94   0.00182127259747 
   4554.09   0.00181234855124 
   4559.24   0.00190326739129 
   4564.39   0.00197491692565 
   4569.54   0.00206116263502 
   4574.69   0.00200228704565 
   4579.84   0.00189113964292 
   4584.99   0.00184307650641 
   4590.14   0.00188287648579 
   4595.29   0.00182524106117 
   4600.44   0.00189765443892 
   4605.59   0.00192776034509 
   4610.74   0.00181661786764 
   4615.89   0.00189079917009 
   4621.04   0.00194831081713 
   4626.19    0.0019083290631 
   4631.34   0.00189424273459 
   4636.49   0.00199169564535 
   4641.64   0.00189876575493 
   4646.79   0.00189374838975 
   4651.94   0.00187214825553 
   4657.09   0.00198710954191 
   4662.24   0.00185721315615 
   4667.39   0.00188954689915 
   4672.54   0.00191336682302 
   4677.69   0.00197405040518 
   4682.84   0.00230016790235 
   4687.99   0.00219565912354 
   4693.14   0.00191540347395 
   4698.29    0.0019278792709 
   4703.44   0.00176253715443 
   4708.59   0.00185303387032 
   4713.74   0.00185830322157 
   4718.89   0.00183648337155 
   4724.04   0.00175850044491 
   4729.19   0.00172134541575 
   4734.33   0.00170688827919 
   4739.48   0.00174486910195 
   4744.63   0.00167832382459 
   4749.78   0.00161084705119 
   4754.93   0.00162781702496 
   4760.08    0.0016914576908 
   4765.23   0.00162757041352 
   4770.38   0.00169210366773 
   4775.53   0.00170065170028 
   4780.68   0.00171147753171 
   4785.83   0.00172709170826 
   4790.98   0.00178955667067 
   4796.13   0.00188858187103 
   4801.28   0.00195109556168 
   4806.43   0.00203721192509 
   4811.58   0.00216949914052 
   4816.73   0.00228782149395 
   4821.88   0.00233023107902 
   4827.03   0.00242993685687 
   4832.18   0.00255454403028 
   4837.33   0.00270646732539 
   4842.48   0.00290121254045 
   4847.63   0.00315083842817 
   4852.78   0.00350056187882 
   4857.93    0.0044799962794 
   4863.08   0.00464884167119 
   4868.23   0.00376922611706 
   4873.38    0.0035683426212 
   4878.53   0.00337589178395 
   4883.68   0.00315362466348 
   4888.83   0.00290779893023 
   4893.98   0.00277500974208 
   4899.13   0.00256901672187 
   4904.28    0.0024331470017 
   4909.43    0.0023296182216 
   4914.58   0.00221787793671 
   4919.73   0.00212482711538 
   4924.88   0.00202900227273 
   4930.03   0.00203383920068 
   4935.18   0.00203125171145 
   4940.33   0.00200722743436 
   4945.48   0.00202915045273 
   4950.63   0.00265197096641 
   4955.78   0.00651640447304 
   4960.93   0.00521888203077 
   4966.08   0.00208242895718 
   4971.23   0.00184203636743 
   4976.38   0.00173173518835 
   4981.53   0.00174314416276 
   4986.68    0.0018339382075 
   4991.83   0.00195555352769 
   4996.98   0.00306038422767 
   5002.13    0.0102006751736 
   5007.28    0.0178663074373 
   5012.43   0.00360265692464 
   5017.58   0.00184669004634 
   5022.73   0.00167801084741 
   5027.88   0.00170247427395 
   5033.03   0.00169867260872 
   5038.18   0.00166895835357 
   5043.33   0.00164565786963 
   5048.48   0.00155839117031 
   5053.63   0.00158718862814 
   5058.78   0.00155501986372 
   5063.93   0.00151164040585 
   5069.08    0.0015035824044 
   5074.23    0.0014813943346 
   5079.38    0.0014218866716 
   5084.53   0.00146077903004 
   5089.68   0.00145783360762 
   5094.83   0.00142682252679 
   5099.98   0.00143706624994 
   5105.13   0.00136325453543 
   5110.28   0.00144340016517 
   5115.43   0.00145487568441 
   5120.58   0.00144744578717 
   5125.73   0.00143569005817 
   5130.88   0.00144570355597 
   5136.03   0.00151168983085 
   5141.18   0.00152234255084 
   5146.33    0.0015314563089 
   5151.48    0.0015930361869 
   5156.63   0.00166877623096 
   5161.78   0.00159753728808 
   5166.93    0.0015404545403 
   5172.08   0.00154437923167 
   5177.23   0.00152155799628 
   5182.38   0.00150589551831 
   5187.53   0.00143957328124 
   5192.68   0.00148542836901 
   5197.83   0.00159552404858 
   5202.98    0.0015339817018 
   5208.12   0.00149572449844 
   5213.27   0.00149443759234 
   5218.42    0.0015002746431 
   5223.57   0.00151258039521 
   5228.72   0.00147759911593 
   5233.87   0.00146375612592 
   5239.02   0.00154466205399 
   5244.17    0.0015455876868 
   5249.32   0.00148847953036 
   5254.47   0.00149827151708 
   5259.62   0.00152274635715 
   5264.77   0.00151316717882 
   5269.92   0.00152565149551 
   5275.07   0.00153512333699 
   5280.22   0.00160709783605 
   5285.37   0.00149345147075 
   5290.52    0.0015471684878 
   5295.67    0.0015564962935 
   5300.82   0.00160078550716 
   5305.97   0.00160242499926 
   5311.12   0.00160284589355 
   5316.27   0.00158253343544 
   5321.42   0.00151657362395 
   5326.57   0.00147850259175 
   5331.72   0.00149759289885 
   5336.87   0.00150652295209 
   5342.02   0.00148156697461 
   5347.17   0.00147123726973 
   5352.32    0.0014637172436 
   5357.47   0.00147050265135 
   5362.62   0.00147132211235 
   5367.77   0.00145111601117 
   5372.92   0.00145189237104 
   5378.07   0.00141125717025 
   5383.22   0.00141969282137 
   5388.37   0.00142938970265 
   5393.52   0.00142723297471 
   5398.67   0.00141044022869 
   5403.82   0.00135177097432 
   5408.97    0.0014142633071 
   5414.12   0.00142985383857 
   5419.27   0.00147066103577 
   5424.42   0.00147634241971 
   5429.57   0.00137373824666 
   5434.72   0.00136574492642 
   5439.87   0.00136188250918 
   5445.02   0.00146744278549 
   5450.99   0.00135246542278 
   5456.14   0.00137710643409 
   5461.19   0.00133621222266 
   5466.34   0.00138076354081 
   5471.39   0.00132844654666 
   5476.45    0.0013491500522 
   5481.41   0.00137925611333 
   5486.56   0.00138583276655 
   5491.51   0.00138743081513 
   5496.66   0.00129853731488 
   5501.71   0.00137438888351 
   5506.76   0.00135101905734 
   5511.72   0.00132572217514 
   5516.67   0.00128054875782 
   5521.82   0.00136746413854 
   5526.87   0.00135936401067 
   5531.92   0.00129487942484 
   5537.07   0.00143475009396 
   5542.12   0.00140601229699 
   5547.18   0.00129144727254 
   5552.14   0.00140739979482 
   5557.19   0.00131446881278 
   5562.24   0.00134118110019 
   5567.29    0.0013188827875 
   5572.44   0.00121706535623 
   5577.49   0.00135327362295 
   5582.64   0.00128857788383 
    5587.8   0.00130439375692 
   5592.85   0.00125446119647 
    5598.0    0.0012330355569 
   5603.05   0.00129268080353 
    5608.2   0.00128105681136 
   5613.35   0.00130620356023 
    5618.4   0.00137291849937 
   5623.46   0.00130351756169 
   5628.42   0.00135310454443 
   5633.37     0.001363519276 
   5638.52   0.00131544746633 
   5643.67   0.00129121552566 
   5648.72    0.0013433543136 
   5653.77   0.00136825285029 
   5658.72   0.00133958370804 
   5663.68    0.0013790590167 
   5668.83    0.0013866189974 
   5673.88   0.00134577937423 
   5679.03   0.00136780217215 
   5684.08   0.00129822292559 
   5689.13   0.00133991972458 
   5694.19   0.00136040409612 
   5699.15   0.00135484633678 
    5704.2   0.00137370553238 
   5709.25   0.00138430000371 
    5714.3   0.00151277709236 
   5719.45    0.0016775675078 
    5724.6    0.0015997814456 
   5729.65   0.00154768867781 
   5734.81   0.00146328183761 
   5739.86   0.00140862745446 
   5745.01   0.00134251089782 
   5750.06   0.00146505312992 
   5755.21   0.00144675533862 
   5760.36   0.00133627441495 
   5765.41   0.00132236500766 
   5770.47   0.00136031951553 
   5775.43   0.00141141672571 
   5780.38   0.00133387771786 
   5785.53   0.00134740913186 
   5790.58   0.00125095849379 
   5795.73   0.00139734416687 
   5800.78   0.00141347889367 
   5805.73   0.00148680992573 
   5810.69   0.00137772470821 
   5815.84   0.00148324998688 
   5820.89   0.00141867662031 
   5826.04    0.0015967098318 
   5831.09   0.00142422694579 
   5836.24   0.00140710662551 
   5841.39   0.00145703057568 
   5846.35   0.00150269450066 
   5851.31   0.00156459483585 
   5856.46    0.0014801803853 
   5861.41   0.00151761051863 
   5866.56   0.00131505282354 
   5871.61   0.00167377445391 
   5876.66   0.00169649992124 
   5881.62    0.0016961622363 
   5886.57   0.00161663236465 
   5891.72   0.00150386787717 
   5896.87   0.00150594529819 
   5901.83   0.00144057705701 
   5906.98   0.00150820582176 
   5912.03   0.00152614097442 
   5917.08   0.00148583554449 
   5922.04   0.00149609111884 
   5927.09   0.00144687068688 
   5932.14   0.00138505783708 
   5937.19   0.00137615972289 
   5942.34   0.00134217741932 
   5947.39   0.00149757765872 
   5952.54   0.00145141953334 
    5957.7    0.0013594134974 
   5962.65   0.00136662823044 
    5967.9   0.00136990432171 
   5972.95   0.00136887850979 
    5978.1   0.00136876010233 
   5983.25    0.0012937438762 
    5988.3   0.00137205942562 
   5993.36   0.00138145370343 
   5998.32   0.00133637159666 
   6003.27   0.00130335062736 
   6008.42   0.00137687923628 
   6013.57   0.00133074075352 
   6018.62   0.00130477358388 
   6023.67   0.00136496997715 
   6028.62   0.00128671435744 
   6033.58   0.00134814476103 
   6038.73   0.00130471016175 
   6043.78   0.00131874435674 
   6048.83   0.00128538420667 
   6053.89   0.00130866750976 
   6059.04   0.00130951582284 
   6064.09   0.00131270725343 
   6069.05   0.00133759693467 
    6074.1   0.00136009325186 
   6079.15   0.00157270803687 
    6084.2   0.00173668745842 
   6089.35   0.00174847436058 
    6094.5   0.00143499744477 
   6099.55   0.00129506233889 
   6104.71   0.00127734460864 
   6109.76   0.00123571950271 
   6114.91   0.00127253401299 
   6119.96    0.0013835679491 
   6125.11   0.00129618854465 
   6130.26   0.00128410849987 
   6135.31   0.00130966187468 
   6140.37   0.00136676781098 
   6145.33   0.00134936531072 
   6150.28   0.00126830780219 
   6155.43   0.00121181699318 
   6160.48   0.00127015249551 
   6165.63   0.00122641899831 
   6170.68   0.00124091625053 
   6175.63   0.00130032152193 
   6180.59   0.00127233588816 
   6185.74   0.00127142795094 
   6190.79   0.00124945647615 
   6195.84   0.00125476806038 
    6200.9   0.00128464522161 
   6206.05   0.00124681473263 
    6211.1   0.00127250301509 
   6216.25   0.00114465064091 
   6221.21   0.00124392593408 
   6226.46   0.00127757435674 
   6231.61   0.00124382627617 
   6236.66   0.00118504538708 
   6241.81   0.00120233057138 
   6246.96   0.00127832254574 
   6251.92   0.00111624975081 
   6256.87   0.00119239620348 
   6262.02   0.00122421082749 
   6267.07    0.0012731115229 
   6272.12   0.00130669515345 
   6277.27   0.00127456727157 
   6282.32   0.00126007053457 
   6287.38   0.00131842492836 
   6292.34   0.00135615927173 
   6297.29   0.00146573237927 
   6302.44   0.00190175311615 
   6307.49   0.00137699697752 
   6312.64   0.00147546449705 
   6317.69    0.0012723239724 
   6322.64   0.00128682428246 
    6327.6   0.00123849527456 
   6332.75   0.00135965831888 
    6337.8   0.00137247758441 
   6342.85   0.00133103345395 
    6347.9   0.00132142591858 
   6353.05   0.00128845606469 
    6358.2   0.00135966552195 
   6363.26   0.00151035248457 
   6368.22   0.00158161297543 
   6373.37   0.00148048028661 
   6378.32   0.00154754252591 
   6383.47    0.0014394890018 
   6388.52   0.00130380675661 
   6393.57   0.00130843836949 
   6398.53   0.00135087561417 
   6403.48   0.00135175905455 
   6408.63   0.00127407484636 
   6413.68   0.00134693127145 
   6418.74    0.0013618914088 
   6423.89   0.00136912817751 
   6428.94   0.00139113800913 
   6433.99   0.00139187321479 
   6438.95   0.00145231326635 
    6444.0   0.00148120261424 
   6449.05   0.00143931488504 
    6454.1   0.00148913585895 
   6459.25   0.00155443480717 
    6464.3   0.00160903341326 
   6469.45   0.00171668136858 
   6474.61   0.00178959378832 
   6479.66   0.00182875247684 
   6484.81    0.0019665802804 
   6489.86    0.0021444107868 
   6495.01   0.00219043168666 
   6500.16   0.00232618039018 
   6505.21   0.00254186202812 
   6510.27   0.00272292485462 
   6515.23      0.00293396977 
   6520.18   0.00315932534931 
   6525.33   0.00362282639195 
   6530.38   0.00409881259122 
   6535.53   0.00466993394028 
   6540.58   0.00536303322954 
   6545.54   0.00615096215284 
   6550.49   0.00733206302027 
   6555.64    0.0076636241947 
   6560.69   0.00988890246309 
   6565.75    0.0112783171954 
    6570.8   0.00865283913127 
   6575.95   0.00797917709792 
    6581.0   0.00839181907201 
   6585.96   0.00928738249032 
   6591.01   0.00667053351142 
   6596.06    0.0055314070604 
   6601.11   0.00470317225265 
   6606.26   0.00417424266303 
   6611.41   0.00370461337177 
   6616.46    0.0032994131312 
   6621.42   0.00302937950396 
   6626.38   0.00278884387449 
   6631.52   0.00255278334558 
   6636.68    0.0023506952956 
   6641.63   0.00224228835308 
   6646.78   0.00206099616377 
   6651.83   0.00193688759356 
   6656.88   0.00178954479701 
   6661.84   0.00171965112843 
   6666.89   0.00167506834354 
   6671.94   0.00153375069676 
   6676.99   0.00155889743165 
   6682.14   0.00143032534951 
   6687.19   0.00142710367279 
   6692.15   0.00140008015494 
   6697.11   0.00146785546694 
   6702.26    0.0013269509432 
   6707.31    0.0013090115201 
   6712.46   0.00144906756323 
   6717.51   0.00203186394886 
   6722.66    0.0013536504145 
   6727.81   0.00143026818171 
   6732.87   0.00194230866712 
   6738.02   0.00128404376652 
   6743.07   0.00132246715838 
   6748.12   0.00125995354003 
   6753.17   0.00118831964706 
   6758.42   0.00125062174292 
   6763.47   0.00127320566047 
   6768.43    0.0011619615578 
   6773.38   0.00122998948862 
   6778.53   0.00120466494862 
   6783.59   0.00115455467096 
   6788.64   0.00114368896578 
   6793.79   0.00121532795999 
   6798.84   0.00122143658607 
   6803.89   0.00113503103682 
   6808.85   0.00118879074474 
    6813.9   0.00118826730888 
   6818.95   0.00118166795404 
    6824.0   0.00118999631842 
   6829.15   0.00118591110952 
    6834.2   0.00118275676415 
   6839.36   0.00118391866215 
   6844.31   0.00117936889894 
   6849.56    0.0011797594195 
   6854.71     0.001167089463 
   6859.76   0.00115718578812 
   6864.82   0.00116118928149 
   6869.87   0.00116489474341 
   6875.02   0.00116068687996 
   6879.98   0.00115961075084 
   6885.13   0.00115203654857 
   6890.08   0.00115399398446 
   6895.23    0.0011535430977 
   6900.38   0.00115987308251 
   6905.43   0.00115928724613 
   6910.48    0.0011621505461 
   6915.44   0.00116803143781 
   6920.39   0.00116535049047 
   6925.54   0.00115210328473 
    6930.6    0.0011666799404 
   6935.65   0.00116315260525 
    6940.7   0.00116453410493 
   6945.85   0.00116182246715 
    6950.9    0.0011625026893 
   6955.86    0.0011628822247 
   6960.91   0.00116522511427 
   6965.96   0.00117590812708 
   6971.01   0.00117816263131 
   6976.16   0.00117808711829 
   6981.21   0.00115399494851 
   6986.36      0.00116049146 
   6991.32   0.00116775403038 
   6996.28   0.00121075427199 
   7001.43   0.00122967814957 
   7006.58   0.00125906124012 
   7011.53   0.00122155661096 
   7016.68   0.00120098452963 
   7021.73    0.0011971381906 
   7026.89   0.00119873565719 
   7031.94   0.00120493635565 
   7037.09    0.0012089051199 
   7042.24   0.00121690933197 
   7047.29   0.00124599429681 
   7052.44   0.00124977466549 
   7057.49   0.00125812343968 
   7062.45   0.00124218576446 
    7067.4   0.00126960296211 
   7072.55   0.00121738498694 
    7077.6    0.0012216865915 
   7082.66   0.00121342540096 
   7087.71   0.00120349493649 
   7092.86   0.00117030540096 
   7097.91   0.00116418717837 
   7102.87   0.00115849944398 
   7108.02   0.00114539543966 
   7113.27   0.00114826671905 
   7118.42   0.00113952084378 
   7123.47   0.00114823961699 
   7128.62   0.00117922618237 
   7133.77   0.00132013852784 
   7138.73   0.00140130564497 
   7143.98   0.00117881141256 
   7149.03   0.00113756052681 
   7154.18   0.00113930987305 
   7159.33   0.00114670073872 
   7164.38   0.00112655112393 
   7169.43   0.00113448357528 
   7174.39   0.00112489924874 
   7179.44    0.0011174957151 
   7184.49   0.00110518248484 
   7189.65   0.00109704931929 
    7194.7   0.00107701132815 
   7199.75   0.00109007164718 
    7204.8   0.00107405780051 
   7209.86   0.00107379405923 
   7214.81   0.00107817510766 
   7219.86   0.00107852572353 
   7225.01   0.00111071830081 
   7230.06   0.00111225252484 
   7235.11   0.00111113423229 
   7240.16   0.00111432015801 
   7245.32   0.00111386773209 
   7250.27   0.00111396411414 
   7255.42    0.0011140114552 
   7260.38   0.00113405035706 
   7265.53   0.00112914305055 
   7270.58   0.00112655349413 
   7275.63   0.00111034440476 
   7280.78    0.0011123614384 
   7285.84    0.0011091627223 
   7290.99   0.00109163617476 
   7296.04   0.00109447327648 
   7301.19   0.00109370663149 
   7306.34   0.00109514795842 
   7311.39   0.00113504095044 
   7316.44   0.00118104207828 
    7321.4   0.00126884128636 
   7326.45   0.00121492274946 
    7331.5   0.00123492870949 
   7336.56   0.00115461309711 
   7341.71    0.0011411123319 
   7346.76   0.00112994113517 
   7351.81   0.00112306159509 
   7356.87   0.00111925872285 
   7361.82   0.00111560153469 
   7366.87   0.00111443537638 
   7372.02   0.00112316688448 
   7377.07   0.00114870829563 
   7382.22   0.00114560439674 
   7387.37   0.00112807971558 
   7392.33    0.0011186630816 
   7397.28   0.00111769897408 
   7402.43   0.00111254313238 
   7407.39   0.00111134585807 
   7412.54   0.00110950056793 
   7417.59   0.00110323795664 
   7422.64   0.00110171042696 
   7427.59   0.00113262002992 
   7432.55   0.00113470281312 
    7437.7   0.00113621010457 
   7442.85   0.00113387016606 
    7447.9   0.00111256893609 
   7452.95   0.00112029471999 
    7458.0   0.00111802351324 
   7463.05   0.00109845222087 
   7468.02   0.00110366828322 
   7473.07   0.00109975409955 
   7478.12   0.00112650076903 
   7483.17   0.00112360168866 
   7488.32   0.00112573359913 
   7493.37   0.00111981006022 
   7498.52   0.00110384485223 
   7503.68   0.00110501596718 
   7508.63   0.00110539367932 
   7513.88   0.00112103970773 
   7518.93   0.00112692260444 
   7524.08   0.00112863436149 
   7529.23   0.00112201923592 
   7534.28    0.0011251083934 
   7539.34   0.00111911903764 
   7544.29   0.00112283540867 
   7549.25   0.00111385805563 
    7554.4   0.00111143799907 
   7559.55   0.00111580200881 
    7564.6   0.00110576950745 
   7569.65   0.00110680212004 
    7574.6   0.00111005930629 
   7579.56   0.00110873036703 
   7584.71   0.00111018570804 
   7589.76   0.00110675464153 
   7594.91   0.00110782065732 
   7599.96   0.00109627244688 
   7605.01   0.00110944383286 
   7610.06    0.0011190136105 
   7615.03   0.00111018388226 
   7620.08    0.0010829721763 
   7625.13   0.00107298679341 
   7630.18   0.00107552902511 
   7635.33   0.00108794319798 
   7640.48   0.00108687224503 
   7645.53   0.00108662110115 
   7650.69   0.00108515175422 
   7655.74   0.00107215542469 
   7660.89   0.00106691677559 
   7665.94   0.00106658478649 
   7671.09   0.00105820735864 
   7676.24   0.00105958573932 
   7681.29   0.00106201587296 
   7686.35   0.00106294643141 
    7691.3   0.00107400833775 
   7696.26   0.00107426494075 
   7701.41   0.00107322590385 
   7706.46   0.00107273579331 
   7711.61   0.00106761818801 
   7716.66   0.00106831157351 
   7721.61   0.00106896853576 
   7726.57   0.00106730475452 
   7731.72   0.00106535478255 
   7736.77   0.00107023701689 
   7741.92   0.00107277209473 
   7746.97    0.0010843112545 
   7752.12   0.00112412114592 
   7757.27   0.00108297586059 
   7762.33   0.00105782863285 
   7767.48    0.0010564330031 
   7772.53   0.00105507556676 
   7777.58   0.00106016571631 
   7782.63   0.00105966535043 
   7787.78   0.00105945064084 
   7792.93   0.00105631608175 
    7797.9   0.00106421661807 
   7802.85   0.00105951356708 
    7808.0   0.00106173861062 
   7813.05   0.00106419100527 
    7818.1   0.00106575434666 
   7823.25   0.00106375870627 
    7828.3   0.00106045971293 
   7833.36   0.00104144634523 
   7838.31   0.00103970966695 
   7843.27   0.00104092040317 
   7848.41   0.00105647482835 
   7853.47   0.00105470644566 
   7858.62   0.00105483025233 
   7863.67   0.00105684439323 
   7868.62   0.00106857347822 
   7873.58   0.00107236379951 
   7878.73    0.0010831351526 
   7883.78   0.00110678112898 
   7888.83   0.00114411323857 
   7893.98    0.0011484589842 
   7899.13   0.00109110507137 
   7904.08    0.0010652202197 
   7909.04   0.00104407030967 
    7914.2   0.00103428168576 
   7919.34   0.00102760596106 
    7924.3   0.00102202197388 
   7929.45   0.00101817465289 
    7934.5   0.00101111310319 
   7939.55   0.00100255004504 
   7944.51  0.000997969600657 
   7949.46  0.000995922007768 
   7954.61   0.00100074783302 
   7959.66   0.00101066877148 
   7964.71   0.00101266042864 
   7969.86   0.00100555351032 
   7974.91     0.001009351542 
   7979.97   0.00101725832536 
   7984.93   0.00101433713451 
   7989.98   0.00101092828947 
   7995.03  0.000997786552194 
   8000.08  0.000997963790624 
   8005.23  0.000997143933139 
   8010.38  0.000994647839361 
   8015.43   0.00101901006538 
   8020.39   0.00101805432343 
   8025.64   0.00101485047762 
   8030.79    0.0010180444601 
   8035.84   0.00102421528712 
   8040.99   0.00103045121147 
   8046.14   0.00102757014102 
    8051.1    0.0010174044294 
   8056.05   0.00101251893881 
    8061.2   0.00101350992255 
   8066.16   0.00101294535555 
   8071.31   0.00100153616208 
   8076.36    0.0010028398895 
   8081.51   0.00100813442935 
   8086.56    0.0010099737407 
   8091.52   0.00101246678601 
   8096.47    0.0010141245403 
   8101.62   0.00101097935078 
   8106.67   0.00101216105654 
   8111.72   0.00101460696994 
   8116.87   0.00101484484334 
   8122.02   0.00101525471726 
   8126.98    0.0010354896899 
   8131.94   0.00103505271787 
   8137.09   0.00103204311672 
   8142.04   0.00102121896062 
   8147.19   0.00101668620197 
   8152.24   0.00100680694664 
   8157.29   0.00101787398839 
   8162.44  0.000980092634025 
    8167.4  0.000978256175343 
   8172.55  0.000979328168182 
    8177.7  0.000974919433634 
   8182.95   0.00100145293194 
    8188.0  0.000999511599541 
   8193.05    0.0010027575233 
   8198.11  0.000996419117306 
   8203.06  0.000990644351991 
   8208.11  0.000989453059294 
   8213.17   0.00099303842023 
   8218.22   0.00102385801822 
   8223.27   0.00102257396529 
   8228.42   0.00102766932798 
   8233.57    0.0010352572061 
   8238.53   0.00103389065869 
   8243.68   0.00102586440646 
   8248.93   0.00102204551763 
   8253.98   0.00101628201523 
   8259.13  0.000997563106733 
   8264.28   0.00100353956097 
   8269.43   0.00100159216067 
   8274.59  0.000997836392893 
   8279.54   0.00098943130065 
   8284.69  0.000987070527811 
   8289.84  0.000986632015729 
   8294.89  0.000992279942341 
   8299.94  0.000989615410849 
   8305.09  0.000986037309004 
   8310.25   0.00098236836714 
    8315.2   0.00100006955138 
   8320.35   0.00100134317872 
    8325.6   0.00100103994806 
   8330.65  0.000997299853702 
    8335.7  0.000976919766778 
   8340.75  0.000980666277241 
   8345.91  0.000984386820698 
   8350.87  0.000979487802078 
   8356.02   0.00104405764096 
   8361.17    0.0010114313516 
   8366.42   0.00100873918206 
   8371.47   0.00100733032207 
   8376.62   0.00100921644572 
   8381.77   0.00100594174369 
   8386.83   0.00100229421431 
   8391.88  0.000992769049391 
   8397.03   0.00100062199842 
   8402.18   0.00100674226597 
   8407.33   0.00101673399491 
   8412.38    0.0010450006579 
   8417.43   0.00105917878751 
   8422.39   0.00107292910571 
   8427.34    0.0010797287494 
   8432.49   0.00109635806926 
   8437.54   0.00110201301354 
   8442.59   0.00110598509408 
   8447.74   0.00110835876886 
   8452.89   0.00108161274351 
   8457.86   0.00108802389575 
    8463.0   0.00108763702022 
   8468.15   0.00106029733429 
    8473.3   0.00105905606307 
   8478.36   0.00105167442908 
   8483.41   0.00103201752057 
   8488.56   0.00105490574408 
   8493.71   0.00103702502501 
   8498.67   0.00101155597912 
   8503.82    0.0010086666086 
   8509.07   0.00101047462686 
   8514.12  0.000998476217276 
   8519.17  0.000994337576735 
   8524.22  0.000990823214181 
   8529.38  0.000977020127042 
   8534.33  0.000965333206848 
   8539.48  0.000941242746451 
   8544.63  0.000925636219071 
   8549.88  0.000890915059606 
   8555.03  0.000900600579411 
   8560.08  0.000899900748567 
   8565.04  0.000898514186002 
   8569.99  0.000965171923855 
   8575.14  0.000966906080828 
   8580.29   0.00097097301645 
   8585.44  0.000962863951109 
   8590.59  0.000954880946973 
   8595.84  0.000956272128644 
    8600.9  0.000952865858095 
   8605.85  0.000946737383515 
   8610.81  0.000949156173333 
   8615.96  0.000960954861858 
   8621.01  0.000966100619668 
   8626.06  0.000956806502406 
   8631.21   0.00095119444139 
   8636.36  0.000947496761327 
   8641.32  0.000946030919988 
   8646.47  0.000938826174975 
   8651.72  0.000935263958285 
   8656.77  0.000929668664732 
   8661.82  0.000915982844171 
   8666.87  0.000853062781851 
   8672.02  0.000862133657656 
   8677.18  0.000865886841641 
   8682.13  0.000864973668444 
   8687.28  0.000920958712383 
   8692.53  0.000918255936459 
   8697.68  0.000917871286666 
   8702.73  0.000918371761924 
   8707.88  0.000922792400425 
   8713.04  0.000920814299669 
   8717.99  0.000917647713295 
   8723.14  0.000918986666722 
   8728.29  0.000932019831524 
   8733.44  0.000928651868001 
   8738.49  0.000924128131661 
   8743.55  0.000928523604545 
    8748.5  0.000924116845557 
   8753.46  0.000924195381623 
   8758.61  0.000921999534633 
   8763.66  0.000921902721716 
   8768.71  0.000907318642596 
   8773.86  0.000905711211917 
   8779.01  0.000906615393186 
   8784.16  0.000903797229326 
   8789.12  0.000919127622793 
   8794.37  0.000917813083303 
   8799.42  0.000915533774029 
   8804.47  0.000907512603764 
   8809.52  0.000839636120766 
   8814.67  0.000846690844294 
   8819.83  0.000849807801007 
   8824.79  0.000845790912524 
   8829.93  0.000895574608657 
   8835.18  0.000897586675759 
   8840.23  0.000898134607424 
   8845.29  0.000899732746786 
   8850.34  0.000912065001595 
   8855.49  0.000912636329063 
   8860.65  0.000912322629446 
   8865.79  0.000910578082629 
   8870.95  0.000863617970039 
    8876.1  0.000862041881712 
   8881.15  0.000861560830368 
    8886.2  0.000865511670986 
   8891.25  0.000891821271088 
   8896.31  0.000890517723264 
   8901.26  0.000884063764857 
   8906.41  0.000877437067709 
   8911.56  0.000896864085591 
   8916.71  0.000884792727751 
   8921.96  0.000883895462936 
   8927.01  0.000882898469007 
   8932.17  0.000875709502473 
   8937.12  0.000877529297555 
   8942.27  0.000871212696604 
   8947.42  0.000870579686229 
   8952.67  0.000871301041764 
   8957.72  0.000867030805199 
   8962.87  0.000868157873565 
   8968.03  0.000862082380354 
   8973.08   0.00085844513669 
   8978.13  0.000853920939374 
   8983.28  0.000856146128345 
   8988.43  0.000858516787418 
   8993.58  0.000818334234263 
   8998.53  0.000819781847608 
   9003.69  0.000821473044138 
   9008.65  0.000824155522466 
    9013.6  0.000857620443087 
   9018.75  0.000861750324769 
    9023.8  0.000851258993335 
   9028.85  0.000854218927473 
    9034.0  0.000904003393767 
   9039.15  0.000906845016973 
   9044.11  0.000903980844698 
   9049.26  0.000902348592081 
   9054.41  0.000937213302036 
   9059.56  0.000968377002089 
   9064.61   0.00109335135918 
   9069.66    0.0014192122396 
   9074.81   0.00115209049707 
   9079.97  0.000937567204702 
   9084.92  0.000897815925596 
   9090.07  0.000879772866576 
   9095.32  0.000885181945052 
   9100.37  0.000890762003221 
   9105.42  0.000891639523218 
   9110.48  0.000888319742556 
   9115.63  0.000892497726209 
   9120.59  0.000893114808701 
   9125.74  0.000896193434168 
   9130.89  0.000894881602031 
   9136.14  0.000867356300859 
   9141.19  0.000868650470465 
   9146.34  0.000865800208647 
   9151.29   0.00087042289084 
   9156.25  0.000876455447122 
    9161.4  0.000902824276251 
   9166.55  0.000902191295302 
    9171.7  0.000898085203922 
   9176.85  0.000902323251855 
    9182.1  0.000915620455805 
   9187.15  0.000919792815866 
   9192.11  0.000918623995403 
   9197.06  0.000923766588997 
   9202.21  0.000932350453066 
   9207.26  0.000936489020447 
   9212.31  0.000933902243459 
   9217.46  0.000942733886422 
   9222.62  0.000949704154107 
   9227.58  0.000969504679365 
   9232.73  0.000962976056388 
   9237.88  0.000948351673979 
   9243.03   0.00091469078588 
   9248.08  0.000910563387639 
   9253.13  0.000895534671046 
   9258.28  0.000905515046014 
   9263.24  0.000913548753547 
   9268.39  0.000916922240515 
   9273.54  0.000914840021938 
   9278.79  0.000901313540653 
   9283.84  0.000896317463853 
   9288.99  0.000859671690569 
   9294.14  0.000854236663721 
    9299.3  0.000858900248125 
   9304.25  0.000855533872058 
    9309.4   0.00088145125653 
   9314.55  0.000873686659933 
    9319.7  0.000872122769254 
   9324.75  0.000868066180932 
    9329.8  0.000869387143526 
   9334.76  0.000870168268022 
   9339.71   0.00086313770659 
   9344.86  0.000867868166933 
   9350.01  0.000863951939614 
   9355.17  0.000850962704469 
   9360.31  0.000844105570684 
   9365.56  0.000841887619812 
   9370.62  0.000840265508237 
   9375.58  0.000839202399478 
   9380.53   0.00084030254004 
   9385.68  0.000836035453613 
   9390.73  0.000837233451234 
   9395.78  0.000830307248409 
   9400.93  0.000832174847614 
   9406.08  0.000833972530273 
   9411.04  0.000827600486584 
   9416.19  0.000835111324128 
   9421.44  0.000841790413148 
   9426.49  0.000843354656653 
   9431.54    0.0008402857064 
   9436.59  0.000833151497324 
   9441.74  0.000836946580169 
    9446.7  0.000839992062455 
   9451.85  0.000831096306075 
    9457.0  0.000839784724185 
   9462.25  0.000853338738495 
    9467.4  0.000854308373203 
   9472.45   0.00085397111372 
    9477.6   0.00085139107866 
   9482.76  0.000860941430338 
   9487.91  0.000858577488512 
   9493.06  0.000861262765948 
   9498.01  0.000857682832037 
   9503.16  0.000854774191934 
   9508.22  0.000871065574759 
   9513.27  0.000890326926225 
   9518.23  0.000939619741204 
   9523.18    0.0010925708906 
   9528.33   0.00157144462358 
   9533.38   0.00219114119676 
   9538.43   0.00131384080327 
   9543.58   0.00100370949806 
   9548.73  0.000931009588531 
   9553.89  0.000895386202697 
   9558.84  0.000889909099482 
   9564.09  0.000886737272659 
   9569.14   0.00088633234004 
   9574.19  0.000885067680839 
   9579.24  0.000879440090773 
   9584.39  0.000878191629545 
   9589.55  0.000878910031788 
   9594.51  0.000878443234246 
   9599.66  0.000863727086703 
    9604.9  0.000860068404018 
   9609.96  0.000853635664741 
   9615.01  0.000847612455556 
   9620.06  0.000845895197284 
   9625.21  0.000841259103908 
   9630.17  0.000837015680048 
   9635.32  0.000825548711163 
   9640.47  0.000818722461774 
   9645.62  0.000817812851914 
   9650.87  0.000809184808885 
   9655.92  0.000809444202798 
   9660.87   0.00080324723938 
   9665.83  0.000798479842646 
   9670.98  0.000797519740719 
   9676.13  0.000791359445755 
   9681.28  0.000804138117024 
   9686.43  0.000796255329569 
   9691.68  0.000792919318031 
   9696.73  0.000793009442592 
   9701.89  0.000785701229377 
   9706.84  0.000782699036556 
   9711.99  0.000786337444452 
   9717.14  0.000784512239923 
   9722.39  0.000774006270312 
   9727.44   0.00077183381781 
   9732.59  0.000767695210951 
   9737.75  0.000772196845693 
    9742.8  0.000770144466628 
   9747.85  0.000767946167976 
    9753.0  0.000768341303024 
   9758.15  0.000769410129011 
    9763.3  0.000766646727774 
   9768.25  0.000768715396481 
   9773.41  0.000767876265681 
   9778.37  0.000767945017345 
   9783.32  0.000766220384404 
   9788.47  0.000763173746894 
   9793.52  0.000760259653628 
   9798.57  0.000739826575868 
   9803.72  0.000766779175196 
   9808.87  0.000766612168125 
   9813.83  0.000774568628489 
   9818.98  0.000773338850199 
   9824.13  0.000790404410625 
   9829.28  0.000784038396524 
   9834.33  0.000772733048267 
   9839.38  0.000769956338027 
   9844.54  0.000781793790071 
   9849.49  0.000802905888702 
   9854.64  0.000824827914883 
   9859.79  0.000778298543253 
   9865.04  0.000777798980199 
   9870.09  0.000781834168271 
   9875.15  0.000787950809709 
    9880.2  0.000789470405815 
   9885.16  0.000793666665421 
   9890.21  0.000798854657883 
   9895.26  0.000799857670352 
   9900.31  0.000814880605903 
    9918.1  0.000868413157756 
   9938.36  0.000813598631332 
    9958.6  0.000839568940955 
   9978.81  0.000858407677348 
   9999.01  0.000867151387476 
  10019.21  0.000901207036893 
  10039.42  0.000923170776114 
  10059.62  0.000926695246092 
  10079.82  0.000899468970103 
  10100.03   0.00089457060964 
  10120.23  0.000907935830597 
  10140.43  0.000850773789773 
  10160.64  0.000816129003573 
  10180.84   0.00079392652675 
  10201.04  0.000787677987042 
  10221.25   0.00078027497554 
  10241.45  0.000773307077857 
  10261.65  0.000771767546646 
  10281.86  0.000793878957781 
  10302.11  0.000769523880187 
  10322.36  0.000785021247679 
  10342.57  0.000768894623587 
  10362.77  0.000750823828244 
  10382.97  0.000749799830228 
  10403.18  0.000762636635081 
  10423.38  0.000746192269119 
  10443.58  0.000744647371657 
  10463.79  0.000743459585541 
  10483.99   0.00075364562377 
  10504.19  0.000751426293046 
   10524.4  0.000752577426505 
   10544.6  0.000741166882524 
   10564.8  0.000739511003986 
  10585.01  0.000733024400566 
  10605.21  0.000733300957083 
  10625.41  0.000733428749099 
  10645.62  0.000742719187068 
  10665.86  0.000757542884576 
  10686.12  0.000775582088213 
  10706.33   0.00080782442239 
  10726.53  0.000850885645851 
  10746.73  0.000901929263322 
  10766.94  0.000937653892942 
  10787.14   0.00102486895152 
  10807.34   0.00117278805132 
  10827.55   0.00197872768237 
  10847.75   0.00137797764049 
  10867.96    0.0011513238411 
  10888.16   0.00106806354929 
  10908.36   0.00100093268299 
  10928.57  0.000989193645771 
  10948.77  0.000969698874598 
  10968.97    0.0009010516058 
  10989.17  0.000859744147124 
  11009.38   0.00080518175083 
  11029.61  0.000768105843414 
  11049.88  0.000741438924554 
  11070.09  0.000723606434343 
  11090.29  0.000719241647228 
  11110.49  0.000698657261699 
   11130.7  0.000692029720261 
   11150.9  0.000694035352799 
   11171.1  0.000694742893041 
  11191.31  0.000686658644542 
  11211.51   0.00069755016275 
  11231.72  0.000697765671953 
  11251.92  0.000701575264097 
  11272.12  0.000722139794059 
  11292.33  0.000724727645898 
  11312.53  0.000723734518596 
  11332.73  0.000709408037731 
  11352.94  0.000684272755848 
  11373.14  0.000683963150611 
  11393.37  0.000678101606217 
  11413.65  0.000673451239045 
  11433.85  0.000671299134842 
  11454.05  0.000672790229284 
  11474.26  0.000679612354105 
  11494.46  0.000668091551764 
  11514.66  0.000668310589075 
  11534.87  0.000665938532414 
  11555.07   0.00066591145841 
  11575.27  0.000666386611511 
  11595.48  0.000669820647947 
  11615.68  0.000674514135762 
  11635.88  0.000674340739078 
  11656.09  0.000668841854087 
  11676.29  0.000667336786024 
  11696.49  0.000661535367051 
   11716.7  0.000668501690925 
   11736.9  0.000661107095459 
  11757.12  0.000660615679818 
  11777.41  0.000648273479829 
  11797.61    0.0006581500182 
  11817.81  0.000655193793025 
  11838.02  0.000652858907366 
  11858.22  0.000659167017378 
  11878.42  0.000664388129353 
  11898.63  0.000654991705601 
  11918.83  0.000655192645183 
  11939.03  0.000650722010752 
  11959.24  0.000646682474165 
  11979.44  0.000641323427332 
  11999.64  0.000643236301933 
  12019.85  0.000648585059172 
  12040.05  0.000647548939509 
  12060.25  0.000649710212115 
  12080.46  0.000645386217293 
  12100.66   0.00064303025231 
  12120.88  0.000641911990858 
  12141.17  0.000642908826073 
  12161.37  0.000640929222624 
  12181.57    0.0006380997825 
  12201.78  0.000638390025677 
  12221.98  0.000642927905386 
  12242.18  0.000640289171826 
  12262.39  0.000642089076764 
  12282.59  0.000637198228174 
  12302.79  0.000634692402546 
   12323.0  0.000641133370213 
   12343.2  0.000638352821534 
   12363.4  0.000637281503632 
  12383.61  0.000635643995394 
  12403.81  0.000633264535042 
  12424.01  0.000638565681722 
  12444.22  0.000636312563466 
  12464.42  0.000636337900796 
  12484.64  0.000640310259658 
  12504.93  0.000640224491333 
  12525.13  0.000675579140897 
  12545.33  0.000643385989073 
  12565.54   0.00067069367966 
  12585.74   0.00064397633682 
  12605.94  0.000637813708977 
  12626.15  0.000643697255028 
  12646.35  0.000650622087699 
  12666.55  0.000661727840637 
  12686.76  0.000667568874195 
  12706.96   0.00068227510464 
  12727.17  0.000692647900659 
  12747.37  0.000712851379913 
  12767.57  0.000747659463812 
  12787.78  0.000804488828835 
  12807.98  0.000865742090753 
  12828.18  0.000895025699154 
  12848.39  0.000835537070063 
  12868.69  0.000812044781503 
  12888.89  0.000762201681903 
  12909.09  0.000717455571195 
   12929.3  0.000696466050984 
   12949.5   0.00068149505935 
  12969.71  0.000663987619002 
  12989.91  0.000609286261109 
  13010.11  0.000638871603018 
  13030.31  0.000635161957085 
  13050.52  0.000633657755028 
  13070.72  0.000628024835633 
  13090.92  0.000628203457238 
  13111.13  0.000630558517809 
  13131.33  0.000626135566283 
  13151.54  0.000624097623606 
  13171.74  0.000627542963962 
  13191.94   0.00062421592407 
  13212.15  0.000632582641234 
  13232.45   0.00062164482734 
  13252.65  0.000621595978966 
  13272.86  0.000624578200811 
  13293.06  0.000619967316336 
  13313.26  0.000618988433718 
  13333.47  0.000622356929118 
  13353.67  0.000612743338468 
  13373.87   0.00122970037808 
  13394.08   0.00062579953731 
  13414.28  0.000562548983847 
  13434.48  0.000624728603622 
  13454.69  0.000609027797006 
  13518.47  0.000621412323179 
  13567.98  0.000618625942299 
   13617.5  0.000618877189267 
  13667.02  0.000616518983627 
  13716.54  0.000614380080601 
  13766.06  0.000612457521552 
  13815.57   0.00060856874084 
  13865.09  0.000607086779378 
  13914.61  0.000605814472817 
  13964.13  0.000604750044125 
  14013.65  0.000600224909206 
  14081.19  0.000600268070073 
  14101.39  0.000580011888604 
   14121.6  0.000594453142968 
   14141.8  0.000592837138303 
   14162.0  0.000594180128938 
  14182.21  0.000582848102468 
  14202.41  0.000593951815672 
  14222.61  0.000594922049902 
  14242.82  0.000588316192371 
  14263.02   0.00059897438983 
  14283.22  0.000618603347431 
  14303.43   0.00066383085584 
  14323.72  0.000591919962813 
  14343.93  0.000593155731948 
  14364.14  0.000588798878668 
  14384.34  0.000585999937074 
  14404.54  0.000594099190284 
  14424.75  0.000597223828213 
  14444.95  0.000597316891228 
  14465.15  0.000589988849828 
  14485.36  0.000591724116847 
  14505.56  0.000597503163467 
  14525.76  0.000588102609156 
  14545.97  0.000587694576878 
  14566.17  0.000582788668812 
  14586.37  0.000585710741794 
  14606.58  0.000583765304909 
  14626.78  0.000583159902086 
  14646.98  0.000578924024234 
  14667.19   0.00058011459191 
  14687.48  0.000582873141948 
  14707.69  0.000578938756149 
   14727.9  0.000586841503932 
   14748.1  0.000583290278952 
   14768.3  0.000588416415253 
  14788.51  0.000584081772446 
  14808.71  0.000591873906752 
  14828.92  0.000591727844815 
  14849.12  0.000591941731709 
  14869.32  0.000593223750008 
  14889.53   0.00058810561692 
  14909.73  0.000588522588191 
  14929.93   0.00059173053994 
  14950.13  0.000589722297243 
  14970.34  0.000591124277158 
  14990.54  0.000586460377653 
  15010.75  0.000599601152608 
  15030.95  0.000589479128735 
  15051.24   0.00058946015202 
  15071.45  0.000595286948555 
  15091.66  0.000595704563319 
  15111.86  0.000592716206656 
  15132.06  0.000589896708943 
  15152.27  0.000593676277022 
  15172.47  0.000593725528195 
  15192.67  0.000592556738078 
  15212.88  0.000600643253504 
  15233.08  0.000600700997729 
  15253.29  0.000600511411695 
  15273.49  0.000598517666264 
  15293.69  0.000597044543427 
   15313.9  0.000599323200797 
   15334.1  0.000605805296973 
   15354.3  0.000600963217578 
  15374.51  0.000604984294346 
  15394.71  0.000599469370754 
   15415.0  0.000601187031222 
  15435.22  0.000598085131177 
  15455.42  0.000600235674519 
  15475.62  0.000599852653884 
  15495.83   0.00060038085658 
  15516.03  0.000596849341477 
  15536.23   0.00059741701913 
  15556.44  0.000599187219059 
  15576.64  0.000594607760899 
  15596.84    0.0005909161477 
  15617.05  0.000599088325189 
  15637.25  0.000596185838157 
  15657.45  0.000597863218294 
  15677.66  0.000597193471715 
  15697.86  0.000599009892188 
  15718.06  0.000600536126003 
  15738.27  0.000598241430703 
  15758.47  0.000593530664533 
  15778.75  0.000588242024079 
  15798.98  0.000592921849224 
  15819.18  0.000591104475323 
  15839.38  0.000589795860705 
  15859.59  0.000592992959726 
  15879.79  0.000590163538126 
  15899.99  0.000586009597528 
   15920.2  0.000590960600503 
   15940.4  0.000594184051509 
   15960.6  0.000593721650732 
  15980.81   0.00058889888344 
  16001.01  0.000591183563844 
  16021.21  0.000594083267765 
  16041.42  0.000596352140264 
  16061.62  0.000595328309958 
  16081.82  0.000595723688787 
  16102.03  0.000596780943473 
  16122.23  0.000591875465844 
  16142.51  0.000595030031724 
  16162.74  0.000595734100907 
  16182.94  0.000590388133172 
  16203.14    0.0005836500382 
  16223.35  0.000589730695037 
  16243.55  0.000591142603267 
  16263.75  0.000593279492771 
  16283.96  0.000595174700229 
  16304.16  0.000593292670984 
  16324.36  0.000589593633932 
  16344.57  0.000592553177766 
  16364.77  0.000590999376349 
  16384.97  0.000592668583598 
  16405.18  0.000591636907525 
  16425.38  0.000608148225611 
  16445.58  0.000618799429001 
  16465.79  0.000593576166262 
  16485.99  0.000591394686599 
  16506.27  0.000585739510049 
   16526.5   0.00064117041766 
   16546.7  0.000583331700036 
   16566.9  0.000588783134291 
  16587.11  0.000589958170258 
  16607.31  0.000586152613327 
  16627.52  0.000586341764306 
  16647.72  0.000585572801578 
  16667.92  0.000585084080046 
  16688.13  0.000584485789074 
  16708.33  0.000588636335389 
  16728.53  0.000588895839359 
  16748.73  0.000587811298672 
  16768.94  0.000596220415168 
  16789.14  0.000597340549628 
  16809.35  0.000599804113886 
  16829.55  0.000598139515804 
  16849.75  0.000595804557991 
  16870.03  0.000586081249543 
  16890.26   0.00059578545289 
  16910.46  0.000591315699102 
  16930.66   0.00059206324555 
  16950.87  0.000586650994886 
  16971.07  0.000586488550205 
  16991.28  0.000588035626607 
  17011.48  0.000590032597633 
  17031.68  0.000583791352086 
  17051.89  0.000582507394674 
  17072.09  0.000582640776927 
  17092.29  0.000580781461281 
   17112.5  0.000577615605063 
   17132.7  0.000582283391683 
   17152.9  0.000584588211015 
  17173.11  0.000581976801792 
  17193.31   0.00058218481486 
  17213.51  0.000573545306843 
  17233.79  0.000574463229542 
  17254.02  0.000572114578227 
  17274.22  0.000576033385783 
  17294.42  0.000574030569216 
  17314.63  0.000572446810934 
  17334.83  0.000572431947351 
  17355.04  0.000577186895587 
  17375.24  0.000579247431228 
  17395.44  0.000574948227735 
  17415.64  0.000570301761192 
  17435.85    0.0005730023691 
  17456.05  0.000571718011098 
  17476.26  0.000568271858993 
  17496.46  0.000560526831837 
  17516.66  0.000563865317973 
  17536.87   0.00056107753394 
  17557.07  0.000562895708163 
  17577.27  0.000561080929504 
  17597.55  0.000561299725979 
  17617.78  0.000557590239324 
  17637.98  0.000557622714565 
  17658.19  0.000565051005618 
  17678.39  0.000553535999302 
  17698.59  0.000562585718616 
  17718.79  0.000557622304338 
   17739.0  0.000563190025976 
   17759.2  0.000570699658599 
  17779.41  0.000566160073147 
  17799.61  0.000569416442656 
  17819.81  0.000567445065729 
  17840.02  0.000548040721077 
  17860.22  0.000557986200667 
  17880.42  0.000560796114014 
  17900.63  0.000567172397143 
  17920.83   0.00058153176026 
  17941.03  0.000557482879412 
  17961.31  0.000582375258606 
  17981.54  0.000582229098032 
  18001.74  0.000560818421716 
  18021.95  0.000512437423008 
  18074.14  0.000550065523299 
  18123.66  0.000549317500838 
  18173.18  0.000548576415986 
  18222.69  0.000546788483084 
  18272.21  0.000546066140519 
  18321.73  0.000545349863915 
  18371.25  0.000544640179379 
  18420.77  0.000542237460041 
  18470.28  0.000541549836444 
   18519.8  0.000540867635729 
  18569.32  0.000540191669933 
  18618.84  0.000536247778582 
  18668.36  0.000535600558318 
  18717.88  0.000534959236226 
  18767.39  0.000534324315505 
  18816.91   0.00053211978714 
  18866.43  0.000531503457943 
  18915.95  0.000530892429062 
  18965.47   0.00053028664278 
  19014.98  0.000530300312605 
   19064.5  0.000529701930405 
  19133.43   0.00051854069392 
  19153.63  0.000533483555781 
  19173.84  0.000522573759531 
  19194.04   0.00050413509241 
  19214.24  0.000517527676441 
  19234.45  0.000537347590857 
  19254.65  0.000512914729229 
  19274.86  0.000524590009645 
  19295.06  0.000518022674418 
  19315.26  0.000524170642324 
  19335.46  0.000525670018055 
  19355.67  0.000514771221591 
  19375.87  0.000523137101105 
  19396.08  0.000516669878527 
  19416.35  0.000525474834741 
  19436.58  0.000530902798214 
  19456.79  0.000528104854683 
  19476.99  0.000525141297851 
  19497.19  0.000524878941062 
   19517.4  0.000522490413717 
   19537.6  0.000526450673131 
   19557.8  0.000521736642268 
  19578.01  0.000542182954671 
  19598.21  0.000526071198663 
  19618.41  0.000559878336429 
  19638.62  0.000570405586056 
  19658.82  0.000518429924128 
  19679.02  0.000507838289298 
  19699.23  0.000503710946647 
  19719.43  0.000501072994435 
  19739.63  0.000500514313339 
  19759.84  0.000498315952715 
  19780.11  0.000495578112105 
  19800.34  0.000498490685297 
  19820.55  0.000488885441149 
  19840.75  0.000481243795917 
  19860.95  0.000476770193782 
  19881.16  0.000484791900218 
  19901.36  0.000492972943736 
  19921.56  0.000485341049637 
  19941.77  0.000478286507981 
  19961.97  0.000478005878027 
  19982.17  0.000478952341367 
  20002.38  0.000485685649938 
  20203.42  0.000494249594993 
  20401.49   0.00049086711389 
  20599.57  0.000486784625757 
  20797.64  0.000483231876575 
  20995.71  0.000478789930971 
  21193.79  0.000475323149155 
  21391.86  0.000471229892351 
  21589.93   0.00046741038095 
   21788.0  0.000462596717424 
  21986.08  0.000459102690614 
  22184.15  0.000454854283101 
  22382.22  0.000450678896481 
  22580.29  0.000447138143333 
  22778.37  0.000443092735202 
  22976.44  0.000432996642905 
  23174.51  0.000430214310392 
  23372.58  0.000419555998075 
  23570.66   0.00041435914201 
  23768.73  0.000413234014069 
   23966.8  0.000406709346742 
  24164.88  0.000403357408379 
  24362.95  0.000400751688002 
  24561.02  0.000395586723308 
  24759.09  0.000392842373064 
  24957.17  0.000383705281581 
  25155.24  0.000381141273815 
  25353.31  0.000379826032505 
  25551.38  0.000377627949821 
  25749.46  0.000376592361842 
  25947.53  0.000374046945056 
   26145.6  0.000372133160401 
  26343.68  0.000369445227756 
  26541.75  0.000367207719548 
  26739.82  0.000364734327831 
  26937.89  0.000362362061379 
  27135.97  0.000360085810613 
  27334.04   0.00035751133237 
  27532.11  0.000355271809477 
  27730.19  0.000352667352955 
  27928.26  0.000350462831244 
  28126.33  0.000348053125575 
   28324.4  0.000345881977836 
  28522.48   0.00034351414112 
  28720.55  0.000341167338643 
  28918.62  0.000338908103827 
   29116.7  0.000336604252415 
  29314.77  0.000334319521679 
  29512.84  0.000332057445351 
  29710.91  0.000329940415968 
  29908.99  0.000327532232912 
  30107.06    0.0003254526578 
  30305.13  0.000323328949922 
   30503.2  0.000321338534187 
  30701.28  0.000319305567819 
  30899.35  0.000317287884836 
  31097.42   0.00031528509175 
  31295.49  0.000313243097612 
  31493.57  0.000311218602849 
  31691.64  0.000309264393054 
  31889.71  0.000307376657899 
  32087.79  0.000305347590724 
  32285.86  0.000303437982666 
  32483.93  0.000301594653548 
   32682.0   0.00029971338504 
  32880.08  0.000298090834438 
  33078.15  0.000296235205875 
  33276.22  0.000293969923113 
   33474.3  0.000292057653082 
  33672.37  0.000290073322014 
  33870.44  0.000288196885819 
  34068.51  0.000286250955748 
  34266.59  0.000284493553377 
  34464.66  0.000282708186958 
  34662.73  0.000280814763007 
   34860.8  0.000279060702223 
  35058.88   0.00027724225076 
  35256.95  0.000275479670875 
  35455.02  0.000273694514254 
  35653.09  0.000271926091058 
  35851.17  0.000270210669302 
  36049.24  0.000268509881377 
  36247.31  0.000266824093556 
  36445.39  0.000265084011874 
  36643.46  0.000263394825111 
  36841.53  0.000261721238015 
  37039.61  0.000260062755026 
  37237.68  0.000258451332998 
  37435.75  0.000256791505076 
  37633.82  0.000255239126568 
  37831.89  0.000253639418577 
  38029.97   0.00025211262575 
  38228.04  0.000250540405504 
  38426.11  0.000248982244949 
  38624.19  0.000247410282451 
  38822.26  0.000245935245176 
  39020.33  0.000244444886873 
  39218.41  0.000242940487665 
  39614.55  0.000240745474683 
  39812.63   0.00023928107944 
   40010.7   0.00023768450928 
  40208.77  0.000236133005722 
  40406.84  0.000234601100116 
  40604.91  0.000233111125506 
  40802.99  0.000231661846492 
  41001.06  0.000230273994245 
  41199.13  0.000228923679722 
  41397.21  0.000227522030005 
  41595.28  0.000226114662939 
  41793.35   0.00022472397788 
  41991.42  0.000223349237994 
   42189.5  0.000221990410945 
  42387.57  0.000220707327757 
  42585.64  0.000219319516664 
  42783.71  0.000217817151969 
  42981.79  0.000216304583141 
  43179.86  0.000215152981166 
  43377.93  0.000213698460853 
   43576.0  0.000212519589358 
  43774.08  0.000211252489671 
  43972.15  0.000210032792077 
  44170.22  0.000208731040625 
   44368.3  0.000207539366966 
  44566.37  0.000206375782663 
  44764.44  0.000205150014268 
  44962.52  0.000204055473222 
  45160.59  0.000202928307913 
  45358.66  0.000201784328891 
  45556.73  0.000200722587951 
   45754.8  0.000199643160261 
  45952.88  0.000198479620231 
  46150.95  0.000197462645507 
  46349.02  0.000196402561626 
   46547.1   0.00019536584834 
  46745.17  0.000194390910062 
  46943.24  0.000193348200459 
  47141.32  0.000192328542866 
  47339.39  0.000191393567368 
  47537.46  0.000190331390846 
  47735.54   0.00018937725485 
  47933.61  0.000188419901237 
  48131.68   0.00018741280926 
  48329.75  0.000186543616084 
  48527.82  0.000185531976171 
   48725.9  0.000184587498652 
  48923.97  0.000183663308043 
  49122.04  0.000182736553024 
  49320.12  0.000181861864477 
  49518.19   0.00018091988075 
  49716.26  0.000180071581512 
  49914.33  0.000179159899176 
  50112.41  0.000178300548212 
  50310.48  0.000177415954769 
  50508.55  0.000176551955946 
  50706.63  0.000175715665806 
   50904.7  0.000174876746889 
  51102.77  0.000174042849169 
  51300.84  0.000173228104521 
  51498.91  0.000172392064946 
  51696.99  0.000171598646326 
  51969.24  0.000164405837757 
  52268.73  0.000166502725963 
  52568.21    0.0001702245266 
   52867.7  0.000165421374458 
  53167.29   0.00016073811831 
  53466.77  0.000165400757427 
  53766.25  0.000167712426806 
  54065.74   0.00016642933668 
  54365.23  0.000166501361565 
  54664.81   0.00015840764796 
   54964.3  0.000158466180075 
  55263.79  0.000155197733366 
  55563.27  0.000153667035428 
  55862.75  0.000163662191393 
  56162.34  0.000158215289319 
  56461.82   0.00015339167052 
  56761.31  0.000150498674644 
   57060.8  0.000148997051661 
  57360.29  0.000150413703872 
  57659.87  0.000150449492118 
  57959.36  0.000149847612997 
  58258.84  0.000147635489938 
  58558.32  0.000146401385342 
  58857.81  0.000148022548627 
   59157.4  0.000148434821298 
  59456.88  0.000148862871348 
  59756.37  0.000147339335686 
  60055.86  0.000145735708238 
  60355.34  0.000144643753053 
  60654.93  0.000142145822581 
  60954.41  0.000142781443367 
   61253.9  0.000139706363191 
  61553.39  0.000139428984493 
  61852.87   0.00013766030467 
  62152.46  0.000135498969049 
  62451.95  0.000135840737228 
  62751.43  0.000136399592583 
  63050.91  0.000136655642813 
   63350.4  0.000140041974411 
  63649.99  0.000135005735007 
  63949.47  0.000132591367482 
  64248.96  0.000126509326487 
  64548.45  0.000124036362087 
  64847.93  0.000128989021053 
  65147.51  0.000131708438721 
   65447.0  0.000130859457988 
  65746.48  0.000129802907444 
  66045.98   0.00012822859582 
  66345.46  0.000125695271878 
  66645.05  0.000122518455337 
  66944.53  0.000122773110339 
  67244.02  0.000122704393357 
   67543.5  0.000122767432855 
  67842.99  0.000121840897254 
  68142.58  0.000122530436006 
  68442.06  0.000120180011517 
  68741.55  0.000121542179574 
  69041.04  0.000119731715055 
  69340.52  0.000116437096113 
   69640.1  0.000124549039864 
  69939.59  0.000123995536192 
  70239.07  0.000118285175167 
  70538.55  0.000116587376937 
  70838.04  0.000116861585945 
  71137.62  0.000115579656563 
  71437.12  0.000114742019307 
   71736.6   0.00011237277353 
  72036.09  0.000113169485977 
  72335.57  0.000116115735087 
  72635.16  0.000114065851292 
  72934.64  0.000114926590905 
  73234.13  0.000114481535829 
  73533.62  0.000109699444859 
   73833.1  0.000108723130614 
  74132.69  0.000109577533593 
  74432.17  0.000111679635222 
  75031.14  0.000115791879795 
  75630.12   0.00012040878122 
  76229.19  0.000133509906233 
  76828.16  0.000118008181536 
  77427.13  0.000110903266908 
   78026.2  0.000111868539467 
  78625.18  0.000111248773687 
  79224.25  0.000109488392256 
  79823.22  0.000107984507116 
   80422.2  0.000105143206877 
  81021.26  0.000103237645252 
  81620.23  0.000101772988629 
  82219.21  0.000100398543091 
  82818.27  0.000101608956301 
  83417.25  9.80552013916e-05 
  84016.22  0.000104159572269 
   84615.3  0.000104108370365 
  85214.27   0.00010390076827 
  85813.34  0.000104245297101 
  86412.31  0.000103427958848 
  87011.29  0.000101518873998 
  87610.36  0.000100516336818 
  88209.33  9.91069538874e-05 
   88808.3  9.94674324064e-05 
  89407.36  0.000102438239645 
  90006.34  0.000103173562245 
  90605.31  9.99729916777e-05 
  91204.38  9.89719827491e-05 
  91803.35  9.91853553408e-05 
  92402.42  9.91537190422e-05 
  93001.39  9.99097085387e-05 
  93600.37  0.000100916932628 
  94199.43  0.000102008956246 
  94798.41  0.000105366423641 
  95397.38   0.00010528041794 
  95996.45    0.0001044434014 
  96595.42  0.000104688437088 
  97194.39  0.000104325885373 
  97793.47  0.000103911065721 
  98392.45  0.000105040719367 
  98991.52  0.000105724773852 
  99590.48  0.000106019161327 
 100189.46  0.000106298133554 
 100788.53  0.000105970098953 
  101387.5  0.000105639272965 
 101986.48  0.000105007074079 
 102585.54  0.000105719297044 
 103184.52  0.000106796485043 
 103783.48  0.000107082522698 
 104382.55  0.000111253718174 
 104981.53  0.000116291974786 
 105580.61  0.000110227125405 
 106179.57  0.000106889674917 
 106778.55  0.000106642465602 
 107377.63  0.000106513508057 
 107976.59  0.000106215451526 
 108575.56  0.000106411825169 
 109174.63  0.000105392774398 
 109773.61  0.000106206633305 
 110372.59   0.00010590375114 
 110971.64  0.000105054973883 
 111570.62  0.000105422610674 
 112169.69  0.000106748195752 
 112768.66  0.000105899684289 
 113367.63   0.00010481201295 
  113966.7  0.000104434117404 
 114565.67  0.000103625879184 
 115164.65  0.000102746333634 
 115763.71  0.000102359285621 
 116362.69  0.000101546086518 
 116961.66  0.000100335891737 
 117560.73  9.90612134062e-05 
  118159.7  9.92981184176e-05 
 118758.78  9.94537737468e-05 
 119357.75  9.90349581955e-05 
 119956.72   9.8590478774e-05 
  120555.8  9.82708402001e-05 
 121154.77  9.78352776944e-05 
 121753.74    9.767266711e-05 
  122352.8  9.75646452212e-05 
 122951.78  9.78370895505e-05 
 123550.76  9.72407724679e-05 
 124149.82  9.60303591269e-05 
  124748.8   9.5362158468e-05 
 125347.87  9.52101942852e-05 
 125946.84  9.47184814446e-05 
 126545.81  9.46493038521e-05 
 127144.88  9.52287574285e-05 
 127743.85  0.000101329833649 
 128342.83  0.000102266820436 
 128941.91  9.44375360528e-05 
 129540.87  9.23834132926e-05 
 130139.84  9.17946566917e-05 
 130738.91  9.21717720624e-05 
 131337.88  9.18430829451e-05 
 131936.84   9.1279479558e-05 
 132535.92  9.08434410676e-05 
 133134.89   9.0360515219e-05 
 133733.97  9.00847242499e-05 
 134332.94   8.9887921793e-05 
 134931.91  9.03841553022e-05 
 135530.98   9.0107074379e-05 
 136129.95  9.02751715614e-05 
 136728.92  8.99644938229e-05 
  137328.0  9.02195684778e-05 
 137926.97  9.02804156604e-05 
 138525.94  9.05765544756e-05 
 139337.75  9.40020187446e-05 
 140176.38  9.52919850706e-05 
 141015.03  9.49307187013e-05 
 141853.58  9.41911703264e-05 
  142692.2  0.000100907840866 
 143530.83  0.000102159840288 
 144369.38  9.77273480859e-05 
 145208.03  9.56960589669e-05 
 146046.67  9.58087888739e-05 
 146885.31   9.6236277092e-05 
 147723.84  9.54092309528e-05 
 148562.48  9.42959481899e-05 
 149401.13  9.44757656554e-05 
 150239.67  9.53406859027e-05 
 151078.31  9.47759748695e-05 
 151916.94  9.39190976373e-05 
 152755.48  9.36514029108e-05 
 153594.13  9.41782559295e-05 
 154432.78  9.64154211677e-05 
 155271.31  0.000103047346694 
 156109.95  0.000105473845658 
 156948.59  9.60645661657e-05 
 157787.13  9.63743566362e-05 
 158625.78  9.59791251548e-05 
 159464.41  9.52911523968e-05 
 160303.06  9.59422961336e-05 
 161141.59  9.59543354112e-05 
 161980.25  9.55394497665e-05 
 162818.85  9.72020802217e-05 
 163657.42  9.69824946573e-05 
 164496.06  9.66571739481e-05 
 165334.68  9.64181946912e-05 
 166173.25  9.52120641399e-05 
 167011.85  9.55436134145e-05 
 167850.51  9.58758706075e-05 
 168689.04  9.53240350714e-05 
  169527.7  9.54691811765e-05 
 170366.33  9.57340920735e-05 
 171204.85  9.61567780192e-05 
 172043.51  9.54361609085e-05 
 172882.16   9.5304671042e-05 
  173720.8  9.54039888761e-05 
 174559.33  9.42641462303e-05 
 175397.99  9.43427084864e-05 
 176236.61  9.33562898483e-05 
 177075.18  9.28272844961e-05 
 177913.82  9.23918350807e-05 
 178752.44  9.31498027639e-05 
 179590.99  9.34606124099e-05 
 180429.61   9.3320612583e-05 
 181268.27  9.12730552618e-05 
  182106.8  9.24862192009e-05 
 182945.44    9.300187745e-05 
 183784.08  9.25248575823e-05 
 184622.61  9.23160654852e-05 
 185461.27  9.20920980685e-05 
 186299.92  9.37454435707e-05 
 187138.56  9.65189566651e-05 
 187977.09  9.41510010856e-05 
 188815.73  9.16408568079e-05 
 189654.33  9.10276182743e-05 
 190492.92  9.02864417122e-05 
 191331.56  8.98026395079e-05 
 192170.18  8.82115315572e-05 
 193008.73  8.76029635858e-05 
 193847.37  8.81057660146e-05 
 194685.99  8.63494589679e-05 
 195524.56  8.68293412245e-05 
 196363.18  8.70682504275e-05 
 197201.81  8.68910685528e-05 
 198040.37  8.63653244123e-05 
 198878.99  8.57776562634e-05 
 199717.66   8.5735670229e-05 
  200556.3  8.41027855226e-05 
 201394.81  8.46449469081e-05 
 202233.47  8.33423549053e-05 
 203072.13   8.4032461129e-05 
 203910.66  8.17077242699e-05 
 205587.92  8.15276101804e-05 
 207265.13  8.07669498385e-05 
 208942.28  8.16806262007e-05 
 210619.56  8.18341067832e-05 
 212296.75  8.08525243362e-05 
 213974.04  7.91050500788e-05 
 215651.23  7.90992617567e-05 
  217328.4  7.96707148453e-05 
  219005.7   7.8838163718e-05 
 220682.87  7.83531047481e-05 
 222360.04  7.73948704806e-05 
  224037.3  7.67797527263e-05 
 225714.49  7.60361482165e-05 
 227391.78   7.5306310026e-05 
 229068.95  7.50960160635e-05 
 230746.14  7.33422555179e-05 
 232423.42  7.22570031486e-05 
 234100.61  7.16913516803e-05 
 235777.78  7.19849322989e-05 
 237455.04  7.13568754028e-05 
 239132.25   7.0389892275e-05 
 240809.52  6.96204683782e-05 
 242486.71  7.01364916636e-05 
 244163.88  7.01767642777e-05 
 245841.18   6.7333774953e-05 
 247518.35  6.63965208684e-05 
 249195.54   6.5729018338e-05 
  250872.8  6.43805803346e-05 
 252549.99  6.35915925813e-05 
 254227.28  6.30383230493e-05 
 255904.45  6.24288566527e-05 
 257581.63   6.5742291144e-05 
 259258.92     6.81722266e-05 
 260936.09  6.27124366158e-05 
 262613.28  5.95814285165e-05 
 264290.52  5.95023049817e-05 
 265967.71  5.94782304212e-05 
  267645.0  5.83887119301e-05 
 269322.19  5.70499046301e-05 
 270999.41  5.66463979843e-05 
 272676.66  5.67362165935e-05 
 274353.81   5.6385442587e-05 
  276031.0  5.55361874001e-05 
  277708.3    5.450311787e-05 
 279385.51  5.50244890549e-05 
 281062.76  5.37531421176e-05 
 282739.94  5.31687312895e-05 
 284417.13  5.27609993625e-05 
 286094.42  5.21336604232e-05 
 287771.57  5.15426440602e-05 
 289448.76  5.07219902674e-05 
 291126.02  5.03084091968e-05 
 292803.21  4.95208770899e-05 
  294480.5  4.93364268496e-05 
 296157.68  4.95377395768e-05 
 297834.87  4.85514502442e-05 
 299512.16   4.8254107627e-05 
 301189.35  4.77491355079e-05 
  302866.5   4.6277151947e-05 
 304543.78  4.67897616837e-05 
 306220.97  4.64715090305e-05 
 307898.25  4.62247722815e-05 
 309575.44   4.5544081495e-05 
 311252.59  4.50234019151e-05 
 312929.88   4.4868461308e-05 
 314607.09  4.45006351134e-05 
 316284.28  4.41514177335e-05 
 317961.52  4.36732206231e-05 
 319638.69  4.32972297842e-05 
 321315.99  4.32574144301e-05 
  322993.2  4.31396208315e-05 
 324670.37  4.28859935784e-05 
 326347.62  4.27753572923e-05 
 328024.83  4.21308905214e-05 
  329702.0  4.24704988629e-05 
 331379.32  4.17606946811e-05 
 333056.49  4.13522810961e-05 
 334733.73  4.25950632894e-05 
  336410.9  4.19209406071e-05 
 338088.11  4.03115405322e-05 
 339765.36  4.09560943161e-05 
 341442.53  4.00104127383e-05 
 343119.74  3.92587413384e-05 
 344797.02  3.88775083747e-05 
 346474.19  4.06573355358e-05 
