# NAME : ngc5548_64.00_ngc4138
906.69 9.656098e-03
911.61 1.264243e-02
916.53 1.183156e-02
921.46 1.830307e-02
926.38 1.899710e-02
931.3 2.530046e-02
936.23 2.652348e-02
941.15 4.110772e-02
946.07 4.049494e-02
951 5.175325e-02
955.92 6.038124e-02
960.84 5.760054e-02
965.77 5.842157e-02
970.69 1.969415e-02
975.61 2.721375e-02
980.54 5.730021e-02
985.46 5.314244e-02
990.38 5.882769e-02
995.31 5.495665e-02
1019.92 6.707073e-02
1024.85 3.832644e-02
1029.77 7.279438e-02
1034.7 7.802598e-02
1039.62 1.130000e-01
1044.54 8.920237e-02
1049.47 8.643269e-02
1054.39 8.302962e-02
1059.31 8.184990e-02
1064.24 6.593168e-02
1069.16 6.577223e-02
1074.08 7.837089e-02
1079.01 7.709638e-02
1083.93 6.627455e-02
1088.85 6.392036e-02
1093.78 7.892554e-02
1098.7 7.835718e-02
1103.62 7.537413e-02
1108.55 7.479879e-02
1113.47 7.237286e-02
1118.39 7.344806e-02
1123.32 6.712957e-02
1128.24 6.613614e-02
1133.16 8.143144e-02
1138.09 8.097779e-02
1143.01 7.568150e-02
1147.93 7.560381e-02
1152.86 7.896210e-02
1157.78 7.812224e-02
1164.45 8.255838e-02
1169.54 8.065150e-02
1174.63 6.221053e-02
1179.73 7.947244e-02
1184.82 8.319393e-02
1210.29 5.651939e-02
1215.38 9.054259e-02
1220.48 9.836698e-02
1225.58 8.507892e-02
1230.67 9.407484e-02
1235.77 8.219493e-02
1240.87 8.779791e-02
1245.97 9.126543e-02
1251.07 8.603434e-02
1256.17 8.401389e-02
1261.27 7.246578e-02
1266.37 7.141321e-02
1271.47 8.877605e-02
1276.58 8.711333e-02
1281.68 8.642914e-02
1286.78 8.710182e-02
1291.89 7.432699e-02
1296.99 7.395045e-02
1302.1 7.275630e-02
1307.2 7.281638e-02
1312.31 8.532658e-02
1317.42 8.678183e-02
1322.52 8.289034e-02
1327.63 8.236016e-02
1332.74 7.518212e-02
1337.85 7.538013e-02
1342.96 8.576223e-02
1348.07 8.643791e-02
1353.18 8.376764e-02
1358.29 8.324611e-02
1363.4 7.596225e-02
1368.51 7.545746e-02
1373.62 7.958863e-02
1378.74 7.829826e-02
1383.85 7.988962e-02
1388.96 7.974526e-02
1394.08 7.324803e-02
1399.19 7.296367e-02
1404.3 7.574338e-02
1409.42 7.386694e-02
1414.54 7.392439e-02
1419.65 7.342066e-02
1424.77 7.521263e-02
1429.89 7.396363e-02
1435 7.372323e-02
1440.12 7.709446e-02
1445.24 7.759439e-02
1450.36 7.765641e-02
1455.48 7.530228e-02
1460.6 7.139846e-02
1465.72 7.111594e-02
1470.84 7.022150e-02
1475.96 7.150247e-02
1481.08 7.395582e-02
1486.2 7.302767e-02
1491.32 7.518016e-02
1496.44 7.394470e-02
1501.56 7.075876e-02
1506.69 7.168269e-02
1511.81 6.512093e-02
1516.93 7.252453e-02
1522.06 6.896464e-02
1527.18 7.161625e-02
1532.31 6.930501e-02
1537.43 7.148069e-02
1542.56 7.746808e-02
1547.68 8.616921e-02
1552.81 8.847080e-02
1557.93 8.076245e-02
1563.06 7.955120e-02
1568.19 7.262002e-02
1573.31 7.105846e-02
1578.44 6.882758e-02
1583.57 7.122000e-02
1588.7 6.905769e-02
1593.82 6.952993e-02
1598.95 6.803796e-02
1604.08 6.662889e-02
1609.21 6.614500e-02
1614.34 6.540526e-02
1619.47 6.244530e-02
1624.6 6.200762e-02
1629.73 6.362410e-02
1634.86 6.441158e-02
1639.99 6.772657e-02
1645.12 6.501614e-02
1650.25 6.171030e-02
1655.38 6.124403e-02
1660.51 6.629802e-02
1665.65 6.647008e-02
1670.78 6.005724e-02
1675.91 6.575018e-02
1681.04 6.441110e-02
1686.18 6.589602e-02
1691.31 6.188579e-02
1696.44 6.134385e-02
1701.57 5.993241e-02
1706.71 5.910034e-02
1711.84 5.666996e-02
1716.98 5.750078e-02
1722.11 5.687859e-02
1727.24 5.724426e-02
1732.38 6.045682e-02
1737.51 5.967639e-02
1742.65 5.791028e-02
1747.78 5.784846e-02
1752.92 6.124027e-02
1758.05 6.300476e-02
1763.19 5.708899e-02
1768.32 5.711660e-02
1770.66 5.792392e-02
1776.56 5.774529e-02
1782.46 5.857668e-02
1788.37 5.840950e-02
1794.27 6.149952e-02
1800.17 6.147477e-02
1806.07 6.139544e-02
1811.98 5.755473e-02
1817.88 5.706010e-02
1823.78 5.800291e-02
1829.68 5.761611e-02
1835.58 5.599808e-02
1841.49 5.191307e-02
1847.39 5.170922e-02
1853.29 5.289886e-02
1859.19 5.219311e-02
1865.1 5.399797e-02
1871 5.772279e-02
1876.9 5.761236e-02
1882.8 5.507906e-02
1888.7 5.584259e-02
1894.61 5.536598e-02
1900.51 5.914854e-02
1906.41 6.087272e-02
1912.31 5.897548e-02
1918.22 5.552307e-02
1924.12 5.288279e-02
1930.02 5.156837e-02
1935.92 5.165798e-02
1941.82 5.372377e-02
1947.73 5.102108e-02
1977.24 5.463550e-02
1983.14 5.249280e-02
1989.04 5.212807e-02
1994.94 5.093422e-02
2000.85 5.195720e-02
2006.75 5.160732e-02
2012.65 5.051666e-02
2018.55 5.011358e-02
2024.45 5.162571e-02
2030.36 5.127398e-02
2036.26 4.952306e-02
2042.16 5.121358e-02
2048.06 5.093089e-02
2053.97 4.898304e-02
2059.87 4.949949e-02
2065.77 4.950636e-02
2071.67 5.261444e-02
2077.57 5.262662e-02
2083.48 5.478452e-02
2089.38 5.210118e-02
2095.28 5.149661e-02
2101.18 5.152521e-02
2107.09 5.130488e-02
2112.99 5.231547e-02
2118.89 5.241107e-02
2124.79 5.286144e-02
2130.69 5.245300e-02
2136.6 4.908174e-02
2142.5 5.064039e-02
2148.4 4.998941e-02
2154.3 5.134222e-02
2160.21 5.135210e-02
2166.11 4.983880e-02
2172.01 4.992595e-02
2177.91 4.961274e-02
2183.81 4.992765e-02
2189.72 4.994636e-02
2195.62 5.164698e-02
2201.52 5.057041e-02
2207.42 5.059536e-02
2213.33 4.768423e-02
2219.23 4.744783e-02
2225.13 4.806039e-02
2231.03 4.619820e-02
2236.93 5.145475e-02
2242.84 4.862886e-02
2248.74 4.834322e-02
2254.64 4.579913e-02
2260.54 4.674246e-02
2266.45 4.640437e-02
2272.35 4.877036e-02
2278.25 4.828259e-02
2284.15 5.060219e-02
2290.05 4.784391e-02
2295.96 4.792908e-02
2301.86 4.840575e-02
2307.76 4.792485e-02
2313.66 4.683846e-02
2319.56 4.674067e-02
2325.47 3.900378e-02
2331.37 3.951509e-02
2337.27 4.269853e-02
2343.17 3.975792e-02
2349.08 4.499391e-02
2354.98 4.577361e-02
2360.88 4.021236e-02
2366.78 4.019972e-02
2372.68 4.226587e-02
2378.59 4.203033e-02
2384.49 3.808273e-02
2390.39 3.840382e-02
2396.29 4.026922e-02
2402.2 3.949830e-02
2408.1 3.941127e-02
2414 4.082624e-02
2419.9 4.558539e-02
2425.8 4.542793e-02
2431.71 4.417890e-02
2437.61 4.407701e-02
2443.51 4.684238e-02
2449.41 4.666555e-02
2455.32 4.726400e-02
2461.22 4.578643e-02
2467.12 4.522562e-02
2473.02 4.380051e-02
2478.92 4.358402e-02
2484.83 4.225393e-02
2490.73 4.082543e-02
2496.63 4.048401e-02
2502.53 4.660783e-02
2508.44 3.964593e-02
2514.34 3.903269e-02
2520.24 3.925822e-02
2526.14 3.860720e-02
2532.04 4.032913e-02
2537.95 3.966618e-02
2543.85 3.943318e-02
2549.75 3.929082e-02
2555.65 4.515686e-02
2561.55 4.197074e-02
2567.46 4.240352e-02
2573.36 4.578103e-02
2579.26 4.562172e-02
2585.16 4.431988e-02
2591.07 4.318032e-02
2596.97 4.294412e-02
2602.87 4.122630e-02
2608.77 4.107459e-02
2614.67 4.008137e-02
2620.58 4.337209e-02
2626.48 4.317220e-02
2632.38 4.946272e-02
2638.28 4.897653e-02
2644.19 5.594320e-02
2650.09 6.281369e-02
2655.99 6.231076e-02
2661.89 5.127115e-02
2667.79 5.123878e-02
2673.7 5.455554e-02
2679.6 5.455970e-02
2685.5 5.696459e-02
2691.4 5.064510e-02
2697.31 5.063494e-02
2703.21 5.505359e-02
2709.11 4.885240e-02
2715.01 4.883140e-02
2720.91 4.883816e-02
2726.82 4.638014e-02
2732.72 5.066180e-02
2738.62 5.062356e-02
2744.52 4.105436e-02
2750.43 4.365889e-02
2756.33 4.374387e-02
2762.23 4.905778e-02
2768.13 4.979213e-02
2774.03 5.331166e-02
2779.94 5.471944e-02
2785.84 4.806064e-02
2791.74 3.950627e-02
2797.64 4.001323e-02
2803.55 4.195730e-02
2809.45 4.025788e-02
2815.35 5.156000e-02
2821.25 5.757136e-02
2827.15 5.709635e-02
2833.06 5.503168e-02
2838.96 5.447139e-02
2844.86 4.842170e-02
2850.76 4.184994e-02
2856.67 4.149273e-02
2862.57 5.411438e-02
2868.47 5.366329e-02
2874.37 6.008591e-02
2880.27 5.710499e-02
2886.18 5.669913e-02
2892.08 6.153360e-02
2897.98 6.115993e-02
2903.88 7.297352e-02
2909.78 7.285552e-02
2915.69 7.252961e-02
2921.59 6.769611e-02
2927.49 6.738110e-02
2933.39 6.698849e-02
2939.3 6.481602e-02
2945.2 6.459781e-02
2951.1 6.443338e-02
2957 6.396794e-02
2962.9 6.662954e-02
2968.81 6.653953e-02
2974.71 6.605003e-02
2980.61 6.733304e-02
2986.51 6.658496e-02
2992.42 6.643786e-02
2998.32 6.589468e-02
3004.22 6.336952e-02
3010.12 6.392721e-02
3016.02 6.628414e-02
3021.93 6.918611e-02
3027.83 6.882210e-02
3033.73 6.858873e-02
3039.63 6.845612e-02
3045.54 7.059763e-02
3051.44 7.064245e-02
3057.34 7.066089e-02
3063.24 7.402403e-02
3069.14 7.314901e-02
3075.05 7.296833e-02
3080.95 7.299191e-02
3086.85 7.291090e-02
3092.75 7.281299e-02
3098.66 7.252662e-02
3104.56 7.858748e-02
3110.46 7.863607e-02
3116.36 7.811531e-02
3122.26 7.525302e-02
3128.17 7.513569e-02
3134.07 7.446012e-02
3139.97 7.486392e-02
3145.87 7.486234e-02
3167.51 7.851814e-02
3187.19 7.123317e-02
3206.86 7.637737e-02
3226.54 6.825895e-02
3248.18 8.352166e-02
3254.08 8.336002e-02
3259.98 8.295861e-02
3265.88 9.283486e-02
3271.79 9.258349e-02
3277.69 9.228590e-02
3283.59 9.129376e-02
3289.49 9.098880e-02
3295.4 9.087042e-02
3301.3 8.817988e-02
3307.2 8.790353e-02
3313.1 8.749267e-02
3319 8.498259e-02
3324.91 8.473465e-02
3330.81 8.636779e-02
3336.71 7.900751e-02
3342.61 7.887616e-02
3348.52 9.311378e-02
3354.42 8.946363e-02
3360.32 6.831255e-02
3366.22 6.807954e-02
3372.12 7.927863e-02
3378.03 8.692717e-02
3383.93 8.585448e-02
3389.83 8.541190e-02
3395.73 8.639312e-02
3401.64 9.919808e-02
3407.54 8.673668e-02
3413.44 8.649821e-02
3419.34 8.035123e-02
3425.24 9.210874e-02
3431.15 1.021226e-01
3437.05 1.011252e-01
3442.95 8.689840e-02
3448.85 8.228553e-02
3454.75 8.973045e-02
3460.66 8.951537e-02
3466.56 8.165373e-02
3472.46 9.496319e-02
3478.36 8.487727e-02
3484.27 8.464721e-02
3490.17 9.194405e-02
3496.07 8.437946e-02
3501.97 9.823580e-02
3507.87 9.795015e-02
3513.78 8.886518e-02
3519.68 9.990891e-02
3525.58 7.750032e-02
3531.48 7.727302e-02
3537.39 9.595058e-02
3543.29 9.819136e-02
3549.19 9.794351e-02
3555.09 1.008916e-01
3560.99 9.378309e-02
3566.9 7.977240e-02
3572.8 7.945183e-02
3578.7 8.540188e-02
3584.6 7.102888e-02
3590.51 7.084205e-02
3596.41 9.001872e-02
3602.31 1.045572e-01
3608.21 8.181612e-02
3614.11 8.151390e-02
3620.02 9.608859e-02
3625.92 1.084960e-01
3631.82 1.022816e-01
3637.72 9.133343e-02
3643.63 9.652870e-02
3649.53 9.244097e-02
3655.43 9.755422e-02
3661.33 9.197236e-02
3667.23 1.064496e-01
3673.14 9.647679e-02
3679.04 1.005774e-01
3684.94 9.350717e-02
3690.84 1.002474e-01
3696.74 1.099731e-01
3702.65 8.444880e-02
3708.55 9.045091e-02
3714.45 1.028128e-01
3720.35 1.121562e-01
3726.26 1.752674e-01
3732.16 1.229270e-01
3738.06 9.077035e-02
3742.58 8.630398e-02
3748.36 8.455779e-02
3754.15 9.854448e-02
3759.94 1.055811e-01
3765.72 9.733545e-02
3771.51 1.105884e-01
3777.29 1.232540e-01
3783.08 1.259656e-01
3788.87 1.135305e-01
3794.65 9.860135e-02
3800.44 1.033919e-01
3806.22 1.199586e-01
3812.01 1.138443e-01
3817.8 1.037071e-01
3823.58 9.552024e-02
3829.37 8.581538e-02
3835.15 7.512249e-02
3840.94 8.603558e-02
3846.73 1.059933e-01
3852.51 1.130229e-01
3858.3 1.113030e-01
3864.09 1.222322e-01
3869.87 1.159964e-01
3875.66 1.119650e-01
3881.44 1.079030e-01
3887.23 1.073308e-01
3893.02 1.121540e-01
3898.8 1.155756e-01
3904.59 1.213917e-01
3910.37 1.299564e-01
3916.16 1.255928e-01
3921.95 1.084952e-01
3927.73 9.340047e-02
3933.52 7.658382e-02
3939.31 9.490222e-02
3945.09 1.129746e-01
3950.88 1.193761e-01
3956.66 1.140979e-01
3962.45 8.977670e-02
3968.24 7.941510e-02
3974.02 1.019083e-01
3979.81 1.317220e-01
3985.59 1.386844e-01
3991.38 1.504476e-01
3997.17 1.503939e-01
4002.95 1.542422e-01
4008.74 1.576833e-01
4014.52 1.631362e-01
4020.31 1.634962e-01
4026.1 1.651372e-01
4031.88 1.583026e-01
4037.67 1.608752e-01
4043.46 1.562269e-01
4049.24 1.651126e-01
4055.03 1.616581e-01
4060.81 1.533621e-01
4066.6 1.587060e-01
4072.39 1.577757e-01
4078.17 1.610621e-01
4083.96 1.653251e-01
4089.74 1.642856e-01
4095.53 1.519802e-01
4101.32 1.446520e-01
4107.1 1.488539e-01
4112.89 1.614479e-01
4118.67 1.602567e-01
4124.46 1.593472e-01
4130.25 1.629643e-01
4136.03 1.652484e-01
4141.82 1.606696e-01
4147.61 1.594508e-01
4153.39 1.554053e-01
4159.18 1.633806e-01
4164.96 1.610825e-01
4170.75 1.572941e-01
4176.54 1.568713e-01
4182.32 1.596842e-01
4188.11 1.634357e-01
4193.89 1.660568e-01
4199.68 1.548115e-01
4205.47 1.591249e-01
4211.25 1.681977e-01
4217.04 1.658146e-01
4222.82 1.610628e-01
4228.61 1.548448e-01
4234.4 1.609698e-01
4240.18 1.714008e-01
4245.97 1.630775e-01
4251.76 1.657961e-01
4257.54 1.590027e-01
4263.33 1.675875e-01
4269.11 1.594991e-01
4274.9 1.529716e-01
4280.69 1.634581e-01
4286.47 1.509172e-01
4292.26 1.468243e-01
4298.04 1.419534e-01
4303.83 1.334957e-01
4309.62 1.426352e-01
4315.4 1.591898e-01
4321.19 1.723346e-01
4326.98 1.628047e-01
4332.76 1.734562e-01
4338.55 1.657393e-01
4344.33 1.701095e-01
4350.12 1.713930e-01
4355.91 1.749462e-01
4361.69 1.840918e-01
4367.48 1.827705e-01
4373.26 1.750418e-01
4379.05 1.737125e-01
4384.84 1.614532e-01
4390.62 1.749510e-01
4396.41 1.753861e-01
4402.19 1.689229e-01
4407.98 1.715502e-01
4413.77 1.812462e-01
4419.55 1.877208e-01
4425.34 1.852915e-01
4431.13 1.870420e-01
4436.91 1.872587e-01
4442.7 1.870481e-01
4448.48 1.917879e-01
4454.27 1.865363e-01
4460.06 1.792818e-01
4465.84 1.864627e-01
4471.63 1.995643e-01
4477.41 2.003387e-01
4483.2 1.979902e-01
4488.99 1.999484e-01
4494.77 2.002494e-01
4500.56 2.097590e-01
4506.34 2.088302e-01
4512.13 2.080880e-01
4517.92 2.087906e-01
4523.7 2.008740e-01
4529.49 1.898897e-01
4535.28 1.892018e-01
4541.06 2.030650e-01
4546.85 1.998561e-01
4552.63 1.999056e-01
4558.42 2.076039e-01
4564.21 2.071681e-01
4569.99 2.113080e-01
4575.78 2.029390e-01
4581.56 2.005000e-01
4587.35 2.014181e-01
4593.14 2.062539e-01
4598.92 2.053622e-01
4604.71 2.082715e-01
4610.49 2.180343e-01
4616.28 2.164288e-01
4622.07 2.176995e-01
4627.85 2.177244e-01
4633.64 2.115664e-01
4639.43 2.070290e-01
4645.21 1.995646e-01
4651 2.051874e-01
4656.78 2.109235e-01
4662.57 2.033522e-01
4668.36 1.960136e-01
4674.14 2.007274e-01
4679.93 2.021772e-01
4685.71 2.026687e-01
4691.5 2.044439e-01
4697.29 1.997989e-01
4703.07 1.959430e-01
4708.86 1.970794e-01
4714.65 2.032127e-01
4720.43 2.075991e-01
4726.22 2.105643e-01
4732 2.044808e-01
4737.79 2.056989e-01
4743.58 2.085416e-01
4749.36 2.121238e-01
4755.15 2.079262e-01
4760.93 2.032013e-01
4766.72 2.077800e-01
4772.51 2.067128e-01
4778.29 2.163986e-01
4784.08 2.112585e-01
4789.86 2.099386e-01
4795.65 2.198779e-01
4801.44 2.180733e-01
4807.22 2.221774e-01
4813.01 2.176632e-01
4818.79 2.234707e-01
4824.58 2.213279e-01
4830.37 2.159267e-01
4836.15 2.172238e-01
4841.94 2.103599e-01
4847.73 2.080994e-01
4853.51 2.151398e-01
4859.3 2.248215e-01
4865.08 2.070534e-01
4870.87 1.951929e-01
4876.66 2.001837e-01
4882.44 2.061491e-01
4888.23 1.997865e-01
4894.01 2.087915e-01
4899.8 2.157075e-01
4905.59 2.136141e-01
4911.37 2.099370e-01
4917.16 2.038928e-01
4922.95 1.998686e-01
4928.73 2.146648e-01
4934.52 2.124417e-01
4940.3 2.072316e-01
4946.09 2.178789e-01
4951.88 2.245979e-01
4957.66 2.291071e-01
4963.45 2.197620e-01
4969.23 2.115204e-01
4975.02 2.141272e-01
4980.81 2.051483e-01
4986.59 2.027378e-01
4992.38 2.103259e-01
4998.16 2.164618e-01
5003.95 2.377657e-01
5009.74 2.497097e-01
5015.52 1.983623e-01
5021.31 1.956055e-01
5027.1 2.048971e-01
5032.88 2.102067e-01
5038.67 1.995913e-01
5044.45 1.975310e-01
5050.24 2.046165e-01
5056.03 2.085673e-01
5061.81 2.120189e-01
5067.6 2.037006e-01
5073.38 2.076357e-01
5079.17 2.016151e-01
5084.96 2.029068e-01
5090.74 2.041558e-01
5096.53 2.051442e-01
5102.31 2.005325e-01
5108.1 1.988271e-01
5113.89 2.028056e-01
5119.67 2.055061e-01
5125.46 1.911365e-01
5131.25 1.968296e-01
5137.03 1.961301e-01
5142.82 1.939063e-01
5148.6 1.954301e-01
5154.39 1.961977e-01
5160.18 1.994821e-01
5165.96 1.803882e-01
5171.75 1.649362e-01
5177.53 1.799413e-01
5183.32 1.745681e-01
5189.11 1.861419e-01
5194.89 1.970471e-01
5200.68 1.996002e-01
5206.47 1.910082e-01
5212.25 1.948821e-01
5218.04 2.066599e-01
5223.82 1.983698e-01
5229.61 2.021410e-01
5235.4 2.099801e-01
5241.18 2.131425e-01
5246.97 2.075028e-01
5252.75 2.055677e-01
5258.54 2.084242e-01
5264.33 1.940934e-01
5270.11 1.866610e-01
5275.9 2.055399e-01
5281.68 2.188512e-01
5287.47 2.231236e-01
5293.26 2.241376e-01
5299.04 2.128578e-01
5304.83 2.228828e-01
5310.62 2.305741e-01
5316.4 2.256396e-01
5322.19 2.206679e-01
5327.97 2.111162e-01
5333.76 2.161148e-01
5339.55 2.200325e-01
5345.33 2.169372e-01
5351.12 2.228018e-01
5356.9 2.342512e-01
5362.69 2.296176e-01
5368.48 2.168290e-01
5374.26 2.159608e-01
5380.05 2.248674e-01
5385.83 2.230957e-01
5391.62 2.163478e-01
5397.41 2.120873e-01
5403.19 2.087195e-01
5408.98 2.087200e-01
5414.77 2.182946e-01
5420.55 2.199531e-01
5426.34 2.156717e-01
5432.12 2.137896e-01
5437.91 2.179046e-01
5443.7 2.238520e-01
5449.48 2.098384e-01
5455.27 2.089068e-01
5461.05 2.162492e-01
5466.84 2.176113e-01
5472.63 2.160442e-01
5478.41 2.116032e-01
5484.2 2.211676e-01
5489.98 2.241673e-01
5495.77 2.217202e-01
5501.56 2.239778e-01
5507.34 2.157758e-01
5513.13 2.168358e-01
5518.92 2.158976e-01
5524.7 2.197405e-01
5530.49 2.166949e-01
5536.27 2.205393e-01
5542.06 2.190344e-01
5547.85 2.221341e-01
5553.63 2.249863e-01
5559.42 2.163114e-01
5565.2 2.160655e-01
5570.99 2.163331e-01
5576.78 2.192026e-01
5582.56 2.159200e-01
5588.35 2.047981e-01
5594.14 2.117619e-01
5599.92 2.130603e-01
5605.71 2.187912e-01
5611.49 2.219333e-01
5617.28 2.121998e-01
5623.07 2.123164e-01
5628.85 2.203903e-01
5634.64 2.187053e-01
5640.42 2.177472e-01
5646.21 2.219165e-01
5652 2.256566e-01
5657.78 2.210046e-01
5663.57 2.176109e-01
5669.35 2.214160e-01
5675.14 2.258797e-01
5680.93 2.223269e-01
5686.71 2.191194e-01
5692.5 2.225117e-01
5698.29 2.230488e-01
5704.07 2.138178e-01
5709.86 2.164749e-01
5715.64 2.223465e-01
5721.43 2.278389e-01
5727.22 2.278520e-01
5733 2.279786e-01
5738.79 2.268138e-01
5744.57 2.283234e-01
5750.36 2.299852e-01
5756.15 2.228253e-01
5761.93 2.236244e-01
5767.72 2.256269e-01
5773.5 2.207486e-01
5779.29 2.211270e-01
5785.08 2.129387e-01
5790.86 2.261304e-01
5796.65 2.252585e-01
5802.44 2.238736e-01
5808.22 2.290293e-01
5814.01 2.287603e-01
5819.79 2.233805e-01
5825.58 2.311132e-01
5831.37 2.297024e-01
5837.15 2.271638e-01
5842.94 2.277393e-01
5848.72 2.236400e-01
5854.51 2.128297e-01
5860.3 2.166534e-01
5866.08 2.255022e-01
5871.87 2.298159e-01
5877.66 2.239644e-01
5883.44 2.093772e-01
5889.23 1.928923e-01
5895.01 1.868539e-01
5900.8 1.987548e-01
5906.59 2.193454e-01
5912.37 2.137719e-01
5918.16 2.190526e-01
5923.94 2.178613e-01
5929.73 2.199720e-01
5935.52 2.165194e-01
5941.3 2.163957e-01
5947.09 2.182681e-01
5952.87 2.172555e-01
5958.66 2.197492e-01
5964.45 2.205536e-01
5970.23 2.213704e-01
5976.02 2.180177e-01
5981.81 2.116288e-01
5987.59 2.198387e-01
5993.38 2.229213e-01
5999.16 2.174036e-01
6004.95 2.140859e-01
6010.74 2.133287e-01
6016.52 2.134499e-01
6022.31 2.149214e-01
6028.09 2.231431e-01
6033.88 2.224820e-01
6039.67 2.197006e-01
6045.45 2.201326e-01
6051.24 2.197323e-01
6057.02 2.190916e-01
6062.81 2.197985e-01
6068.6 2.256327e-01
6074.38 2.236206e-01
6080.17 2.173809e-01
6085.96 2.158790e-01
6091.74 2.133381e-01
6097.53 2.160204e-01
6103.31 2.129734e-01
6109.1 2.189375e-01
6114.89 2.165814e-01
6120.67 2.109235e-01
6126.46 2.161043e-01
6132.24 2.108741e-01
6138.03 2.097176e-01
6143.82 2.160297e-01
6149.6 2.163667e-01
6155.39 2.118079e-01
6161.17 2.044447e-01
6166.96 1.977653e-01
6172.75 2.057023e-01
6178.53 2.102660e-01
6184.32 2.051683e-01
6190.11 2.040802e-01
6195.89 2.077892e-01
6201.68 2.138957e-01
6207.46 2.070068e-01
6213.25 2.071701e-01
6219.04 1.943398e-01
6224.82 2.029541e-01
6230.61 2.001081e-01
6236.39 2.049793e-01
6242.18 1.999259e-01
6247.97 1.990790e-01
6253.75 1.973126e-01
6259.54 1.985488e-01
6265.33 2.029548e-01
6271.11 2.077146e-01
6276.9 2.039208e-01
6282.68 2.046581e-01
6288.47 1.982876e-01
6294.26 2.119752e-01
6300.04 2.154672e-01
6305.83 2.127033e-01
6311.61 2.104171e-01
6317.4 2.065568e-01
6323.19 2.120740e-01
6328.97 2.122592e-01
6334.76 2.084720e-01
6340.54 2.151905e-01
6346.33 2.142982e-01
6352.12 2.148759e-01
6357.9 2.067629e-01
6363.69 2.035308e-01
6369.48 2.093020e-01
6375.26 2.123563e-01
6381.05 2.140984e-01
6386.83 2.128300e-01
6392.62 2.136082e-01
6398.41 2.142149e-01
6404.19 2.087340e-01
6409.98 2.077700e-01
6415.76 2.093331e-01
6421.55 2.082235e-01
6427.34 2.133758e-01
6433.12 2.107517e-01
6438.91 2.133528e-01
6444.69 2.114515e-01
6450.48 2.118648e-01
6456.27 2.150517e-01
6462.05 2.123285e-01
6467.84 2.171076e-01
6473.63 2.162814e-01
6479.41 2.156639e-01
6485.2 2.174376e-01
6490.98 2.045129e-01
6496.77 1.986592e-01
6502.56 2.112967e-01
6508.34 2.152660e-01
6514.13 2.173847e-01
6519.91 2.155466e-01
6525.7 2.172229e-01
6531.49 2.193658e-01
6537.27 2.181197e-01
6543.06 2.328028e-01
6548.85 2.392422e-01
6554.63 2.427142e-01
6560.42 3.151390e-01
6566.2 2.972543e-01
6571.99 2.283062e-01
6577.78 2.374106e-01
6583.56 2.895724e-01
6589.35 2.322827e-01
6595.13 2.136112e-01
6600.92 2.105700e-01
6606.71 2.103744e-01
6612.49 2.117319e-01
6618.28 2.141127e-01
6624.06 2.132878e-01
6629.85 2.115111e-01
6635.64 2.091049e-01
6641.42 2.101847e-01
6647.21 2.129717e-01
6653 2.088309e-01
6658.78 2.048181e-01
6664.57 2.078110e-01
6670.35 2.059881e-01
6676.14 2.045326e-01
6681.93 2.039880e-01
6687.71 2.041776e-01
6693.5 2.028064e-01
6699.28 2.046870e-01
6705.07 2.069452e-01
6710.86 2.213127e-01
6716.64 2.390769e-01
6722.43 2.216548e-01
6728.21 2.276954e-01
6734 2.264802e-01
6739.79 2.088769e-01
6745.57 2.008505e-01
6751.36 1.980121e-01
6757.15 1.997714e-01
6762.93 1.993332e-01
6768.72 1.923890e-01
6774.5 1.995095e-01
6780.29 1.990918e-01
6786.08 1.994712e-01
6791.86 1.902455e-01
6797.65 1.956574e-01
6803.43 1.996275e-01
6809.22 1.927392e-01
6815.01 2.032178e-01
6820.79 2.029220e-01
6826.58 2.024324e-01
6832.36 2.016933e-01
6838.15 2.013927e-01
6843.94 1.988299e-01
6849.72 1.986071e-01
6855.51 1.982104e-01
6861.3 1.944102e-01
6867.08 1.941093e-01
6872.87 1.936714e-01
6878.65 1.991760e-01
6884.44 1.987728e-01
6890.23 2.007924e-01
6896.01 2.005388e-01
6901.8 2.002089e-01
6907.58 2.011877e-01
6913.37 2.009401e-01
6919.16 2.005292e-01
6924.94 1.993430e-01
6930.73 1.990306e-01
6936.52 1.986982e-01
6942.3 2.053562e-01
6948.09 2.050157e-01
6953.87 2.018546e-01
6959.66 2.015245e-01
6965.45 2.011918e-01
6971.23 2.074974e-01
6977.02 2.071011e-01
6982.8 2.067120e-01
6988.59 2.078909e-01
6994.38 2.076229e-01
7000.16 2.072917e-01
7005.95 2.037119e-01
7011.73 2.033574e-01
7017.52 2.030573e-01
7023.31 2.073412e-01
7029.09 2.069738e-01
7034.88 2.076710e-01
7040.67 2.073753e-01
7046.45 2.069981e-01
7052.24 2.067245e-01
7058.02 2.062685e-01
7063.81 2.058369e-01
7069.6 1.916076e-01
7075.38 1.911279e-01
7081.17 1.909651e-01
7086.95 1.936861e-01
7092.74 1.933145e-01
7098.53 1.931016e-01
7104.31 1.954455e-01
7110.1 1.951729e-01
7115.88 1.952056e-01
7121.67 1.949963e-01
7127.46 1.947478e-01
7133.24 1.901813e-01
7139.03 1.899619e-01
7144.82 1.895253e-01
7150.6 1.870962e-01
7156.39 1.867631e-01
7162.17 1.864394e-01
7167.96 1.836673e-01
7173.75 1.832410e-01
7179.53 1.831162e-01
7185.32 1.861245e-01
7191.1 1.857828e-01
7196.89 1.854765e-01
7202.68 1.869452e-01
7208.46 1.866191e-01
7214.25 1.863510e-01
7220.04 1.934988e-01
7225.82 1.931875e-01
7231.61 1.955755e-01
7237.39 1.953381e-01
7243.18 1.948750e-01
7248.97 2.018759e-01
7254.75 2.015233e-01
7260.54 2.012423e-01
7266.32 1.991044e-01
7272.11 1.988402e-01
7277.9 1.985064e-01
7283.68 1.933231e-01
7289.47 1.929636e-01
7295.25 1.927143e-01
7298.87 1.996851e-01
7308.89 1.989895e-01
7318.73 2.002941e-01
7328.57 1.997578e-01
7338.4 2.029042e-01
7348.24 2.023623e-01
7358.08 2.046203e-01
7367.91 2.059667e-01
7381.81 2.052554e-01
7386.91 2.054209e-01
7392.01 2.050667e-01
7397.12 2.047441e-01
7402.23 2.045514e-01
7407.35 2.042789e-01
7412.47 2.039811e-01
7417.59 2.032452e-01
7422.71 2.029401e-01
7427.84 2.026795e-01
7432.98 2.024142e-01
7438.11 2.120303e-01
7443.25 2.117407e-01
7448.4 2.115130e-01
7453.54 2.131383e-01
7458.69 2.128845e-01
7463.85 2.125532e-01
7469 2.098715e-01
7474.17 2.095629e-01
7479.33 2.092764e-01
7484.5 2.090796e-01
7489.67 2.131772e-01
7494.85 2.128337e-01
7500.02 2.125282e-01
7505.21 2.122833e-01
7510.39 2.119973e-01
7515.58 2.117009e-01
7520.78 2.138231e-01
7525.97 2.135643e-01
7531.17 2.132606e-01
7536.38 2.129669e-01
7541.59 2.146530e-01
7546.8 2.144027e-01
7552.01 2.141307e-01
7557.23 2.114052e-01
7562.45 2.111138e-01
7567.68 2.108426e-01
7572.91 2.091742e-01
7578.14 2.089230e-01
7583.38 2.085919e-01
7588.62 2.083186e-01
7593.86 2.047350e-01
7599.11 2.044668e-01
7604.36 2.041242e-01
7609.62 2.038921e-01
7614.87 2.036241e-01
7620.14 2.033133e-01
7625.4 2.058587e-01
7630.67 2.055680e-01
7635.94 2.053383e-01
7641.22 2.050526e-01
7646.5 2.001846e-01
7651.78 1.999197e-01
7657.07 1.996161e-01
7662.36 1.966232e-01
7667.66 1.963520e-01
7672.96 1.960644e-01
7678.26 1.994447e-01
7683.56 1.992098e-01
7688.87 1.989164e-01
7694.19 1.986635e-01
7699.5 1.979769e-01
7704.82 1.976669e-01
7710.15 1.974420e-01
7715.48 1.918731e-01
7720.81 1.915860e-01
7726.14 1.914206e-01
7731.48 1.959643e-01
7736.83 1.957203e-01
7742.17 1.954936e-01
7747.52 1.952351e-01
7752.87 1.851139e-01
7758.23 1.848668e-01
7763.59 1.845119e-01
7768.96 1.959316e-01
7774.33 1.956603e-01
7779.7 1.953980e-01
7785.07 1.943070e-01
7790.45 1.940272e-01
7795.84 1.937322e-01
7801.22 1.934912e-01
7806.61 1.972523e-01
7812.01 1.969963e-01
7817.41 1.967169e-01
7822.81 1.996896e-01
7828.21 1.993688e-01
7833.62 1.990938e-01
7839.04 1.988063e-01
7844.45 1.985436e-01
7849.88 1.982971e-01
7855.3 1.980172e-01
7860.73 2.000404e-01
7866.16 1.997593e-01
7871.59 1.994949e-01
7877.03 1.960843e-01
7882.48 1.958486e-01
7887.92 1.956220e-01
7893.38 1.927777e-01
7898.83 1.924798e-01
7904.29 1.921566e-01
7909.75 1.918744e-01
7915.21 1.894379e-01
7920.68 1.891721e-01
7926.16 1.889164e-01
7931.64 1.908250e-01
7937.11 1.905726e-01
7942.6 1.903055e-01
7948.09 1.900709e-01
7953.58 1.897867e-01
7959.08 1.895624e-01
7964.58 1.893268e-01
7968.52 1.950635e-01
7974.47 1.945982e-01
7980.43 1.940632e-01
7986.39 1.971273e-01
7992.34 1.969400e-01
7998.29 1.966449e-01
8003.61 1.945512e-01
8010.51 1.940401e-01
8017.41 1.939204e-01
8024.31 1.988416e-01
8031.21 1.985010e-01
8038.11 1.983134e-01
8045.01 2.021237e-01
8051.9 2.017429e-01
8058.8 2.032908e-01
8065.7 2.030404e-01
8072.59 2.027206e-01
8079.48 1.985671e-01
8086.37 1.983374e-01
8093.26 1.980346e-01
8100.15 1.923662e-01
8107.04 1.919626e-01
8113.93 1.969401e-01
8120.82 1.964904e-01
8127.71 1.963565e-01
8134.59 1.952173e-01
8141.48 1.947999e-01
8148.36 1.944557e-01
8155.24 1.958789e-01
8162.12 1.957507e-01
8169.01 1.952476e-01
8175.89 1.937943e-01
8182.77 1.933350e-01
8189.65 1.943260e-01
8196.52 1.939858e-01
8203.4 1.939031e-01
8210.28 1.979559e-01
8217.15 1.975463e-01
8224.03 1.973199e-01
8230.9 1.787559e-01
8237.77 1.784872e-01
8244.65 1.781456e-01
8251.52 2.037893e-01
8258.39 2.034111e-01
8265.25 2.035305e-01
8272.13 2.032463e-01
8278.99 2.029095e-01
8285.86 1.972509e-01
8292.73 1.968777e-01
8299.59 1.964911e-01
8306.46 1.902123e-01
8313.32 1.898277e-01
8320.19 1.893827e-01
8327.05 1.892238e-01
8333.91 1.889250e-01
8340.77 1.886751e-01
8347.63 1.948194e-01
8354.49 1.945343e-01
8361.35 1.956488e-01
8368.21 1.953516e-01
8375.07 1.951302e-01
8381.92 1.938473e-01
8388.78 1.937003e-01
8395.64 1.934549e-01
8402.49 1.940829e-01
8409.35 1.937427e-01
8416.2 1.933658e-01
8423.05 1.934584e-01
8429.91 1.931733e-01
8436.75 1.928371e-01
8443.61 1.832488e-01
8450.46 1.829247e-01
8457.3 1.864329e-01
8464.15 1.860869e-01
8471.01 1.857889e-01
8477.85 1.906351e-01
8484.7 1.902811e-01
8491.54 1.899880e-01
8498.39 1.435934e-01
8505.23 1.431780e-01
8512.08 1.429313e-01
8518.92 1.791513e-01
8525.77 1.787469e-01
8532.6 1.784918e-01
8539.45 1.727658e-01
8546.29 1.723679e-01
8553.13 1.721639e-01
8559.97 1.835304e-01
8566.81 1.832789e-01
8573.65 1.830032e-01
8580.48 1.865635e-01
8587.33 1.862230e-01
8594.16 1.860071e-01
8601 1.848974e-01
8607.83 1.845390e-01
8614.67 1.865763e-01
8621.5 1.862407e-01
8628.33 1.858412e-01
8635.17 1.885655e-01
8642 1.882089e-01
8648.83 1.879300e-01
8655.67 1.813750e-01
8662.5 1.809692e-01
8669.33 1.806637e-01
8676.16 1.727577e-01
8683 1.725258e-01
8689.82 1.724069e-01
8696.65 1.829023e-01
8703.48 1.827490e-01
8710.31 1.823414e-01
8717.14 1.867924e-01
8723.96 1.865214e-01
8730.79 1.862524e-01
8737.62 1.818529e-01
8744.44 1.814412e-01
8751.27 1.811520e-01
8758.09 1.863791e-01
8764.92 1.861197e-01
8771.74 1.857414e-01
8778.57 1.875826e-01
8785.39 1.873461e-01
8792.21 1.870085e-01
8799.03 1.871712e-01
8805.86 1.869995e-01
8812.67 1.865516e-01
8819.5 1.911247e-01
8826.32 1.908596e-01
8833.14 1.905530e-01
8839.96 1.851387e-01
8846.78 1.847974e-01
8853.6 1.846130e-01
8860.41 1.890827e-01
8867.23 1.887420e-01
8874.06 1.883625e-01
8880.87 1.753014e-01
8887.69 1.752024e-01
8894.51 1.748472e-01
8901.33 1.798593e-01
8908.14 1.796536e-01
8914.95 1.792939e-01
8921.77 1.813939e-01
8928.58 1.812999e-01
8935.4 1.810104e-01
8942.22 1.823494e-01
8949.02 1.821254e-01
8955.84 1.817975e-01
8962.66 1.812788e-01
8969.47 1.808520e-01
8976.28 1.805904e-01
8983.09 1.754586e-01
8989.91 1.753057e-01
8996.72 1.749506e-01
9003.53 1.647979e-01
9010.34 1.644570e-01
9017.16 1.642011e-01
9023.96 1.712457e-01
9030.78 1.709735e-01
9037.59 1.706675e-01
9044.39 1.898838e-01
9051.21 1.897200e-01
9058.02 1.894630e-01
9064.83 1.786343e-01
9071.63 1.789600e-01
9078.44 1.788875e-01
9085.25 1.836422e-01
9092.06 1.830596e-01
9098.87 1.827701e-01
9105.68 1.811833e-01
9112.49 1.809793e-01
9119.29 1.808579e-01
9126.1 1.879834e-01
9132.91 1.878887e-01
9139.71 1.876945e-01
9146.52 1.772662e-01
9153.33 1.770084e-01
9160.14 1.768027e-01
9166.94 1.737452e-01
9173.75 1.735446e-01
9180.55 1.733004e-01
9187.36 1.730135e-01
9194.17 1.807603e-01
9200.97 1.804763e-01
9207.78 1.801254e-01
9214.58 1.689080e-01
9221.39 1.685456e-01
9228.2 1.684027e-01
9235 1.669406e-01
9241.81 1.667049e-01
9246.56 1.664959e-01
9251.9 1.773140e-01
9257.24 1.769233e-01
9262.58 1.765814e-01
9267.92 1.766289e-01
9273.26 1.825255e-01
9278.6 1.822822e-01
9283.93 1.821285e-01
9289.27 1.819343e-01
9294.61 1.621922e-01
9299.95 1.621322e-01
9305.29 1.618273e-01
9310.62 1.617596e-01
9315.96 1.827485e-01
9321.29 1.824375e-01
9326.63 1.821288e-01
9331.96 1.819585e-01
9337.3 1.818533e-01
9342.64 1.815692e-01
9347.97 1.815186e-01
9353.3 1.813272e-01
9358.64 1.810536e-01
9363.97 1.791743e-01
9369.31 1.789581e-01
9374.64 1.787217e-01
9379.97 1.784800e-01
9385.3 1.811970e-01
9390.64 1.810351e-01
9395.97 1.808572e-01
9401.31 1.807352e-01
9406.64 1.784896e-01
9411.97 1.782683e-01
9417.3 1.780235e-01
9422.63 1.778039e-01
9427.96 1.821449e-01
9433.29 1.819480e-01
9438.62 1.817602e-01
9443.95 1.815651e-01
9449.28 1.796841e-01
9454.61 1.795628e-01
9459.94 1.793648e-01
9465.27 1.791607e-01
9470.6 1.832311e-01
9475.93 1.829653e-01
9481.25 1.827601e-01
9486.58 1.825566e-01
9491.91 1.832034e-01
9497.24 1.830466e-01
9502.57 1.828238e-01
9507.89 1.826205e-01
9513.22 1.809297e-01
9518.55 1.809087e-01
9523.88 1.810963e-01
9529.2 1.818545e-01
9534.53 1.800614e-01
9539.85 1.800196e-01
9545.18 1.786371e-01
9550.5 1.772496e-01
9555.83 1.798232e-01
9561.16 1.795558e-01
9566.48 1.792280e-01
9571.81 1.790532e-01
9577.13 1.821313e-01
9582.45 1.819795e-01
9587.78 1.817455e-01
9593.1 1.815688e-01
9598.42 1.813980e-01
9603.75 1.798961e-01
9609.07 1.797010e-01
9614.39 1.795293e-01
9619.71 1.793743e-01
9625.04 1.808325e-01
9630.35 1.806071e-01
9635.68 1.804735e-01
9641 1.802077e-01
9646.32 1.780622e-01
9651.64 1.778309e-01
9656.96 1.776769e-01
9662.29 1.774439e-01
9667.6 1.780634e-01
9672.92 1.778981e-01
9678.25 1.777222e-01
9683.56 1.775218e-01
9688.88 1.797950e-01
9694.21 1.796068e-01
9699.52 1.794031e-01
9704.84 1.791717e-01
9710.16 1.773619e-01
9715.48 1.772076e-01
9720.8 1.769755e-01
9726.12 1.768290e-01
9731.43 1.766820e-01
9736.75 1.752990e-01
9742.07 1.750525e-01
9747.39 1.748923e-01
9752.7 1.746410e-01
9758.02 1.756927e-01
9763.34 1.754979e-01
9768.65 1.752842e-01
9773.96 1.751324e-01
9779.29 1.734150e-01
9784.6 1.732450e-01
9789.92 1.730314e-01
9795.23 1.728293e-01
9800.54 1.769905e-01
9805.86 1.768962e-01
9811.18 1.767210e-01
9816.49 1.765607e-01
9821.8 1.763059e-01
9827.11 1.757956e-01
9832.44 1.757343e-01
9837.74 1.754310e-01
9843.05 1.752424e-01
9848.36 1.763186e-01
9853.67 1.761707e-01
9858.99 1.760528e-01
9864.3 1.758531e-01
9869.61 1.752785e-01
9874.92 1.750478e-01
9880.23 1.748980e-01
9885.55 1.747318e-01
9890.86 1.733835e-01
9896.17 1.732312e-01
9901.48 1.730677e-01
9906.8 1.729820e-01
9912.11 1.728691e-01
9917.42 1.747057e-01
9922.73 1.744835e-01
9928.04 1.742445e-01
9933.35 1.740374e-01
9938.67 1.746286e-01
9943.98 1.745272e-01
9949.29 1.742827e-01
9954.6 1.740839e-01
9959.91 1.747988e-01
9965.23 1.745991e-01
9970.54 1.744887e-01
9975.85 1.742820e-01
9981.16 1.740370e-01
9986.47 1.739241e-01
9991.79 1.737851e-01
9997.1 1.735306e-01
10002.4 1.733710e-01
10007.7 1.736519e-01
10013 1.734136e-01
10018.4 1.732296e-01
10023.6 1.731143e-01
10028.9 1.728619e-01
10034.2 1.727044e-01
10039.5 1.725236e-01
10044.8 1.723692e-01
10050.1 1.722702e-01
10055.4 1.722392e-01
10060.7 1.720013e-01
10066 1.717433e-01
10071.4 1.715030e-01
10076.7 1.713306e-01
10082 1.711536e-01
10087.3 1.709714e-01
10092.6 1.707577e-01
10097.9 1.705986e-01
10103.2 1.705189e-01
10108.5 1.702988e-01
10113.8 1.733433e-01
10119.1 1.731369e-01
10124.4 1.730717e-01
10129.7 1.727880e-01
10135 1.726644e-01
10140.3 1.723472e-01
10145.6 1.721571e-01
10151 1.719722e-01
10156.3 1.714551e-01
10161.6 1.713365e-01
10166.9 1.710332e-01
10172.1 1.709017e-01
10177.4 1.707112e-01
10182.7 1.705220e-01
10188 1.703857e-01
10193.4 1.702733e-01
10198.7 1.700653e-01
10204 1.718690e-01
10209.3 1.717169e-01
10214.6 1.714680e-01
10219.9 1.713416e-01
10225.1 1.711823e-01
10230.4 1.709683e-01
10235.7 1.707477e-01
10241.1 1.706214e-01
10246.4 1.704631e-01
10251.7 1.719249e-01
10257 1.717249e-01
10262.3 1.715468e-01
10267.6 1.713420e-01
10272.8 1.711971e-01
10278.1 1.710252e-01
10283.5 1.708892e-01
10288.8 1.704500e-01
10294.1 1.702445e-01
10299.4 1.700230e-01
10304.7 1.697826e-01
10310 1.696834e-01
10315.2 1.695051e-01
10320.5 1.694188e-01
10325.9 1.692712e-01
10331.2 1.691737e-01
10336.5 1.689052e-01
10341.8 1.686177e-01
10347.1 1.684779e-01
10352.3 1.682136e-01
10357.6 1.680411e-01
10362.9 1.677941e-01
10368.3 1.676546e-01
10373.6 1.675240e-01
10378.9 1.673182e-01
10384.1 1.672198e-01
10389.4 1.670467e-01
10394.7 1.679591e-01
10400 1.677779e-01
10405.3 1.676777e-01
10410.6 1.674390e-01
10416 1.673023e-01
10421.2 1.670479e-01
10426.5 1.668576e-01
10431.8 1.667200e-01
10437.1 1.664957e-01
10442.4 1.664116e-01
10447.7 1.662439e-01
10453 1.660203e-01
10458.3 1.657540e-01
10463.6 1.657013e-01
10468.9 1.655250e-01
10474.2 1.654233e-01
10479.5 1.652202e-01
10484.7 1.650305e-01
10490 1.648717e-01
10495.3 1.646005e-01
10500.6 1.644566e-01
10506 1.643594e-01
10511.2 1.641595e-01
10516.5 1.640248e-01
10521.8 1.638693e-01
10527.1 1.636887e-01
10532.4 1.635085e-01
10537.7 1.633845e-01
10543 1.632092e-01
10548.3 1.630643e-01
10553.6 1.628672e-01
10558.9 1.627530e-01
10564.2 1.625955e-01
10569.5 1.624496e-01
10574.7 1.622631e-01
10580 1.620542e-01
10585.4 1.619228e-01
10590.7 1.617737e-01
10595.9 1.616147e-01
10601.2 1.617088e-01
10606.5 1.615441e-01
10611.8 1.613905e-01
10617.1 1.613516e-01
10622.4 1.611937e-01
10627.6 1.610559e-01
10633 1.610259e-01
10638.3 1.607590e-01
10643.6 1.607240e-01
10648.9 1.605908e-01
10654.1 1.603726e-01
10659.4 1.602248e-01
10664.7 1.601189e-01
10670 1.600193e-01
10675.3 1.598338e-01
10680.6 1.597853e-01
10685.9 1.595342e-01
10691.2 1.594846e-01
10696.5 1.592943e-01
10701.7 1.590954e-01
10707 1.590361e-01
10712.3 1.589081e-01
10717.7 1.588075e-01
10722.9 1.586938e-01
10728.2 1.585850e-01
10733.5 1.584428e-01
10738.8 1.584760e-01
10744.1 1.582281e-01
10749.3 1.580836e-01
10754.6 1.582065e-01
10760 1.579078e-01
10765.3 1.577270e-01
10770.5 1.576504e-01
10775.8 1.575071e-01
10781.1 1.574161e-01
10786.4 1.572537e-01
10791.7 1.571075e-01
10796.9 1.569654e-01
10802.3 1.569971e-01
10807.6 1.570315e-01
10812.9 1.575388e-01
10818.1 1.577870e-01
10823.4 1.583954e-01
10828.7 1.591812e-01
10834 1.603521e-01
10839.3 1.606367e-01
10844.6 1.593557e-01
10849.9 1.575857e-01
10855.2 1.564112e-01
10860.4 1.559053e-01
10865.7 1.556340e-01
10871 1.554507e-01
10876.3 1.551505e-01
10881.6 1.548939e-01
10886.8 1.547396e-01
10892.2 1.545472e-01
10897.5 1.543009e-01
10902.8 1.540409e-01
10908 1.538783e-01
10913.3 1.537515e-01
10918.6 1.535706e-01
10923.9 1.534243e-01
10929.2 1.532342e-01
10934.5 1.530855e-01
10939.8 1.531068e-01
10945.1 1.528820e-01
10950.3 1.527396e-01
10955.6 1.523771e-01
10960.9 1.522706e-01
10966.2 1.521237e-01
10971.5 1.519110e-01
10976.8 1.517482e-01
10982.1 1.514079e-01
10987.4 1.514372e-01
10992.6 1.513496e-01
10997.9 1.511247e-01
11003.2 1.509448e-01
11008.5 1.507827e-01
11013.8 1.499417e-01
11019.1 1.498919e-01
11024.4 1.496210e-01
11029.6 1.495699e-01
11034.9 1.492459e-01
11040.2 1.491491e-01
11045.5 1.488181e-01
11050.8 1.488566e-01
11056 1.486465e-01
11061.4 1.485369e-01
11066.7 1.484519e-01
11071.9 1.482060e-01
11077.2 1.480385e-01
11082.5 1.479434e-01
11087.8 1.476709e-01
11093.1 1.475401e-01
11099.4 1.475210e-01
11106.4 1.472952e-01
11112.8 1.471859e-01
11119.2 1.469680e-01
11125.5 1.468127e-01
11131.9 1.466267e-01
11138.4 1.464518e-01
11144.8 1.462881e-01
11151.2 1.460658e-01
11157.6 1.459390e-01
11164 1.457713e-01
11170.4 1.456743e-01
11176.8 1.454477e-01
11183.1 1.452938e-01
11189.5 1.450981e-01
11195.9 1.449392e-01
11202.3 1.457673e-01
11208.7 1.456203e-01
11215.1 1.454168e-01
11221.5 1.452993e-01
11227.9 1.451171e-01
11234.3 1.449493e-01
11240.7 1.447441e-01
11247.1 1.445226e-01
11253.5 1.443441e-01
11259.9 1.442161e-01
11266.3 1.440178e-01
11272.7 1.438528e-01
11279.1 1.437242e-01
11285.4 1.436045e-01
11291.8 1.434331e-01
11298.2 1.432944e-01
11304.6 1.430957e-01
11311 1.429657e-01
11317.4 1.428388e-01
11323.8 1.426412e-01
11330.2 1.424828e-01
11336.6 1.423366e-01
11343 1.421336e-01
11349.4 1.419813e-01
11355.7 1.417941e-01
11362.1 1.416613e-01
11368.5 1.414810e-01
11374.9 1.413344e-01
11381.3 1.411337e-01
11387.7 1.409395e-01
11394.1 1.408166e-01
11400.5 1.442100e-01
11406.8 1.440745e-01
11413.2 1.438976e-01
11419.6 1.437446e-01
11426 1.435636e-01
11432.4 1.434674e-01
11438.8 1.432671e-01
11445.1 1.431219e-01
11451.5 1.429802e-01
11457.9 1.428123e-01
11464.3 1.426862e-01
11470.7 1.425597e-01
11477.1 1.423689e-01
11483.5 1.421895e-01
11489.9 1.420097e-01
11496.3 1.418830e-01
11502.7 1.417286e-01
11509 1.415629e-01
11515.4 1.413996e-01
11521.8 1.412287e-01
11528.2 1.410800e-01
11534.5 1.409411e-01
11540.9 1.407610e-01
11547.3 1.406561e-01
11553.7 1.405184e-01
11560 1.403299e-01
11566.4 1.401580e-01
11572.8 1.400240e-01
11579.2 1.398607e-01
11585.6 1.397604e-01
11592 1.395379e-01
11598.3 1.397366e-01
11604.7 1.395630e-01
11611.1 1.394331e-01
11617.5 1.392681e-01
11623.8 1.391359e-01
11630.2 1.390014e-01
11636.6 1.388607e-01
11643 1.386389e-01
11649.4 1.385232e-01
11655.8 1.384037e-01
11662.1 1.382543e-01
11668.5 1.381095e-01
11674.9 1.379377e-01
11681.2 1.378129e-01
11687.6 1.376285e-01
11694 1.374795e-01
11700.4 1.373773e-01
11706.7 1.372209e-01
11713.1 1.370528e-01
11719.5 1.369096e-01
11725.9 1.367529e-01
11732.2 1.366051e-01
11738.6 1.364603e-01
11745 1.362975e-01
11751.4 1.361794e-01
11757.7 1.360587e-01
11764.1 1.358939e-01
11770.5 1.357055e-01
11776.9 1.355874e-01
11783.2 1.354130e-01
11789.6 1.352802e-01
11795.9 1.351391e-01
11802.3 1.349802e-01
11808.7 1.348397e-01
11815.1 1.347276e-01
11821.4 1.345549e-01
11827.8 1.344324e-01
11834.2 1.342338e-01
11840.6 1.340944e-01
11847 1.339826e-01
11853.3 1.338535e-01
11859.7 1.337277e-01
11866 1.335920e-01
11872.4 1.334471e-01
11878.8 1.333659e-01
11885.2 1.332291e-01
11891.5 1.331007e-01
11897.9 1.329153e-01
11904.2 1.327798e-01
11910.6 1.326025e-01
11917 1.324716e-01
11923.3 1.323251e-01
11929.7 1.321861e-01
11936.1 1.320296e-01
11942.4 1.319166e-01
11948.8 1.317721e-01
11955.2 1.316575e-01
11961.6 1.314811e-01
11967.9 1.313343e-01
11974.3 1.312078e-01
11980.6 1.310164e-01
11987 1.309039e-01
11993.4 1.307715e-01
11999.7 1.306578e-01
12006.1 1.316984e-01
12012.4 1.315390e-01
12018.9 1.314408e-01
12025.2 1.312839e-01
12031.5 1.311428e-01
12037.9 1.310422e-01
12044.3 1.308677e-01
12050.6 1.307448e-01
12057 1.306065e-01
12063.4 1.304888e-01
12069.7 1.303840e-01
12076.1 1.302291e-01
12082.4 1.300754e-01
12088.8 1.299094e-01
12095.2 1.298209e-01
12101.5 1.296681e-01
12107.9 1.295277e-01
12114.3 1.293944e-01
12120.6 1.292666e-01
12127 1.291267e-01
12133.4 1.290098e-01
12139.7 1.288565e-01
12146 1.287372e-01
12152.4 1.286268e-01
12158.8 1.284581e-01
12165.1 1.283756e-01
12171.5 1.282532e-01
12177.9 1.281030e-01
12184.2 1.279838e-01
12190.5 1.278340e-01
12196.9 1.294390e-01
12203.3 1.292943e-01
12209.6 1.291774e-01
12216 1.290237e-01
12222.4 1.289101e-01
12228.7 1.287707e-01
12235.1 1.286379e-01
12241.5 1.285393e-01
12247.8 1.283690e-01
12254.1 1.282706e-01
12260.5 1.281326e-01
12266.8 1.280086e-01
12273.2 1.278492e-01
12279.6 1.277069e-01
12285.9 1.276316e-01
12292.3 1.274799e-01
12298.6 1.273527e-01
12305 1.272020e-01
12311.4 1.270972e-01
12317.7 1.269897e-01
12324 1.268467e-01
12330.4 1.266916e-01
12336.8 1.265684e-01
12343.1 1.264246e-01
12349.5 1.263008e-01
12355.8 1.261745e-01
12362.2 1.260297e-01
12368.6 1.259227e-01
12374.9 1.257859e-01
12381.2 1.256407e-01
12387.6 1.255714e-01
12393.9 1.254467e-01
12400.3 1.258566e-01
12406.6 1.257333e-01
12413 1.255844e-01
12419.4 1.254644e-01
12425.7 1.253868e-01
12432 1.252445e-01
12438.4 1.250828e-01
12444.8 1.249536e-01
12451.1 1.248043e-01
12457.5 1.246890e-01
12463.8 1.245971e-01
12470.2 1.244974e-01
12476.5 1.243161e-01
12482.9 1.242149e-01
12489.2 1.241030e-01
12495.5 1.240075e-01
12501.9 1.239166e-01
12508.2 1.237724e-01
12514.6 1.236839e-01
12520.9 1.236113e-01
12527.3 1.234927e-01
12533.7 1.233271e-01
12540 1.231809e-01
12546.4 1.230072e-01
12552.7 1.228972e-01
12559.1 1.228171e-01
12565.4 1.228084e-01
12571.8 1.228139e-01
12578.1 1.227074e-01
12584.5 1.224384e-01
12590.8 1.222837e-01
12597.2 1.229170e-01
12603.5 1.228579e-01
12609.9 1.227226e-01
12616.1 1.226406e-01
12622.5 1.225101e-01
12628.9 1.224539e-01
12635.2 1.222984e-01
12641.6 1.221906e-01
12647.9 1.221216e-01
12654.3 1.219914e-01
12660.6 1.218531e-01
12667 1.217776e-01
12673.3 1.216725e-01
12679.6 1.215459e-01
12686 1.214617e-01
12692.3 1.213319e-01
12698.7 1.212353e-01
12705 1.211543e-01
12711.4 1.210425e-01
12717.7 1.209419e-01
12724.1 1.208682e-01
12730.4 1.207562e-01
12736.7 1.206591e-01
12743.1 1.205052e-01
12749.4 1.204314e-01
12755.8 1.202893e-01
12762.1 1.201867e-01
12768.5 1.200507e-01
12774.8 1.199256e-01
12781.2 1.198063e-01
12787.5 1.197433e-01
12793.9 1.196103e-01
12800.2 1.195171e-01
12806.6 1.201615e-01
12812.9 1.200942e-01
12819.2 1.201523e-01
12825.6 1.201658e-01
12831.9 1.200184e-01
12838.3 1.197524e-01
12844.6 1.194634e-01
12851 1.193107e-01
12857.2 1.191818e-01
12863.6 1.190212e-01
12869.9 1.189287e-01
12876.3 1.188656e-01
12882.6 1.187082e-01
12889 1.185320e-01
12895.3 1.184146e-01
12901.7 1.182176e-01
12908 1.181083e-01
12914.4 1.179222e-01
12920.7 1.178116e-01
12927 1.177287e-01
12933.4 1.175972e-01
12939.7 1.175098e-01
12946.1 1.173658e-01
12952.4 1.172941e-01
12958.8 1.171359e-01
12965.1 1.170316e-01
12971.5 1.169023e-01
12977.8 1.168238e-01
12984.2 1.166432e-01
12990.5 1.165344e-01
12996.8 1.164268e-01
13003.1 1.163035e-01
13009.5 1.175172e-01
13015.8 1.173573e-01
13022.1 1.172614e-01
13028.5 1.171833e-01
13034.8 1.170457e-01
13041.2 1.169035e-01
13047.5 1.168190e-01
13053.9 1.167169e-01
13060.2 1.165938e-01
13066.5 1.164800e-01
13072.9 1.163685e-01
13079.2 1.162700e-01
13085.6 1.161540e-01
13091.9 1.160277e-01
13098.3 1.158877e-01
13104.6 1.157403e-01
13110.9 1.156179e-01
13117.2 1.155086e-01
13123.5 1.154276e-01
13129.9 1.152541e-01
13136.2 1.151426e-01
13142.6 1.150204e-01
13148.9 1.149363e-01
13155.3 1.148109e-01
13161.6 1.147266e-01
13168 1.145958e-01
13174.3 1.145398e-01
13180.6 1.144284e-01
13187 1.142886e-01
13193.3 1.141584e-01
13199.6 1.140586e-01
13206 1.139882e-01
13212.3 1.138311e-01
13218.7 1.137915e-01
13225 1.136337e-01
13231.4 1.134837e-01
13237.7 1.134190e-01
13244 1.132832e-01
13250.3 1.131421e-01
13256.6 1.130461e-01
13263 1.129451e-01
13269.3 1.128253e-01
13275.7 1.127832e-01
13282 1.126190e-01
13286.7 1.126038e-01
13378.3 1.110020e-01
13427.5 1.116914e-01
13476.7 1.108748e-01
13525.9 1.100701e-01
13575.1 1.092773e-01
13624.2 1.092350e-01
13673.4 1.084600e-01
13722.6 1.076961e-01
13771.8 1.069436e-01
13821 1.054820e-01
13889.8 1.045661e-01
13897.9 1.045001e-01
13905.8 1.043507e-01
13913.9 1.042208e-01
13921.9 1.040913e-01
13929.8 1.039531e-01
13937.9 1.038389e-01
13945.8 1.037561e-01
13953.8 1.036002e-01
13961.8 1.035178e-01
13969.8 1.033535e-01
13977.8 1.032558e-01
13985.8 1.031468e-01
13993.8 1.030353e-01
14001.8 1.029070e-01
14009.8 1.020759e-01
14017.8 1.020011e-01
14025.7 1.018963e-01
14033.8 1.018239e-01
14041.8 1.016813e-01
14049.8 1.015411e-01
14057.7 1.014397e-01
14065.7 1.013246e-01
14073.7 1.011941e-01
14081.7 1.010773e-01
14089.7 1.009475e-01
14097.7 1.008779e-01
14105.7 1.007235e-01
14113.7 1.006105e-01
14121.6 1.005183e-01
14129.6 1.004035e-01
14137.6 1.002874e-01
14145.6 1.001727e-01
14153.6 1.000612e-01
14161.6 9.996169e-02
14169.6 9.985725e-02
14177.5 9.978521e-02
14185.5 9.964848e-02
14193.5 9.951076e-02
14201.5 9.940195e-02
14209.5 9.931232e-02
14217.5 1.003019e-01
14225.4 1.002002e-01
14233.4 1.000796e-01
14241.4 9.997708e-02
14249.4 9.981914e-02
14257.4 9.976818e-02
14265.4 9.966663e-02
14273.3 9.955228e-02
14281.3 9.941515e-02
14289.3 9.940211e-02
14297.2 9.930063e-02
14305.3 9.923222e-02
14313.2 9.910317e-02
14321.2 9.894502e-02
14329.2 9.880211e-02
14337.2 9.869589e-02
14345.1 9.857276e-02
14353.1 9.844560e-02
14361.1 9.831572e-02
14369.1 9.823278e-02
14377 9.813542e-02
14385 9.802972e-02
14393 9.794903e-02
14401 9.781037e-02
14408.9 9.769741e-02
14416.9 1.004854e-01
14424.9 1.004332e-01
14432.8 1.002964e-01
14440.8 1.002054e-01
14448.8 1.000916e-01
14456.8 9.995116e-02
14464.8 9.983039e-02
14472.7 9.970264e-02
14480.7 9.966875e-02
14488.7 9.957418e-02
14496.6 9.945563e-02
14504.6 9.936975e-02
14512.6 9.925417e-02
14520.5 9.910298e-02
14528.5 9.900049e-02
14536.5 9.891841e-02
14544.5 9.878303e-02
14552.4 9.868797e-02
14560.4 9.858308e-02
14568.4 9.847489e-02
14576.3 9.835053e-02
14584.3 9.826199e-02
14592.3 9.817546e-02
14600.2 9.803782e-02
14608.2 9.793791e-02
14616.2 9.716507e-02
14624.1 9.704948e-02
14632.1 9.694816e-02
14640 9.685585e-02
14648 9.674351e-02
14655.9 9.663138e-02
14663.9 9.654575e-02
14671.9 9.643605e-02
14679.9 9.635019e-02
14687.8 9.625055e-02
14695.8 9.614338e-02
14703.7 9.604143e-02
14711.7 9.593367e-02
14719.6 9.584255e-02
14727.6 9.575188e-02
14735.6 9.563595e-02
14743.6 9.555312e-02
14751.5 9.544290e-02
14759.4 9.532888e-02
14767.4 9.523516e-02
14775.4 9.515172e-02
14783.3 9.503971e-02
14791.3 9.493190e-02
14799.2 9.764388e-02
14807.2 9.758726e-02
14815.2 9.743333e-02
14823.1 9.732435e-02
14831 9.724179e-02
14839 9.716657e-02
14847 9.703983e-02
14855 9.694621e-02
14862.9 9.686084e-02
14870.8 9.676217e-02
14878.8 9.661720e-02
14886.8 9.650983e-02
14894.7 9.639841e-02
14902.7 9.630796e-02
14910.6 9.623568e-02
14918.6 9.612959e-02
14926.5 9.604516e-02
14934.5 9.595652e-02
14942.4 9.585601e-02
14950.4 9.576750e-02
14958.3 9.564720e-02
14966.3 9.556327e-02
14974.2 9.546138e-02
14982.2 9.535339e-02
14990.1 9.808355e-02
14998.1 9.797550e-02
15006 9.788555e-02
15014 9.780733e-02
15021.9 9.765462e-02
15029.9 9.752231e-02
15037.8 9.740327e-02
15045.8 9.726089e-02
15053.8 9.718840e-02
15061.7 9.708953e-02
15069.7 9.701861e-02
15077.6 9.689759e-02
15085.5 9.680295e-02
15093.5 9.671619e-02
15101.4 9.664159e-02
15109.3 9.652971e-02
15117.3 9.643433e-02
15125.3 9.632341e-02
15133.2 9.624192e-02
15141.2 9.612428e-02
15149.1 9.602420e-02
15157.1 9.594815e-02
15165 9.584074e-02
15172.9 9.573970e-02
15180.8 9.563745e-02
15188.8 9.556405e-02
15196.8 9.919180e-02
15204.7 9.906713e-02
15212.6 9.896413e-02
15220.6 9.886301e-02
15228.6 9.878440e-02
15236.5 9.868430e-02
15244.4 9.856471e-02
15252.4 9.847256e-02
15260.3 9.838107e-02
15268.3 9.828714e-02
15276.2 9.816674e-02
15284.1 9.808453e-02
15292.1 9.796926e-02
15300 9.786217e-02
15307.9 9.775185e-02
15315.9 9.768555e-02
15323.8 9.759764e-02
15331.8 9.752268e-02
15339.7 9.744446e-02
15347.6 9.733309e-02
15355.6 9.723855e-02
15363.5 9.712611e-02
15371.5 9.701818e-02
15379.4 9.690768e-02
15387.3 9.679827e-02
15395.3 9.669705e-02
15403.2 9.660868e-02
15411.1 9.807051e-02
15419.1 9.796798e-02
15427 9.787769e-02
15434.9 9.777149e-02
15442.9 9.768846e-02
15450.8 9.760564e-02
15458.8 9.754786e-02
15466.7 9.744465e-02
15474.6 9.730848e-02
15482.5 9.723674e-02
15490.5 9.713176e-02
15498.4 9.704102e-02
15506.4 9.692134e-02
15514.3 9.683472e-02
15522.2 9.671307e-02
15530.2 9.661047e-02
15538.1 9.653804e-02
15546 9.642476e-02
15554 9.632777e-02
15561.9 9.620624e-02
15569.9 9.613312e-02
15577.8 9.599974e-02
15585.7 9.592253e-02
15593.7 9.582620e-02
15601.6 9.572315e-02
15609.5 9.649612e-02
15617.4 9.640851e-02
15625.4 9.630751e-02
15633.3 9.624252e-02
15641.2 9.617016e-02
15649.2 9.606312e-02
15657.1 9.595943e-02
15665 9.585300e-02
15673 9.574774e-02
15680.9 9.565183e-02
15688.8 9.556603e-02
15696.8 9.544318e-02
15704.7 9.535545e-02
15712.6 9.526481e-02
15720.5 9.518309e-02
15728.5 9.509590e-02
15736.4 9.499981e-02
15744.3 9.488816e-02
15752.3 9.481193e-02
15760.1 9.468833e-02
15768.1 9.457024e-02
15776 9.449221e-02
15784 9.435697e-02
15791.9 9.425953e-02
15799.8 9.420630e-02
15807.8 9.370499e-02
15815.7 9.361936e-02
15823.6 9.352040e-02
15831.5 9.344558e-02
15839.4 9.332275e-02
15847.4 9.326853e-02
15855.3 9.318916e-02
15863.2 9.305829e-02
15871.2 9.299328e-02
15879.1 9.293127e-02
15887.1 9.282969e-02
15894.9 9.268972e-02
15902.9 9.258324e-02
15910.8 9.249912e-02
15918.7 9.240839e-02
15926.6 9.231306e-02
15934.6 9.222350e-02
15942.5 9.216972e-02
15950.4 9.209195e-02
15958.4 9.200386e-02
15966.2 9.186172e-02
15974.2 9.177102e-02
15982.1 9.172402e-02
15990 9.158748e-02
15998 9.151381e-02
16005.9 9.351448e-02
16013.8 9.342605e-02
16021.7 9.333572e-02
16029.7 9.323636e-02
16037.6 9.313640e-02
16045.5 9.306725e-02
16053.4 9.295808e-02
16061.4 9.288823e-02
16069.2 9.280236e-02
16077.2 9.272313e-02
16085.1 9.262348e-02
16093 9.257014e-02
16101 9.246898e-02
16108.9 9.240053e-02
16116.8 9.228436e-02
16124.7 9.221553e-02
16132.6 9.209738e-02
16140.5 9.200140e-02
16148.5 9.192800e-02
16156.4 9.184955e-02
16164.4 9.174773e-02
16172.2 9.169471e-02
16180.2 9.157677e-02
16188.1 9.149987e-02
16196 9.283216e-02
16203.9 9.268094e-02
16211.9 9.258989e-02
16219.7 9.250142e-02
16227.7 9.240835e-02
16235.6 9.237981e-02
16243.5 9.226167e-02
16251.4 9.218896e-02
16259.4 9.210510e-02
16267.2 9.201932e-02
16275.2 9.193063e-02
16283.1 9.187469e-02
16291.1 9.179317e-02
16298.9 9.172858e-02
16306.9 9.160172e-02
16314.8 9.154375e-02
16322.7 9.144066e-02
16330.6 9.134139e-02
16338.6 9.125966e-02
16346.4 9.119399e-02
16354.4 9.108253e-02
16362.3 9.099835e-02
16370.2 9.089875e-02
16378.1 9.081943e-02
16386.1 9.072909e-02
16394 9.062405e-02
16401.9 9.135390e-02
16409.8 9.127564e-02
16417.8 9.118685e-02
16425.6 9.107365e-02
16433.6 9.105205e-02
16441.5 9.104759e-02
16449.4 9.097481e-02
16457.3 9.087235e-02
16465.2 9.072367e-02
16473.1 9.060555e-02
16481.1 9.050208e-02
16489 9.044519e-02
16496.9 9.038546e-02
16504.8 9.027043e-02
16512.7 9.021582e-02
16520.6 9.010729e-02
16528.5 9.001565e-02
16536.5 8.994128e-02
16544.4 8.983115e-02
16552.3 8.975700e-02
16560.2 8.964885e-02
16568.2 8.959206e-02
16576 8.953142e-02
16584 8.945428e-02
16591.9 8.937519e-02
16599.8 8.928041e-02
16607.7 8.999840e-02
16615.6 8.990184e-02
16623.5 8.979791e-02
16631.5 8.971267e-02
16639.4 8.962079e-02
16647.2 8.955825e-02
16655.2 8.943684e-02
16663.1 8.938694e-02
16671.1 8.929338e-02
16678.9 8.918069e-02
16686.9 8.912072e-02
16694.8 8.903606e-02
16702.7 8.895155e-02
16710.6 8.886688e-02
16718.5 8.879729e-02
16726.4 8.873351e-02
16734.4 8.865397e-02
16742.3 8.854321e-02
16750.1 8.845310e-02
16758.1 8.838217e-02
16766 8.829996e-02
16774 8.822245e-02
16781.8 8.814868e-02
16789.7 8.810098e-02
16797.7 8.819937e-02
16805.6 8.810914e-02
16813.5 8.803931e-02
16821.4 8.795436e-02
16829.3 8.785098e-02
16837.2 8.775349e-02
16845.2 8.764361e-02
16853 8.759142e-02
16861 8.752364e-02
16868.9 8.745403e-02
16876.8 8.735845e-02
16884.7 8.725689e-02
16892.6 8.717470e-02
16900.6 8.710130e-02
16908.4 8.702719e-02
16916.4 8.693538e-02
16924.3 8.686657e-02
16932.2 8.676489e-02
16940.1 8.673332e-02
16948 8.663876e-02
16955.9 8.653767e-02
16963.9 8.644317e-02
16971.8 8.640870e-02
16979.6 8.632321e-02
16987.6 8.625469e-02
16995.5 8.578407e-02
17003.5 8.569776e-02
17011.3 8.565963e-02
17019.2 8.556642e-02
17027.2 8.548471e-02
17035.1 8.539695e-02
17043 8.532566e-02
17050.9 8.527305e-02
17058.8 8.515096e-02
17066.7 8.508807e-02
17074.7 8.497307e-02
17082.5 8.490869e-02
17090.5 8.484359e-02
17098.4 8.475927e-02
17106.2 8.468784e-02
17114.2 8.460880e-02
17122.1 8.456258e-02
17130.1 8.447007e-02
17137.9 8.440643e-02
17145.8 8.431567e-02
17153.8 8.424303e-02
17161.7 8.412102e-02
17169.6 8.408930e-02
17177.5 8.402911e-02
17185.4 8.394676e-02
17193.3 8.252717e-02
17201.3 8.244125e-02
17209.1 8.234595e-02
17217.1 8.231180e-02
17225 8.222156e-02
17232.9 8.214570e-02
17240.8 8.208625e-02
17248.7 8.198359e-02
17256.7 8.194808e-02
17264.5 8.185113e-02
17272.5 8.174553e-02
17280.4 8.169335e-02
17288.3 8.161899e-02
17296.2 8.155457e-02
17304.1 8.144626e-02
17312 8.137346e-02
17319.9 8.129442e-02
17327.9 8.119436e-02
17335.8 8.114915e-02
17343.7 8.106896e-02
17351.6 8.097457e-02
17359.5 8.086270e-02
17367.4 8.085396e-02
17375.3 8.078546e-02
17383.3 8.073930e-02
17391.2 7.995899e-02
17399.1 7.986407e-02
17407 7.982161e-02
17414.9 7.975681e-02
17422.8 7.966977e-02
17430.8 7.957737e-02
17438.6 7.949767e-02
17446.6 7.944814e-02
17454.5 7.938057e-02
17462.4 7.931807e-02
17470.3 7.924859e-02
17478.2 7.918512e-02
17486.2 7.909041e-02
17494 7.903697e-02
17502 7.896680e-02
17509.9 7.889029e-02
17517.8 7.879824e-02
17525.7 7.872709e-02
17533.6 7.863369e-02
17541.5 7.857275e-02
17549.5 7.852262e-02
17557.4 7.837053e-02
17565.3 7.831128e-02
17573.2 7.824369e-02
17581.1 7.818394e-02
17589 7.687974e-02
17596.9 7.683168e-02
17604.9 7.676797e-02
17612.8 7.669495e-02
17620.7 7.662676e-02
17628.6 7.651269e-02
17636.5 7.650717e-02
17644.4 7.639879e-02
17652.4 7.635481e-02
17660.3 7.627688e-02
17668.2 7.619669e-02
17676.1 7.616115e-02
17684 7.611147e-02
17691.9 7.608267e-02
17699.8 7.600919e-02
17707.8 7.592169e-02
17715.7 7.579777e-02
17723.6 7.577653e-02
17731.5 7.568210e-02
17739.5 7.561183e-02
17747.3 7.553160e-02
17755.2 7.547287e-02
17763.2 7.535153e-02
17771.1 7.533522e-02
17779 7.527598e-02
17786.9 7.522648e-02
17794.8 7.409915e-02
17802.8 7.411695e-02
17810.7 7.400581e-02
17818.6 7.397129e-02
17826.5 7.391887e-02
17834.4 7.376371e-02
17842.3 7.381791e-02
17850.3 7.367172e-02
17858.2 7.368416e-02
17866.1 7.359632e-02
17874 7.352716e-02
17881.9 7.347568e-02
17889.9 7.339884e-02
17895.8 7.333012e-02
17952.5 7.300144e-02
18001.7 7.100133e-02
18050.9 7.062378e-02
18100.1 7.024937e-02
18149.3 6.987793e-02
18198.5 6.950957e-02
18247.6 6.883415e-02
18296.8 6.847336e-02
18346 6.811538e-02
18395.2 6.776034e-02
18444.4 6.650787e-02
18522.5 6.602810e-02
18527.8 6.602949e-02
18533.1 6.601037e-02
18538.4 6.592425e-02
18543.7 6.590829e-02
18549 6.587137e-02
18554.4 6.585814e-02
18559.7 6.584098e-02
18565 6.575467e-02
18570.3 6.575471e-02
18575.6 6.573317e-02
18580.9 6.575026e-02
18586.2 6.575047e-02
18591.5 6.440899e-02
18596.8 6.434740e-02
18602.2 6.433066e-02
18607.5 6.435669e-02
18612.7 6.428179e-02
18618 6.425192e-02
18623.3 6.428821e-02
18628.6 6.422238e-02
18633.9 6.415567e-02
18639.2 6.412262e-02
18644.6 6.412663e-02
18649.9 6.412909e-02
18655.2 6.408844e-02
18660.5 6.410555e-02
18665.8 6.409081e-02
18671.1 6.403100e-02
18676.4 6.404574e-02
18681.7 6.401124e-02
18687 6.399370e-02
18692.4 6.386338e-02
18697.7 6.363040e-02
18703 6.365576e-02
18708.2 6.375273e-02
18713.5 6.373752e-02
18718.8 6.367187e-02
18724.1 6.360984e-02
18729.5 6.367760e-02
18734.8 6.367224e-02
18740.1 6.367887e-02
18745.4 6.362721e-02
18750.7 6.385047e-02
18756 6.381203e-02
18761.3 6.391768e-02
18766.6 6.400686e-02
18772 6.400018e-02
18777.3 6.382139e-02
18782.6 6.364089e-02
18787.8 6.348147e-02
18793.1 6.328223e-02
18798.4 6.317452e-02
18803.7 6.270148e-02
18809 6.264177e-02
18814.3 6.259080e-02
18819.7 6.257733e-02
18825 6.250341e-02
18830.3 6.238347e-02
18835.6 6.231200e-02
18840.9 6.234131e-02
18846.2 6.236949e-02
18851.5 6.224989e-02
18856.7 6.215768e-02
18862 6.206603e-02
18867.4 6.203362e-02
18872.7 6.204920e-02
18878 6.208771e-02
18883.3 6.205958e-02
18888.6 6.203288e-02
18893.9 6.183409e-02
18899.2 6.170796e-02
18904.5 6.166093e-02
18909.9 6.166573e-02
18915.2 6.167633e-02
18920.4 6.169404e-02
18925.7 6.166048e-02
18931 6.155242e-02
18936.3 6.153231e-02
18941.6 6.146012e-02
18947 6.143152e-02
18952.3 6.145143e-02
18957.6 6.138229e-02
18962.9 6.134011e-02
18968.2 6.131283e-02
18973.5 6.120208e-02
18978.7 6.120515e-02
18984 6.120529e-02
18989.4 6.114612e-02
18994.7 6.112258e-02
19000 6.094652e-02
19005.3 6.089012e-02
19010.6 6.083839e-02
19015.9 6.083097e-02
19021.2 6.080148e-02
19026.5 6.075287e-02
19031.7 6.068851e-02
19037.1 6.067549e-02
19042.4 6.065687e-02
19047.7 6.062127e-02
19053 6.058331e-02
19058.3 6.053864e-02
19063.6 6.052450e-02
19068.9 6.050453e-02
19074.2 6.046583e-02
19079.5 6.039554e-02
19084.8 6.037584e-02
19090.1 6.035359e-02
19095.4 6.029070e-02
19100.7 6.024889e-02
19106 6.023260e-02
19111.3 6.018764e-02
19116.6 6.014479e-02
19122 6.013503e-02
19127.3 6.007192e-02
19132.5 6.008157e-02
19137.8 6.004681e-02
19143.1 6.003579e-02
19148.4 6.001337e-02
19153.7 6.000505e-02
19159 5.995885e-02
19164.4 5.992005e-02
19169.7 5.987776e-02
19174.9 5.984406e-02
19180.2 5.980022e-02
19185.5 5.978489e-02
19190.8 5.972311e-02
19196.1 5.971826e-02
19201.4 5.901745e-02
19206.7 5.901150e-02
19212.1 5.896361e-02
19217.4 5.895289e-02
19222.6 5.890298e-02
19227.9 5.885088e-02
19233.2 5.882584e-02
19238.5 5.876820e-02
19243.8 5.872132e-02
19249.1 5.870670e-02
19254.5 5.867458e-02
19259.8 5.862445e-02
19265 5.859442e-02
19270.3 5.854963e-02
19275.6 5.850732e-02
19280.9 5.847941e-02
19286.2 5.843604e-02
19291.5 5.840353e-02
19296.9 5.837033e-02
19302.1 5.837014e-02
19307.4 5.831621e-02
19312.7 5.829121e-02
19318 5.823484e-02
19323.3 5.818123e-02
19328.6 5.815902e-02
19333.9 5.815569e-02
19339.2 5.808951e-02
19344.5 5.807560e-02
19349.8 5.804316e-02
19355.1 5.802204e-02
19360.4 5.798498e-02
19365.7 5.796403e-02
19371 5.791929e-02
19376.3 5.790554e-02
19381.5 5.785604e-02
19386.9 5.785980e-02
19392.2 5.781943e-02
19397.5 5.650659e-02
19402.8 5.645176e-02
19408.1 5.644441e-02
19413.4 5.638516e-02
19418.6 5.635628e-02
19424 5.631061e-02
19429.3 5.629474e-02
19434.6 5.626907e-02
19439.9 5.622742e-02
19445.2 5.619843e-02
19450.5 5.620546e-02
19455.7 5.615996e-02
19461 5.613221e-02
19466.3 5.610245e-02
19471.7 5.607977e-02
19477 5.602803e-02
19482.3 5.598647e-02
19487.5 5.595850e-02
19492.8 5.590689e-02
19498.1 5.589054e-02
19503.4 5.588189e-02
19508.7 5.584878e-02
19514 5.582368e-02
19519.4 5.579094e-02
19524.6 5.575446e-02
19529.9 5.571768e-02
19535.2 5.570621e-02
19540.5 5.568945e-02
19545.8 5.565637e-02
19551.1 5.561756e-02
19556.3 5.559911e-02
19561.7 5.555988e-02
19567 5.555823e-02
19572.3 5.553503e-02
19577.6 5.552613e-02
19582.9 5.551238e-02
19588.1 5.549524e-02
19593.4 5.547383e-02
19598.8 5.494547e-02
19604.1 5.492098e-02
19609.4 5.490101e-02
19614.7 5.489016e-02
19619.9 5.487455e-02
19625.2 5.489509e-02
19630.5 5.487624e-02
19635.8 5.485473e-02
19641.2 5.486036e-02
19646.5 5.481605e-02
19651.7 5.476548e-02
19657 5.467599e-02
19662.3 5.462966e-02
19667.6 5.460891e-02
19672.9 5.445473e-02
19678.2 5.452776e-02
19683.5 5.447913e-02
19688.8 5.444810e-02
19694.1 5.435721e-02
19699.4 5.437275e-02
19704.7 5.438320e-02
19710 5.434345e-02
19715.2 5.432585e-02
19720.5 5.425989e-02
19725.8 5.423899e-02
19731.1 5.418987e-02
19736.5 5.406549e-02
19741.8 5.405444e-02
19747 5.402523e-02
19752.3 5.400386e-02
19757.6 5.397445e-02
19762.9 5.397766e-02
19768.2 5.396607e-02
19773.5 5.393743e-02
19778.8 5.390619e-02
19784.1 5.387242e-02
19789.4 5.384109e-02
19794.7 5.380789e-02
19800 5.375846e-02
19805.2 5.303616e-02
19810.5 5.299151e-02
19815.8 5.296279e-02
19821.2 5.293459e-02
19826.5 5.289559e-02
19831.7 5.289612e-02
19837 5.287327e-02
19842.3 5.280834e-02
19847.6 5.278662e-02
19852.9 5.277132e-02
19858.2 5.274626e-02
19863.5 5.268758e-02
19868.8 5.265880e-02
19874.1 5.263406e-02
19879.4 5.260702e-02
19884.6 5.257524e-02
19889.9 5.254711e-02
19895.2 5.251593e-02
19900.5 5.248835e-02
19905.9 5.244779e-02
19911.2 5.242960e-02
19916.4 5.242276e-02
19921.7 5.238427e-02
19927 5.234681e-02
19932.3 5.232372e-02
19937.6 5.228875e-02
19942.9 5.223549e-02
19948.2 5.221929e-02
19953.5 5.221727e-02
19958.8 5.218710e-02
19964.1 5.216247e-02
19969.3 5.211464e-02
19974.6 5.209833e-02
19979.9 5.206219e-02
19985.2 5.204786e-02
19990.6 5.202489e-02
19995.8 5.200222e-02
20001.1 5.197803e-02
20006.4 5.195719e-02
20011.7 5.191996e-02
20017 5.189169e-02
20022.2 5.186337e-02
20027.5 5.182899e-02
20032.8 5.180721e-02
20038.2 5.178097e-02
20043.5 5.176466e-02
20048.7 5.173811e-02
20054 5.169979e-02
20059.3 5.168016e-02
20064.6 5.167199e-02
20069.8 5.162070e-02
20075.2 5.160162e-02
20080.5 5.154953e-02
20085.8 5.156278e-02
20091.1 5.151296e-02
20096.3 5.150176e-02
20101.6 5.147227e-02
20106.9 5.144789e-02
20112.2 5.141118e-02
20117.5 5.140023e-02
20122.8 5.136833e-02
20128.1 5.134887e-02
20133.4 5.132591e-02
20138.7 5.130619e-02
20144 5.127577e-02
20149.2 5.124470e-02
20154.5 5.122138e-02
20159.9 5.120663e-02
20165.2 5.117783e-02
20170.4 5.114555e-02
20175.7 5.112213e-02
20181 5.108770e-02
20186.3 5.106901e-02
20191.6 5.104736e-02
20196.8 5.034010e-02
20202.1 5.032086e-02
20207.5 5.027635e-02
20212.8 5.026060e-02
20218 5.022547e-02
20223.3 5.019762e-02
20228.6 5.017462e-02
20233.9 5.014121e-02
20239.2 5.011682e-02
20244.5 5.008555e-02
20249.8 5.005596e-02
20255.1 5.003565e-02
20260.4 5.002185e-02
20265.6 4.998724e-02
20270.9 4.997687e-02
20276.2 4.996081e-02
20281.5 4.992277e-02
20286.7 4.989209e-02
20292.1 4.988340e-02
20297.4 4.984485e-02
20302.7 4.981581e-02
20308 4.980303e-02
20313.2 4.976736e-02
20318.5 4.974338e-02
20323.8 4.973456e-02
20329.2 4.970201e-02
20334.4 4.967074e-02
20339.7 4.969182e-02
20345 4.964785e-02
20350.3 4.962154e-02
20355.5 4.959934e-02
20360.8 4.957646e-02
20366.1 4.954205e-02
20371.5 4.949719e-02
20376.8 4.945677e-02
20382 4.943879e-02
20387.3 4.943183e-02
20392.6 4.939291e-02
20397.9 4.939280e-02
20403.1 4.934594e-02
20408.4 4.944049e-02
20413.7 4.942755e-02
20419.1 4.938015e-02
20424.3 4.937575e-02
20429.6 4.933490e-02
20434.9 4.932351e-02
20440.2 4.928920e-02
20445.4 4.926742e-02
20450.7 4.923123e-02
20456 4.922031e-02
20461.4 4.918402e-02
20466.6 4.917014e-02
20471.9 4.912762e-02
20477.2 4.912092e-02
20482.5 4.907153e-02
20487.7 4.904775e-02
20493 4.903010e-02
20498.3 4.901183e-02
20503.7 4.897226e-02
20509 4.894577e-02
20514.2 4.892679e-02
20519.5 4.890073e-02
20524.8 4.888796e-02
20530.1 4.885443e-02
20535.3 4.882739e-02
20540.6 4.880624e-02
20546 4.878469e-02
20551.3 4.874445e-02
20556.5 4.872627e-02
20561.8 4.872281e-02
20567.1 4.867171e-02
20572.4 4.865137e-02
20577.6 4.861864e-02
20582.9 4.860993e-02
20588.2 4.859030e-02
20593.6 4.815351e-02
20598.8 4.813159e-02
20604.1 4.810920e-02
20609.4 4.807243e-02
20614.6 4.804044e-02
20619.9 4.801434e-02
20625.2 4.798113e-02
20630.5 4.796443e-02
20635.8 4.791417e-02
20641.1 4.791322e-02
20646.4 4.788223e-02
20651.7 4.786456e-02
20656.9 4.783573e-02
20662.2 4.780140e-02
20667.5 4.780260e-02
20672.9 4.778747e-02
20678.1 4.775050e-02
20683.4 4.771836e-02
20688.7 4.769306e-02
20694 4.767625e-02
20699.2 4.764362e-02
20704.5 4.761012e-02
20709.8 4.759880e-02
20715.2 4.758420e-02
20720.4 4.756568e-02
20725.7 4.751413e-02
20731 4.750956e-02
20736.3 4.748279e-02
20741.5 4.748202e-02
20746.8 4.745595e-02
20752.1 4.741052e-02
20757.3 4.739188e-02
20762.7 4.736049e-02
20768 4.734390e-02
20773.3 4.732158e-02
20778.5 4.730722e-02
20783.8 4.685374e-02
20789.1 4.682784e-02
20794.4 4.681909e-02
20799.7 4.677653e-02
20805 4.675775e-02
20810.3 4.672582e-02
20815.6 4.670518e-02
20820.8 4.667755e-02
20826.1 4.665950e-02
20831.4 4.663666e-02
20836.6 4.660724e-02
20841.9 4.658795e-02
20847.3 4.657886e-02
20852.6 4.654907e-02
20857.8 4.652308e-02
20863.1 4.650171e-02
20868.4 4.647818e-02
20873.7 4.644498e-02
20878.9 4.645116e-02
20884.2 4.640883e-02
20889.6 4.639125e-02
20894.8 4.635416e-02
20900.1 4.636385e-02
20905.4 4.633462e-02
20910.7 4.630106e-02
20915.9 4.628077e-02
20921.2 4.626425e-02
20926.6 4.622807e-02
20931.9 4.621790e-02
20937.1 4.617576e-02
20942.4 4.616701e-02
20947.7 4.614311e-02
20952.9 4.611522e-02
20958.2 4.609999e-02
20963.5 4.606014e-02
20968.8 4.603621e-02
20974.1 4.602484e-02
20979.4 4.598916e-02
20984.7 4.598896e-02
20989.9 4.594661e-02
20995.2 4.592522e-02
21000.5 4.601392e-02
21005.8 4.599191e-02
21011 4.597087e-02
21016.4 4.595094e-02
21021.7 4.592813e-02
21026.9 4.590674e-02
21032.2 4.585496e-02
21037.5 4.586343e-02
21042.8 4.583269e-02
21048 4.580833e-02
21053.4 4.578156e-02
21058.7 4.575098e-02
21063.9 4.573425e-02
21069.2 4.571362e-02
21074.5 4.568819e-02
21079.8 4.567437e-02
21085 4.564448e-02
21090.3 4.562242e-02
21095.6 4.559967e-02
21100.9 4.556593e-02
21106.2 4.554544e-02
21111.5 4.552300e-02
21116.8 4.550336e-02
21122 4.548743e-02
21127.3 4.544913e-02
21132.6 4.545501e-02
21137.8 4.541006e-02
21143.2 4.538892e-02
21148.5 4.537891e-02
21153.8 4.535909e-02
21159 4.532469e-02
21164.3 4.529701e-02
21169.6 4.528853e-02
21174.8 4.525119e-02
21180.1 4.523151e-02
21185.5 4.520413e-02
21190.7 4.519327e-02
21196 4.518350e-02
21201.3 4.516230e-02
21206.6 4.513969e-02
21211.8 4.511083e-02
21217.1 4.510129e-02
21222.4 4.488199e-02
21227.7 4.489302e-02
21233 4.488486e-02
21238.3 4.485028e-02
21243.6 4.482117e-02
21248.8 4.477882e-02
21254.1 4.475330e-02
21259.4 4.470969e-02
21264.6 4.470203e-02
21270 4.469106e-02
21275.3 4.465486e-02
21280.5 4.464984e-02
21285.8 4.461561e-02
21291.1 4.460543e-02
21296.4 4.459085e-02
21301.6 4.457258e-02
21306.9 4.454363e-02
21312.2 4.454264e-02
21317.5 4.450493e-02
21322.8 4.449230e-02
21328.1 4.448100e-02
21333.3 4.444362e-02
21338.6 4.442115e-02
21343.9 4.439201e-02
21349.2 4.436481e-02
21354.5 4.434848e-02
21359.8 4.434400e-02
21365.1 4.432067e-02
21370.3 4.426905e-02
21375.6 4.427292e-02
21380.9 4.424423e-02
21386.1 4.422341e-02
21391.4 4.421303e-02
21396.8 4.420134e-02
21402 4.416856e-02
21407.3 4.414785e-02
21412.6 4.412221e-02
21417.9 4.390555e-02
21423.1 4.388567e-02
21428.4 4.385220e-02
21433.7 4.383186e-02
21439 4.381007e-02
21444.3 4.380314e-02
21449.6 4.376916e-02
21454.8 4.375903e-02
21460.1 4.371138e-02
21465.4 4.372481e-02
21470.6 4.371026e-02
21476 4.367373e-02
21481.3 4.365974e-02
21486.6 4.363830e-02
21491.8 4.361004e-02
21497.1 4.355791e-02
21502.4 4.356448e-02
21507.6 4.355071e-02
21512.9 4.353531e-02
21518.2 4.350278e-02
21523.5 4.347876e-02
21528.8 4.346900e-02
21534.1 4.344724e-02
21539.3 4.342665e-02
21544.6 4.341015e-02
21549.9 4.337836e-02
21555.1 4.336809e-02
21560.5 4.334302e-02
21565.8 4.333828e-02
21571 4.330530e-02
21576.3 4.327571e-02
21581.6 4.324727e-02
21586.9 4.323481e-02
21592.1 4.319631e-02
21597.4 4.319311e-02
21602.7 4.317816e-02
21608 4.315891e-02
21613.3 4.247260e-02
21618.6 4.244065e-02
21623.8 4.243094e-02
21629.1 4.242258e-02
21634.4 4.239759e-02
21639.6 4.238422e-02
21645 4.236270e-02
21650.3 4.234003e-02
21655.5 4.232634e-02
21660.8 4.232004e-02
21666.1 4.229095e-02
21671.3 4.229010e-02
21676.6 4.227853e-02
21681.9 4.225643e-02
21687.1 4.219469e-02
21692.5 4.219629e-02
21697.8 4.215393e-02
21703.1 4.212264e-02
21708.3 4.211388e-02
21713.6 4.207010e-02
21718.9 4.205871e-02
21724.1 4.202805e-02
21729.4 4.201602e-02
21734.8 4.200984e-02
21740 4.197509e-02
21745.3 4.196247e-02
21750.6 4.194728e-02
21755.8 4.189193e-02
21761.1 4.187192e-02
21766.4 4.188301e-02
21771.6 4.185544e-02
21777 4.184335e-02
21782.3 4.181962e-02
21787.5 4.179282e-02
21792.8 4.175953e-02
21798.1 4.174221e-02
21803.3 4.172062e-02
21808.6 4.170173e-02
21813.9 4.158218e-02
21819.2 4.157626e-02
21824.5 4.154579e-02
21829.8 4.152511e-02
21835 4.150736e-02
21840.3 4.149107e-02
21845.6 4.147172e-02
21850.8 4.146130e-02
21856.1 4.144475e-02
21861.5 4.141771e-02
21866.7 4.139653e-02
21872 4.137662e-02
21877.3 4.135794e-02
21882.5 4.132986e-02
21887.8 4.133008e-02
21893.1 4.130758e-02
21898.3 4.127474e-02
21903.7 4.125841e-02
21909 4.123533e-02
21914.2 4.122684e-02
21919.5 4.119423e-02
21924.8 4.117456e-02
21930 4.116163e-02
21935.3 4.115551e-02
21940.6 4.111765e-02
21945.9 4.111376e-02
21951.2 4.108421e-02
21956.5 4.106027e-02
21961.7 4.104764e-02
21967 4.104301e-02
21972.3 4.101705e-02
21977.5 4.099587e-02
21982.8 4.097276e-02
21988.2 4.095423e-02
21993.4 4.091967e-02
21998.7 4.090507e-02
22004 4.089569e-02
22009.2 4.087983e-02
22014.5 4.085915e-02
22019.8 4.038765e-02
22025 4.034405e-02
22030.4 4.035656e-02
22035.7 4.033506e-02
22040.9 4.030197e-02
22046.2 4.029399e-02
22051.5 4.025917e-02
22056.7 4.025690e-02
22062 4.021155e-02
22067.3 4.020280e-02
22072.6 4.018363e-02
22077.9 4.017127e-02
22083.2 4.015252e-02
22088.4 4.012209e-02
22093.7 4.010296e-02
22099 4.010084e-02
22104.2 4.005646e-02
22109.5 4.005656e-02
22114.9 4.004412e-02
22120.1 4.001081e-02
22125.4 4.000195e-02
22130.7 3.999949e-02
22135.9 3.995976e-02
22141.2 3.992685e-02
22146.5 3.997133e-02
22151.7 3.987958e-02
22157.1 3.989586e-02
22162.4 3.987655e-02
22167.6 3.986241e-02
22172.9 3.983177e-02
22178.2 3.982667e-02
22183.4 3.980476e-02
22188.7 3.978829e-02
22194 3.977578e-02
22199.3 3.972320e-02
22204.6 3.972810e-02
22209.9 3.969335e-02
22215.1 3.967233e-02
22220.4 3.931623e-02
22225.7 3.928604e-02
22230.9 3.927360e-02
22236.2 3.929980e-02
22241.5 3.924626e-02
22246.8 3.924789e-02
22252.1 3.920965e-02
22257.3 3.920408e-02
22262.6 3.918260e-02
22267.9 3.913117e-02
22273.1 3.913422e-02
22278.4 3.911802e-02
22283.8 3.907797e-02
22289 3.906824e-02
22294.3 3.904711e-02
22299.6 3.902260e-02
22304.8 3.901889e-02
22310.1 3.899261e-02
22315.4 3.898418e-02
22320.6 3.896454e-02
22326 3.894617e-02
22331.3 3.893891e-02
22336.5 3.890641e-02
22341.8 3.889992e-02
22347.1 3.888555e-02
22352.3 3.885043e-02
22357.6 3.885170e-02
22363 3.882138e-02
22368.2 3.882641e-02
22373.5 3.878719e-02
22378.8 3.878044e-02
22384 3.873339e-02
22389.3 3.873642e-02
22394.5 3.871959e-02
22399.8 3.827412e-02
22405.1 3.826017e-02
22410.4 3.822448e-02
22415.7 3.820935e-02
22421 3.819448e-02
22426.2 3.818626e-02
22431.5 3.815657e-02
22436.8 3.815110e-02
22442 3.812042e-02
22447.3 3.811573e-02
22452.7 3.809110e-02
22457.9 3.807146e-02
22463.2 3.805243e-02
22468.5 3.803211e-02
22473.7 3.800902e-02
22479 3.799558e-02
22484.3 3.797901e-02
22489.5 3.796415e-02
22494.9 3.795048e-02
22500.1 3.792841e-02
22505.4 3.791651e-02
22510.7 3.790228e-02
22515.9 3.789455e-02
22521.2 3.786656e-02
22526.5 3.784384e-02
22531.8 3.782669e-02
22537.1 3.780498e-02
22542.4 3.779888e-02
22547.6 3.777432e-02
22552.9 3.774889e-02
22558.2 3.774808e-02
22563.4 3.772515e-02
22568.7 3.772437e-02
22574 3.769999e-02
22579.3 3.765885e-02
22584.6 3.731051e-02
22589.8 3.729868e-02
22595.1 3.729306e-02
22600.4 3.728435e-02
22605.6 3.727213e-02
22610.9 3.724797e-02
22616.2 3.722560e-02
22621.5 3.720802e-02
22626.8 3.720052e-02
22632.1 3.716682e-02
22637.3 3.714028e-02
22642.6 3.713820e-02
22647.9 3.709806e-02
22653.1 3.709281e-02
22658.5 3.706877e-02
22663.7 3.706200e-02
22669 3.705436e-02
22674.3 3.703586e-02
22679.5 3.700521e-02
22684.8 3.700040e-02
22690.1 3.696210e-02
22695.3 3.697097e-02
22700.7 3.694635e-02
22706 3.693774e-02
22711.2 3.689588e-02
22716.5 3.687334e-02
22721.8 3.689113e-02
22727 3.685221e-02
22732.3 3.683018e-02
22737.5 3.684190e-02
22742.8 3.679425e-02
22748.2 3.678233e-02
22753.4 3.677168e-02
22758.7 3.675983e-02
22764 3.674800e-02
22769.2 3.672944e-02
22774.5 3.671972e-02
22779.8 3.671107e-02
22785 3.668577e-02
22790.4 3.364607e-02
22795.7 3.362813e-02
22800.9 3.362491e-02
22806.2 3.358218e-02
22811.4 3.357052e-02
22816.7 3.354335e-02
22822 3.354203e-02
22827.2 3.351651e-02
22832.6 3.351714e-02
22837.9 3.348397e-02
22843.1 3.347377e-02
22848.4 3.347453e-02
22853.7 3.345727e-02
22858.9 3.343655e-02
22864.2 3.342601e-02
22869.5 3.340199e-02
22874.8 3.338271e-02
22880.1 3.337141e-02
22885.3 3.335534e-02
22890.6 3.331751e-02
22895.9 3.332993e-02
22901.1 3.333128e-02
22906.4 3.328206e-02
22911.8 3.327684e-02
22917 3.325438e-02
22922.3 3.325367e-02
22927.6 3.321855e-02
22932.8 3.320169e-02
22938.1 3.318433e-02
22943.3 3.317615e-02
22948.6 3.313485e-02
22954 3.310386e-02
22959.2 3.310405e-02
22964.5 3.307590e-02
22969.8 3.307773e-02
22975 3.303992e-02
22980.3 3.301075e-02
22985.6 3.301647e-02
22990.8 3.301209e-02
22996.2 3.301996e-02
23001.5 3.322677e-02
23006.7 3.320455e-02
23012 3.319432e-02
23017.2 3.317342e-02
23022.5 3.317498e-02
23027.8 3.313841e-02
23033 3.313442e-02
23038.3 3.311276e-02
23043.7 3.311469e-02
23048.9 3.308735e-02
23054.2 3.307952e-02
23059.5 3.305838e-02
23064.7 3.304513e-02
23070 3.303171e-02
23075.2 3.303580e-02
23080.5 3.301478e-02
23085.9 3.301155e-02
23091.1 3.299238e-02
23096.4 3.296095e-02
23101.7 3.293679e-02
23106.9 3.293824e-02
23112.2 3.293197e-02
23117.5 3.290151e-02
23122.8 3.289697e-02
23128.1 3.289312e-02
23133.3 3.285575e-02
23138.6 3.284828e-02
23143.9 3.283268e-02
23149.1 3.282000e-02
23154.4 3.279732e-02
23159.7 3.278134e-02
23165 3.277403e-02
23170.3 3.274304e-02
23175.6 3.274409e-02
23180.8 3.271892e-02
23186.1 3.270944e-02
23191.3 3.272090e-02
23196.6 3.271060e-02
23201.9 3.266556e-02
23207.2 3.267011e-02
23212.5 2.932760e-02
23217.8 2.932260e-02
23223 2.929969e-02
23228.3 2.927972e-02
23233.6 2.926299e-02
23238.8 2.923912e-02
23244.1 2.922747e-02
23249.4 2.918873e-02
23254.7 2.914683e-02
23260 2.914044e-02
23265.2 2.912718e-02
23270.5 2.912479e-02
23275.8 2.910354e-02
23281 2.911709e-02
23286.3 2.910212e-02
23291.7 2.906097e-02
23296.9 2.906677e-02
23302.2 2.905715e-02
23307.4 2.904910e-02
23312.7 2.904470e-02
23318 2.904940e-02
23323.2 2.900307e-02
23328.5 2.898784e-02
23333.9 2.896605e-02
23339.1 2.896037e-02
23344.4 2.897475e-02
23349.7 2.895189e-02
23354.9 2.894044e-02
23360.2 2.890570e-02
23365.4 2.892284e-02
23370.7 2.889851e-02
23376.1 2.888350e-02
23381.3 2.887011e-02
23386.6 2.886122e-02
23391.9 2.884090e-02
23397.1 2.881125e-02
23402.4 2.763843e-02
23407.7 2.765392e-02
23413 2.763309e-02
23418.3 2.760262e-02
23423.5 2.757555e-02
23428.8 2.755349e-02
23434.1 2.758253e-02
23439.3 2.757795e-02
23444.6 2.756653e-02
23449.9 2.751962e-02
23455.1 2.749932e-02
23460.5 2.749503e-02
23465.8 2.747179e-02
23471 2.747476e-02
23476.3 2.748086e-02
23481.5 2.747400e-02
23486.8 2.744648e-02
23492.1 2.743428e-02
23497.3 2.741006e-02
23502.7 2.739598e-02
23508 2.740272e-02
23513.2 2.739080e-02
23518.5 2.738515e-02
23523.7 2.733297e-02
23529 2.733718e-02
23534.3 2.732661e-02
23539.5 2.728093e-02
23544.9 2.727593e-02
23550.2 2.727164e-02
23555.4 2.726495e-02
23560.7 2.724742e-02
23566 2.724347e-02
23571.2 2.721921e-02
23576.5 2.722356e-02
23581.8 2.721395e-02
23587.1 2.720530e-02
23592.4 2.802221e-02
23597.6 2.804753e-02
23602.9 2.802020e-02
23608.2 2.800605e-02
23903.9 2.563496e-02
24100.6 2.478374e-02
24297.4 2.454773e-02
24494.1 2.297838e-02
24690.9 2.271948e-02
24887.6 1.942927e-02
25203.4 1.940046e-02
25295.6 1.924876e-02
25388 1.909910e-02
25480.4 1.916682e-02
25572.9 1.905411e-02
25665.3 1.942727e-02
25757.8 1.930714e-02
25850.5 1.913343e-02
25943 1.900486e-02
26035.7 1.904025e-02
26128.5 1.890910e-02
26221.2 1.859792e-02
26314.1 1.844815e-02
26406.9 1.829085e-02
26499.8 1.828857e-02
26592.8 1.815792e-02
26685.8 1.788636e-02
26778.9 1.776390e-02
26871.9 1.761184e-02
26965.1 1.748136e-02
27058.2 1.732842e-02
27151.5 1.721532e-02
27244.8 1.695177e-02
27338 1.684020e-02
27431.4 1.675829e-02
27524.7 1.666322e-02
27618.2 1.655806e-02
27711.6 1.632387e-02
27805.1 1.621687e-02
27898.6 1.611671e-02
27992.2 1.601059e-02
28085.8 1.580801e-02
28179.5 1.570522e-02
28273.1 1.554344e-02
28366.9 1.544371e-02
28460.6 1.524847e-02
28554.3 1.514713e-02
28648.2 1.493628e-02
28742 1.483564e-02
28836 1.468140e-02
28929.8 1.458510e-02
29023.8 1.439052e-02
29117.8 1.429621e-02
29211.8 1.411128e-02
29305.8 1.404675e-02
29399.9 1.385745e-02
29494 1.376887e-02
29588.1 1.367206e-02
29682.3 1.353436e-02
29776.5 1.344907e-02
29870.7 1.328179e-02
29965 1.319765e-02
30059.2 1.306136e-02
30153.5 1.298643e-02
30247.9 1.284940e-02
30342.2 1.278644e-02
30436.6 1.270146e-02
30531 1.262579e-02
30625.4 1.248463e-02
30719.9 1.241009e-02
30814.4 1.228384e-02
30908.8 1.219891e-02
31003.4 1.210516e-02
31098 1.203311e-02
31192.5 1.194674e-02
31287.2 1.184958e-02
31381.7 1.176812e-02
31476.4 1.167370e-02
31571.1 1.161297e-02
31665.7 1.147098e-02
31760.4 1.140678e-02
31855.2 1.136149e-02
31949.9 1.128754e-02
32044.7 1.120035e-02
32139.5 1.113413e-02
32234.3 1.102394e-02
32329.1 1.097215e-02
32424 1.093925e-02
32518.9 1.089619e-02
32613.8 1.102136e-02
32708.6 1.094570e-02
32803.5 1.125010e-02
32898.5 1.117825e-02
32993.5 1.110317e-02
33088.4 1.103951e-02
33183.4 1.096250e-02
33278.5 1.035805e-02
33373.5 1.030346e-02
33468.5 1.001566e-02
33563.6 9.963751e-03
33658.7 9.773888e-03
33753.7 9.755558e-03
33848.8 9.577530e-03
33943.9 9.541760e-03
34039.1 9.412772e-03
34134.2 9.331534e-03
34229.4 9.228083e-03
34324.5 9.189220e-03
34419.8 9.065023e-03
34515 9.030186e-03
34610.2 8.975412e-03
34705.4 8.871906e-03
34800.7 8.816019e-03
34895.9 8.696164e-03
34991.2 8.637524e-03
35086.4 8.566423e-03
35181.7 8.520816e-03
35277.1 8.369018e-03
35372.4 8.323669e-03
35467.7 8.257631e-03
35563 8.203854e-03
35658.3 8.095213e-03
35753.8 8.073132e-03
35849.1 7.966153e-03
35944.5 7.918493e-03
36039.8 7.853595e-03
36135.2 7.813663e-03
36230.7 7.688857e-03
36326.1 7.650985e-03
36421.5 7.557149e-03
36516.9 7.516916e-03
36612.4 7.481149e-03
36707.8 7.380644e-03
36803.3 7.260100e-03
36898.8 7.210572e-03
36994.3 7.188949e-03
37089.7 7.121003e-03
37185.2 7.089993e-03
37280.8 7.008000e-03
37376.3 6.977425e-03
37471.8 6.838611e-03
37567.3 6.796994e-03
37662.8 6.771758e-03
37758.4 6.742144e-03
37854 6.644544e-03
37949.5 6.613980e-03
38045.1 6.537689e-03
38140.6 6.500701e-03
38236.2 6.423363e-03
38331.8 6.377849e-03
38427.4 6.320530e-03
38523 6.283066e-03
38618.6 6.187816e-03
38714.2 6.167942e-03
38809.8 6.087246e-03
38905.4 6.053456e-03
39001.1 5.994981e-03
39096.7 5.975909e-03
39192.3 5.948518e-03
39287.9 5.898216e-03
39383.6 5.867255e-03
39479.2 5.783209e-03
39574.8 5.757475e-03
39670.6 5.684228e-03
39766.2 5.664220e-03
39861.9 5.566666e-03
39957.5 5.539909e-03
40053.2 5.494333e-03
40148.8 5.466810e-03
40244.5 5.433226e-03
40340.3 5.399439e-03
40435.9 5.319875e-03
40531.6 5.298002e-03
40627.3 5.239157e-03
40723 5.211764e-03
40818.7 5.147183e-03
40914.5 5.121870e-03
41010.1 5.071594e-03
41105.8 5.045356e-03
41201.5 4.994350e-03
41297.2 4.975661e-03
41392.9 4.914631e-03
41488.6 4.882116e-03
41584.3 4.837964e-03
41680.1 4.823632e-03
41775.8 4.761707e-03
41871.6 4.734136e-03
41967.3 4.707918e-03
42063 4.687684e-03
42158.7 4.661060e-03
42254.4 4.630675e-03
42350.2 4.611789e-03
42445.9 4.559078e-03
42541.6 4.534872e-03
42637.4 4.494520e-03
42733.1 4.479784e-03
42828.8 4.348413e-03
42924.5 4.332007e-03
43020.3 4.293753e-03
43116 4.138505e-03
43211.8 4.124773e-03
43307.5 4.161266e-03
43403.2 4.123494e-03
43498.9 3.995610e-03
43594.6 3.987099e-03
43690.4 3.949099e-03
43786.2 3.914928e-03
43881.9 3.867786e-03
43977.6 3.848533e-03
44073.3 3.761164e-03
44169 3.740118e-03
44264.7 3.700451e-03
44360.4 3.683250e-03
44456.3 3.638283e-03
44552 3.647825e-03
44647.7 3.575053e-03
44743.4 3.551853e-03
44839.1 3.534125e-03
44934.8 3.535420e-03
45030.5 3.488807e-03
45126.2 3.477916e-03
45221.9 3.426150e-03
45317.6 3.386087e-03
45413.3 3.374994e-03
45509 3.360072e-03
45604.7 3.342339e-03
45700.3 3.328335e-03
45796.1 3.260530e-03
45891.8 3.252770e-03
45987.5 3.241323e-03
46083.1 3.246705e-03
46178.8 3.236709e-03
46274.4 3.220544e-03
46370.2 3.209221e-03
46465.8 3.182470e-03
46561.5 3.163085e-03
46657.1 3.180738e-03
46752.7 3.171964e-03
46848.3 3.129367e-03
46944 3.115130e-03
47039.7 3.079359e-03
47135.3 3.063732e-03
47230.9 3.060741e-03
47326.5 3.055903e-03
47422.1 3.020920e-03
47517.7 3.019794e-03
47613.3 3.008067e-03
47708.9 2.988358e-03
47804.5 2.973964e-03
47900.1 2.950996e-03
47995.6 2.950443e-03
48091.2 2.889344e-03
48186.8 2.896364e-03
49185 2.734901e-03
50168.7 2.610188e-03
51152.4 2.496228e-03
52214.5 2.389098e-03
52512 2.374319e-03
52809.5 2.370277e-03
53107 2.349210e-03
53404.5 2.344478e-03
53702 2.295966e-03
53999.4 2.251296e-03
54297 2.246477e-03
54594.5 2.232130e-03
54891.9 2.217128e-03
55189.4 2.202875e-03
55486.9 2.177376e-03
55784.5 2.175687e-03
56081.9 2.160773e-03
56379.4 2.127265e-03
56676.9 2.138851e-03
56974.3 2.121032e-03
57271.9 2.113806e-03
57569.4 2.113699e-03
57866.8 2.113664e-03
58164.3 2.126800e-03
58461.8 2.140224e-03
58759.4 2.144641e-03
59056.8 2.214696e-03
59354.3 2.202800e-03
59651.8 2.257802e-03
59949.2 2.434312e-03
60246.8 2.435508e-03
60544.3 2.423033e-03
60841.8 2.555386e-03
61139.2 2.877556e-03
61436.7 3.534470e-03
61734.3 4.016542e-03
62031.7 4.324414e-03
62329.2 4.027704e-03
62626.7 3.495487e-03
62924.1 3.453188e-03
63221.7 3.085243e-03
63519.2 2.758121e-03
63816.7 2.568222e-03
64114.1 2.383785e-03
64411.6 2.305281e-03
64709.2 2.063832e-03
65006.6 2.048656e-03
65304.1 1.951872e-03
65601.6 1.973861e-03
65899.1 1.989664e-03
66196.6 1.968459e-03
66494.1 1.973194e-03
66791.6 2.007193e-03
67089 2.016073e-03
67386.5 1.936126e-03
67684.1 2.003817e-03
67981.6 1.986103e-03
68279 1.983454e-03
68576.5 1.993253e-03
68874 2.095546e-03
69171.5 2.079550e-03
69469 2.160155e-03
69766.5 2.247243e-03
70063.9 2.095513e-03
70361.4 1.969968e-03
70659 2.010753e-03
70956.4 2.007071e-03
71253.9 2.022933e-03
71551.4 2.056648e-03
71848.9 2.067721e-03
72146.4 2.103621e-03
72443.9 2.238645e-03
72741.4 2.312975e-03
73038.9 2.404765e-03
73336.3 2.380558e-03
73633.9 2.509972e-03
73931.4 2.741723e-03
74526.3 3.032378e-03
75121.2 3.464630e-03
75716.3 3.879421e-03
76311.2 3.894290e-03
76906.2 3.689063e-03
77501.2 3.561105e-03
78096.1 3.461905e-03
78691.2 3.231244e-03
79286.1 2.885148e-03
79881.1 2.586371e-03
80476.1 2.287352e-03
81071.1 2.090915e-03
81666 2.041045e-03
82261 2.015166e-03
82856 2.046644e-03
83450.9 1.991190e-03
84046 2.004208e-03
84640.9 2.086941e-03
85235.9 2.179351e-03
85830.9 2.256119e-03
86425.8 2.217549e-03
87020.9 1.996328e-03
87615.8 1.731773e-03
88210.8 1.528931e-03
88805.8 1.347520e-03
89400.7 1.223460e-03
89995.7 1.233583e-03
90590.7 1.145074e-03
91185.7 1.098728e-03
91780.7 1.085811e-03
92375.6 1.095649e-03
92970.6 1.081747e-03
93565.6 1.076839e-03
94160.6 1.053903e-03
94755.5 1.056263e-03
95350.5 1.072440e-03
95945.5 1.110600e-03
96540.4 1.175380e-03
97135.5 1.084180e-03
97730.4 1.031181e-03
98325.4 1.019769e-03
98920.4 9.996025e-04
99515.3 9.968431e-04
100110 9.923397e-04
100705 9.943701e-04
101300 9.820809e-04
101895 9.636297e-04
102490 9.608176e-04
103085 9.558817e-04
103680 9.680418e-04
104275 1.016327e-03
104870 1.066507e-03
105465 1.124230e-03
106060 1.069041e-03
106655 1.084890e-03
107250 1.085896e-03
107845 1.085847e-03
108440 1.099736e-03
109035 1.190084e-03
109630 1.334494e-03
110225 1.434672e-03
110820 1.628053e-03
111415 2.291550e-03
112010 2.878162e-03
112605 2.718191e-03
113200 2.216742e-03
113795 2.174852e-03
114390 1.819399e-03
114985 1.576740e-03
115580 1.417054e-03
116175 1.289908e-03
116770 1.202991e-03
117365 1.167674e-03
117960 1.148541e-03
118555 1.172480e-03
119150 1.205410e-03
119745 1.226301e-03
120340 1.182185e-03
120935 1.139335e-03
121530 1.117361e-03
122124 1.131784e-03
122719 1.183949e-03
123314 1.190332e-03
123909 1.187877e-03
124504 1.226254e-03
125099 1.263040e-03
125694 1.317835e-03
126289 1.350047e-03
126884 1.405141e-03
127479 1.607076e-03
128074 1.558112e-03
128669 1.144425e-03
129264 1.099393e-03
129859 9.564838e-04
130454 9.014200e-04
131049 8.828292e-04
131644 8.819126e-04
132239 8.602800e-04
132834 8.603366e-04
133429 8.534917e-04
134024 8.768912e-04
134619 8.654865e-04
135214 8.432727e-04
135809 8.363020e-04
136404 8.127074e-04
136999 8.144108e-04
137594 7.810428e-04
138400 7.746143e-04
139233 7.838935e-04
140066 7.892436e-04
140899 7.844792e-04
141732 8.266242e-04
142565 8.047025e-04
143398 7.861712e-04
144231 7.442493e-04
145064 7.534668e-04
145897 7.219935e-04
146730 6.895314e-04
147563 6.959625e-04
148396 6.752656e-04
149229 7.130645e-04
150062 6.768279e-04
150895 6.724699e-04
151728 6.848375e-04
152561 6.844935e-04
153394 6.967400e-04
154227 6.980196e-04
155060 8.085384e-04
155893 8.660618e-04
156725 7.223383e-04
157558 7.275002e-04
158391 7.250845e-04
159224 7.241955e-04
160057 7.287017e-04
160890 7.245766e-04
161723 7.131539e-04
162556 7.640434e-04
163389 8.272026e-04
164222 9.438863e-04
165055 9.330269e-04
165888 8.698393e-04
166721 8.547520e-04
167554 8.686622e-04
168387 8.728006e-04
169220 1.030319e-03
170053 1.038097e-03
170886 1.105388e-03
171719 9.550447e-04
172552 8.590390e-04
173385 8.677958e-04
174218 8.591480e-04
175051 7.610458e-04
175884 7.208297e-04
176717 7.131621e-04
177550 7.276397e-04
178383 6.925489e-04
179216 6.884526e-04
180049 6.618708e-04
180882 6.534749e-04
181714 6.286522e-04
182547 6.379778e-04
183380 6.022580e-04
184213 6.146073e-04
185046 6.265356e-04
185879 6.583805e-04
186712 7.993058e-04
187545 7.286665e-04
188378 7.071296e-04
189211 6.077526e-04
190044 6.000540e-04
190877 5.862258e-04
191710 5.914661e-04
192543 5.925454e-04
193376 5.624387e-04
194209 5.529232e-04
195042 5.505038e-04
195875 5.475924e-04
196708 5.492944e-04
197541 5.522805e-04
198374 5.395643e-04
199207 5.241861e-04
200040 5.207932e-04
200873 5.253856e-04
201706 5.355165e-04
202539 5.270886e-04
204205 5.196461e-04
205871 5.211237e-04
207536 5.104975e-04
209202 5.072987e-04
210868 4.931550e-04
212534 5.074675e-04
214200 4.927796e-04
215866 4.786067e-04
217532 4.871822e-04
219198 4.875604e-04
220864 4.865580e-04
222530 4.715180e-04
224196 4.809794e-04
225862 4.851538e-04
227528 4.650986e-04
229194 4.607730e-04
230860 4.630377e-04
232525 4.585604e-04
234191 4.687788e-04
235857 4.557853e-04
237523 4.519176e-04
239189 4.423642e-04
240855 4.440795e-04
242521 4.421325e-04
244187 4.380201e-04
245853 4.273189e-04
247519 4.266294e-04
249185 4.198603e-04
250851 4.192019e-04
252517 4.171089e-04
254183 4.080417e-04
255848 4.141112e-04
257514 4.536863e-04
259180 4.725167e-04
260846 4.225237e-04
262512 3.976470e-04
264178 3.847720e-04
265844 3.801762e-04
267510 3.808410e-04
269176 3.758828e-04
270842 3.726903e-04
272508 3.735393e-04
274174 3.731941e-04
275840 3.694738e-04
277506 3.662858e-04
279172 3.691721e-04
280838 4.013848e-04
282503 3.968967e-04
284169 3.534264e-04
285835 3.465650e-04
287501 3.423013e-04
289167 3.457890e-04
290833 3.403653e-04
292499 3.396683e-04
294165 3.363272e-04
295831 3.401632e-04
297497 3.337423e-04
299163 3.322174e-04
