# Filter name : JWST/MIRI.F1130W
# Description : MIRI F1130W filter
# Photometric system : MIRI
# FilterType : photon
# Band name : ------
# Observatory : JWST
# Instrument : MIRI
# Comments : nominal transmission of the JWST OTE is not included
# 
1.02510e+05 1.00000e-04
1.02570e+05 1.00000e-04
1.02630e+05 1.00000e-04
1.02680e+05 1.00000e-04
1.02740e+05 1.00000e-04
1.02800e+05 1.00000e-04
1.02860e+05 1.00000e-04
1.02920e+05 1.00000e-04
1.02970e+05 1.00000e-04
1.03030e+05 1.00000e-04
1.03090e+05 1.00000e-04
1.03150e+05 1.00000e-04
1.03210e+05 1.00000e-04
1.03260e+05 2.00000e-04
1.03320e+05 2.00000e-04
1.03380e+05 2.00000e-04
1.03440e+05 2.00000e-04
1.03500e+05 2.00000e-04
1.03550e+05 2.00000e-04
1.03610e+05 2.00000e-04
1.03670e+05 2.00000e-04
1.03730e+05 2.00000e-04
1.03790e+05 2.00000e-04
1.03840e+05 2.00000e-04
1.03900e+05 3.00000e-04
1.03960e+05 3.00000e-04
1.04020e+05 3.00000e-04
1.04080e+05 3.00000e-04
1.04130e+05 3.00000e-04
1.04190e+05 3.00000e-04
1.04250e+05 3.00000e-04
1.04310e+05 4.00000e-04
1.04370e+05 4.00000e-04
1.04420e+05 4.00000e-04
1.04480e+05 4.00000e-04
1.04540e+05 4.00000e-04
1.04600e+05 4.00000e-04
1.04660e+05 4.00000e-04
1.04710e+05 5.00000e-04
1.04770e+05 5.00000e-04
1.04830e+05 5.00000e-04
1.04890e+05 6.00000e-04
1.04950e+05 6.00000e-04
1.05000e+05 6.00000e-04
1.05060e+05 7.00000e-04
1.05120e+05 7.00000e-04
1.05180e+05 8.00000e-04
1.05240e+05 8.00000e-04
1.05290e+05 9.00000e-04
1.05350e+05 1.00000e-03
1.05410e+05 1.00000e-03
1.05470e+05 1.10000e-03
1.05530e+05 1.20000e-03
1.05580e+05 1.20000e-03
1.05640e+05 1.30000e-03
1.05700e+05 1.40000e-03
1.05760e+05 1.50000e-03
1.05820e+05 1.70000e-03
1.05870e+05 1.80000e-03
1.05930e+05 1.90000e-03
1.05990e+05 2.10000e-03
1.06050e+05 2.20000e-03
1.06110e+05 2.40000e-03
1.06160e+05 2.60000e-03
1.06220e+05 2.80000e-03
1.06280e+05 3.00000e-03
1.06340e+05 3.30000e-03
1.06400e+05 3.50000e-03
1.06450e+05 3.80000e-03
1.06510e+05 4.10000e-03
1.06570e+05 4.40000e-03
1.06630e+05 4.80000e-03
1.06690e+05 5.20000e-03
1.06740e+05 5.60000e-03
1.06800e+05 6.10000e-03
1.06860e+05 6.60000e-03
1.06920e+05 7.20000e-03
1.06980e+05 7.70000e-03
1.07030e+05 8.40000e-03
1.07090e+05 9.10000e-03
1.07150e+05 9.80000e-03
1.07210e+05 1.06000e-02
1.07270e+05 1.15000e-02
1.07320e+05 1.24000e-02
1.07380e+05 1.34000e-02
1.07440e+05 1.45000e-02
1.07500e+05 1.57000e-02
1.07560e+05 1.68000e-02
1.07610e+05 1.81000e-02
1.07670e+05 1.96000e-02
1.07730e+05 2.11000e-02
1.07790e+05 2.26000e-02
1.07850e+05 2.44000e-02
1.07900e+05 2.63000e-02
1.07960e+05 2.81000e-02
1.08020e+05 3.02000e-02
1.08080e+05 3.26000e-02
1.08140e+05 3.50000e-02
1.08190e+05 3.75000e-02
1.08250e+05 4.05000e-02
1.08310e+05 4.36000e-02
1.08370e+05 4.67000e-02
1.08430e+05 5.01000e-02
1.08480e+05 5.40000e-02
1.08540e+05 5.79000e-02
1.08600e+05 6.18000e-02
1.08660e+05 6.67000e-02
1.08720e+05 7.15000e-02
1.08770e+05 7.63000e-02
1.08830e+05 8.18000e-02
1.08890e+05 8.77000e-02
1.08950e+05 9.36000e-02
1.09010e+05 9.96000e-02
1.09060e+05 1.06700e-01
1.09120e+05 1.13800e-01
1.09180e+05 1.20800e-01
1.09240e+05 1.28700e-01
1.09300e+05 1.36900e-01
1.09350e+05 1.45100e-01
1.09410e+05 1.53600e-01
1.09470e+05 1.62700e-01
1.09530e+05 1.71800e-01
1.09590e+05 1.80900e-01
1.09640e+05 1.90100e-01
1.09700e+05 1.99300e-01
1.09760e+05 2.08500e-01
1.09820e+05 2.17500e-01
1.09880e+05 2.26200e-01
1.09930e+05 2.34900e-01
1.09990e+05 2.43500e-01
1.10050e+05 2.51400e-01
1.10110e+05 2.59100e-01
1.10170e+05 2.66800e-01
1.10220e+05 2.74000e-01
1.10280e+05 2.80400e-01
1.10340e+05 2.86800e-01
1.10400e+05 2.93200e-01
1.10460e+05 2.98000e-01
1.10510e+05 3.02800e-01
1.10570e+05 3.07500e-01
1.10630e+05 3.11500e-01
1.10690e+05 3.14900e-01
1.10750e+05 3.18200e-01
1.10800e+05 3.21400e-01
1.10860e+05 3.23800e-01
1.10920e+05 3.26200e-01
1.10980e+05 3.28700e-01
1.11040e+05 3.30600e-01
1.11090e+05 3.32400e-01
1.11150e+05 3.34100e-01
1.11210e+05 3.35800e-01
1.11270e+05 3.37000e-01
1.11330e+05 3.38300e-01
1.11380e+05 3.39500e-01
1.11440e+05 3.40500e-01
1.11500e+05 3.41400e-01
1.11560e+05 3.42200e-01
1.11620e+05 3.43000e-01
1.11670e+05 3.43500e-01
1.11730e+05 3.44000e-01
1.11790e+05 3.44500e-01
1.11850e+05 3.44800e-01
1.11910e+05 3.45000e-01
1.11960e+05 3.45200e-01
1.12020e+05 3.45400e-01
1.12080e+05 3.45300e-01
1.12140e+05 3.45300e-01
1.12200e+05 3.45300e-01
1.12250e+05 3.45100e-01
1.12310e+05 3.44900e-01
1.12370e+05 3.44700e-01
1.12430e+05 3.44400e-01
1.12490e+05 3.44000e-01
1.12540e+05 3.43700e-01
1.12600e+05 3.43400e-01
1.12660e+05 3.43000e-01
1.12720e+05 3.42600e-01
1.12780e+05 3.42300e-01
1.12830e+05 3.41900e-01
1.12890e+05 3.41600e-01
1.12950e+05 3.41200e-01
1.13010e+05 3.40900e-01
1.13070e+05 3.40600e-01
1.13120e+05 3.40300e-01
1.13180e+05 3.40100e-01
1.13240e+05 3.39900e-01
1.13300e+05 3.39700e-01
1.13360e+05 3.39600e-01
1.13410e+05 3.39500e-01
1.13470e+05 3.39600e-01
1.13530e+05 3.39600e-01
1.13590e+05 3.39700e-01
1.13650e+05 3.39900e-01
1.13700e+05 3.40100e-01
1.13760e+05 3.40400e-01
1.13820e+05 3.40700e-01
1.13880e+05 3.41000e-01
1.13940e+05 3.41300e-01
1.13990e+05 3.41700e-01
1.14050e+05 3.42100e-01
1.14110e+05 3.42500e-01
1.14170e+05 3.42900e-01
1.14230e+05 3.43300e-01
1.14280e+05 3.43700e-01
1.14340e+05 3.44200e-01
1.14400e+05 3.44600e-01
1.14460e+05 3.45000e-01
1.14520e+05 3.45300e-01
1.14570e+05 3.45700e-01
1.14630e+05 3.46000e-01
1.14690e+05 3.46100e-01
1.14750e+05 3.46300e-01
1.14810e+05 3.46500e-01
1.14860e+05 3.46400e-01
1.14920e+05 3.46200e-01
1.14980e+05 3.46100e-01
1.15040e+05 3.45800e-01
1.15100e+05 3.45400e-01
1.15150e+05 3.45100e-01
1.15210e+05 3.44400e-01
1.15270e+05 3.42700e-01
1.15330e+05 3.41000e-01
1.15390e+05 3.39400e-01
1.15440e+05 3.36500e-01
1.15500e+05 3.33400e-01
1.15560e+05 3.30200e-01
1.15620e+05 3.26600e-01
1.15680e+05 3.21700e-01
1.15730e+05 3.16900e-01
1.15790e+05 3.12100e-01
1.15850e+05 3.05600e-01
1.15910e+05 2.98700e-01
1.15970e+05 2.91900e-01
1.16020e+05 2.84100e-01
1.16080e+05 2.74900e-01
1.16140e+05 2.65700e-01
1.16200e+05 2.56500e-01
1.16260e+05 2.46500e-01
1.16310e+05 2.36400e-01
1.16370e+05 2.26400e-01
1.16430e+05 2.16100e-01
1.16490e+05 2.05700e-01
1.16550e+05 1.95200e-01
1.16600e+05 1.84800e-01
1.16660e+05 1.74700e-01
1.16720e+05 1.64500e-01
1.16780e+05 1.54400e-01
1.16840e+05 1.45100e-01
1.16890e+05 1.36400e-01
1.16950e+05 1.27700e-01
1.17010e+05 1.19200e-01
1.17070e+05 1.11700e-01
1.17130e+05 1.04200e-01
1.17180e+05 9.68000e-02
1.17240e+05 9.02000e-02
1.17300e+05 8.39000e-02
1.17360e+05 7.77000e-02
1.17420e+05 7.18000e-02
1.17470e+05 6.71000e-02
1.17530e+05 6.24000e-02
1.17590e+05 5.77000e-02
1.17650e+05 5.39000e-02
1.17710e+05 5.03000e-02
1.17760e+05 4.66000e-02
1.17820e+05 4.33000e-02
1.17880e+05 4.04000e-02
1.17940e+05 3.74000e-02
1.18000e+05 3.45000e-02
1.18050e+05 3.22000e-02
1.18110e+05 2.99000e-02
1.18170e+05 2.76000e-02
1.18230e+05 2.56000e-02
1.18290e+05 2.40000e-02
1.18340e+05 2.24000e-02
1.18400e+05 2.08000e-02
1.18460e+05 1.94000e-02
1.18520e+05 1.81000e-02
1.18580e+05 1.68000e-02
1.18630e+05 1.56000e-02
1.18690e+05 1.46000e-02
1.18750e+05 1.35000e-02
1.18810e+05 1.25000e-02
1.18870e+05 1.17000e-02
1.18920e+05 1.09000e-02
1.18980e+05 1.01000e-02
1.19040e+05 9.40000e-03
1.19100e+05 8.80000e-03
1.19160e+05 8.20000e-03
1.19210e+05 7.60000e-03
1.19270e+05 7.10000e-03
1.19330e+05 6.60000e-03
1.19390e+05 6.10000e-03
1.19450e+05 5.70000e-03
1.19500e+05 5.30000e-03
1.19560e+05 4.90000e-03
1.19620e+05 4.50000e-03
1.19680e+05 4.20000e-03
1.19740e+05 4.00000e-03
1.19790e+05 3.70000e-03
1.19850e+05 3.40000e-03
1.19910e+05 3.20000e-03
1.19970e+05 2.90000e-03
1.20030e+05 2.70000e-03
1.20080e+05 2.50000e-03
1.20140e+05 2.30000e-03
1.20200e+05 2.10000e-03
1.20260e+05 2.00000e-03
1.20320e+05 1.80000e-03
1.20370e+05 1.70000e-03
1.20430e+05 1.60000e-03
1.20490e+05 1.50000e-03
1.20550e+05 1.30000e-03
1.20610e+05 1.20000e-03
1.20660e+05 1.10000e-03
1.20720e+05 1.00000e-03
1.20780e+05 9.00000e-04
1.20840e+05 9.00000e-04
1.20900e+05 8.00000e-04
1.20950e+05 7.00000e-04
1.21010e+05 6.00000e-04
1.21070e+05 6.00000e-04
1.21130e+05 5.00000e-04
1.21190e+05 5.00000e-04
1.21240e+05 4.00000e-04
1.21300e+05 4.00000e-04
1.21360e+05 3.00000e-04
1.21420e+05 3.00000e-04
1.21480e+05 3.00000e-04
1.21530e+05 2.00000e-04
1.21590e+05 2.00000e-04
1.21650e+05 2.00000e-04
1.21710e+05 2.00000e-04
1.21770e+05 1.00000e-04
1.21820e+05 1.00000e-04
1.21880e+05 1.00000e-04
1.21940e+05 1.00000e-04
1.22000e+05 1.00000e-04
1.22060e+05 1.00000e-04
1.22110e+05 1.00000e-04
1.22170e+05 1.00000e-04
1.22230e+05 1.00000e-04
1.22290e+05 1.00000e-04
