# Filter name : JWST/MIRI.F2550W
# Description : MIRI F2550W filter
# Photometric system : MIRI
# FilterType : photon
# Band name : ------
# Observatory : JWST
# Instrument : MIRI
# Comments : nominal transmission of the JWST OTE is not included
# 
2.14040e+05 1.00000e-04
2.14100e+05 1.00000e-04
2.14160e+05 1.00000e-04
2.14220e+05 1.00000e-04
2.14280e+05 1.00000e-04
2.14330e+05 1.00000e-04
2.14390e+05 2.00000e-04
2.14450e+05 2.00000e-04
2.14510e+05 2.00000e-04
2.14570e+05 2.00000e-04
2.14620e+05 2.00000e-04
2.14680e+05 3.00000e-04
2.14740e+05 3.00000e-04
2.14800e+05 3.00000e-04
2.14860e+05 3.00000e-04
2.14910e+05 3.00000e-04
2.14970e+05 3.00000e-04
2.15030e+05 4.00000e-04
2.15090e+05 4.00000e-04
2.15150e+05 4.00000e-04
2.15200e+05 4.00000e-04
2.15260e+05 4.00000e-04
2.15320e+05 4.00000e-04
2.15380e+05 4.00000e-04
2.15440e+05 4.00000e-04
2.15490e+05 4.00000e-04
2.15550e+05 4.00000e-04
2.15610e+05 4.00000e-04
2.15670e+05 4.00000e-04
2.15730e+05 4.00000e-04
2.15780e+05 4.00000e-04
2.15840e+05 4.00000e-04
2.15900e+05 4.00000e-04
2.15960e+05 4.00000e-04
2.16020e+05 4.00000e-04
2.16070e+05 4.00000e-04
2.16130e+05 4.00000e-04
2.16190e+05 4.00000e-04
2.16250e+05 4.00000e-04
2.16310e+05 4.00000e-04
2.16360e+05 3.00000e-04
2.16420e+05 3.00000e-04
2.16480e+05 3.00000e-04
2.16540e+05 3.00000e-04
2.16600e+05 3.00000e-04
2.16650e+05 3.00000e-04
2.16710e+05 3.00000e-04
2.16770e+05 3.00000e-04
2.16830e+05 3.00000e-04
2.16890e+05 3.00000e-04
2.16940e+05 3.00000e-04
2.17000e+05 3.00000e-04
2.17060e+05 3.00000e-04
2.17120e+05 3.00000e-04
2.17180e+05 3.00000e-04
2.17230e+05 3.00000e-04
2.17290e+05 3.00000e-04
2.17350e+05 3.00000e-04
2.17410e+05 3.00000e-04
2.17470e+05 3.00000e-04
2.17520e+05 3.00000e-04
2.17580e+05 3.00000e-04
2.17640e+05 3.00000e-04
2.17700e+05 3.00000e-04
2.17760e+05 3.00000e-04
2.17810e+05 3.00000e-04
2.17870e+05 3.00000e-04
2.17930e+05 3.00000e-04
2.17990e+05 4.00000e-04
2.18050e+05 4.00000e-04
2.18100e+05 4.00000e-04
2.18160e+05 4.00000e-04
2.18220e+05 4.00000e-04
2.18280e+05 4.00000e-04
2.18340e+05 4.00000e-04
2.18390e+05 5.00000e-04
2.18450e+05 5.00000e-04
2.18510e+05 5.00000e-04
2.18570e+05 5.00000e-04
2.18630e+05 5.00000e-04
2.18680e+05 6.00000e-04
2.18740e+05 6.00000e-04
2.18800e+05 6.00000e-04
2.18860e+05 6.00000e-04
2.18920e+05 7.00000e-04
2.18970e+05 7.00000e-04
2.19030e+05 7.00000e-04
2.19090e+05 7.00000e-04
2.19150e+05 8.00000e-04
2.19210e+05 8.00000e-04
2.19260e+05 8.00000e-04
2.19320e+05 8.00000e-04
2.19380e+05 9.00000e-04
2.19440e+05 9.00000e-04
2.19500e+05 9.00000e-04
2.19550e+05 1.00000e-03
2.19610e+05 1.00000e-03
2.19670e+05 1.00000e-03
2.19730e+05 1.00000e-03
2.19790e+05 1.10000e-03
2.19840e+05 1.10000e-03
2.19900e+05 1.10000e-03
2.19960e+05 1.20000e-03
2.20020e+05 1.20000e-03
2.20080e+05 1.20000e-03
2.20130e+05 1.20000e-03
2.20190e+05 1.30000e-03
2.20250e+05 1.30000e-03
2.20310e+05 1.30000e-03
2.20370e+05 1.30000e-03
2.20420e+05 1.30000e-03
2.20480e+05 1.40000e-03
2.20540e+05 1.40000e-03
2.20600e+05 1.40000e-03
2.20660e+05 1.40000e-03
2.20710e+05 1.40000e-03
2.20770e+05 1.40000e-03
2.20830e+05 1.50000e-03
2.20890e+05 1.50000e-03
2.20950e+05 1.50000e-03
2.21000e+05 1.50000e-03
2.21060e+05 1.50000e-03
2.21120e+05 1.50000e-03
2.21180e+05 1.50000e-03
2.21240e+05 1.50000e-03
2.21290e+05 1.50000e-03
2.21350e+05 1.50000e-03
2.21410e+05 1.50000e-03
2.21470e+05 1.50000e-03
2.21530e+05 1.50000e-03
2.21580e+05 1.50000e-03
2.21640e+05 1.50000e-03
2.21700e+05 1.50000e-03
2.21760e+05 1.50000e-03
2.21820e+05 1.60000e-03
2.21870e+05 1.60000e-03
2.21930e+05 1.60000e-03
2.21990e+05 1.60000e-03
2.22050e+05 1.60000e-03
2.22110e+05 1.60000e-03
2.22160e+05 1.60000e-03
2.22220e+05 1.60000e-03
2.22280e+05 1.60000e-03
2.22340e+05 1.60000e-03
2.22400e+05 1.70000e-03
2.22450e+05 1.70000e-03
2.22510e+05 1.70000e-03
2.22570e+05 1.70000e-03
2.22630e+05 1.70000e-03
2.22690e+05 1.80000e-03
2.22740e+05 1.80000e-03
2.22800e+05 1.80000e-03
2.22860e+05 1.90000e-03
2.22920e+05 1.90000e-03
2.22980e+05 1.90000e-03
2.23030e+05 2.00000e-03
2.23090e+05 2.00000e-03
2.23150e+05 2.10000e-03
2.23210e+05 2.10000e-03
2.23270e+05 2.20000e-03
2.23320e+05 2.30000e-03
2.23380e+05 2.30000e-03
2.23440e+05 2.40000e-03
2.23500e+05 2.50000e-03
2.23560e+05 2.50000e-03
2.23610e+05 2.60000e-03
2.23670e+05 2.70000e-03
2.23730e+05 2.80000e-03
2.23790e+05 2.90000e-03
2.23850e+05 2.90000e-03
2.23900e+05 3.00000e-03
2.23960e+05 3.10000e-03
2.24020e+05 3.20000e-03
2.24080e+05 3.30000e-03
2.24140e+05 3.40000e-03
2.24190e+05 3.60000e-03
2.24250e+05 3.70000e-03
2.24310e+05 3.80000e-03
2.24370e+05 3.90000e-03
2.24430e+05 4.00000e-03
2.24480e+05 4.10000e-03
2.24540e+05 4.20000e-03
2.24600e+05 4.40000e-03
2.24660e+05 4.50000e-03
2.24720e+05 4.60000e-03
2.24770e+05 4.70000e-03
2.24830e+05 4.80000e-03
2.24890e+05 5.00000e-03
2.24950e+05 5.10000e-03
2.25010e+05 5.20000e-03
2.25060e+05 5.30000e-03
2.25120e+05 5.50000e-03
2.25180e+05 5.60000e-03
2.25240e+05 5.70000e-03
2.25300e+05 5.80000e-03
2.25350e+05 6.00000e-03
2.25410e+05 6.10000e-03
2.25470e+05 6.20000e-03
2.25530e+05 6.30000e-03
2.25590e+05 6.50000e-03
2.25640e+05 6.60000e-03
2.25700e+05 6.70000e-03
2.25760e+05 6.90000e-03
2.25820e+05 7.00000e-03
2.25880e+05 7.10000e-03
2.25930e+05 7.30000e-03
2.25990e+05 7.40000e-03
2.26050e+05 7.50000e-03
2.26110e+05 7.70000e-03
2.26170e+05 7.80000e-03
2.26220e+05 8.00000e-03
2.26280e+05 8.10000e-03
2.26340e+05 8.30000e-03
2.26400e+05 8.50000e-03
2.26460e+05 8.70000e-03
2.26510e+05 8.80000e-03
2.26570e+05 9.00000e-03
2.26630e+05 9.20000e-03
2.26690e+05 9.40000e-03
2.26750e+05 9.60000e-03
2.26800e+05 9.80000e-03
2.26860e+05 1.01000e-02
2.26920e+05 1.03000e-02
2.26980e+05 1.05000e-02
2.27040e+05 1.08000e-02
2.27090e+05 1.11000e-02
2.27150e+05 1.13000e-02
2.27210e+05 1.16000e-02
2.27270e+05 1.19000e-02
2.27330e+05 1.22000e-02
2.27380e+05 1.25000e-02
2.27440e+05 1.29000e-02
2.27500e+05 1.32000e-02
2.27560e+05 1.35000e-02
2.27620e+05 1.39000e-02
2.27670e+05 1.43000e-02
2.27730e+05 1.47000e-02
2.27790e+05 1.50000e-02
2.27850e+05 1.55000e-02
2.27910e+05 1.59000e-02
2.27960e+05 1.63000e-02
2.28020e+05 1.67000e-02
2.28080e+05 1.72000e-02
2.28140e+05 1.76000e-02
2.28200e+05 1.81000e-02
2.28250e+05 1.86000e-02
2.28310e+05 1.91000e-02
2.28370e+05 1.96000e-02
2.28430e+05 2.01000e-02
2.28490e+05 2.06000e-02
2.28540e+05 2.12000e-02
2.28600e+05 2.17000e-02
2.28660e+05 2.23000e-02
2.28720e+05 2.28000e-02
2.28780e+05 2.34000e-02
2.28830e+05 2.40000e-02
2.28890e+05 2.46000e-02
2.28950e+05 2.52000e-02
2.29010e+05 2.58000e-02
2.29070e+05 2.65000e-02
2.29120e+05 2.72000e-02
2.29180e+05 2.78000e-02
2.29240e+05 2.85000e-02
2.29300e+05 2.92000e-02
2.29360e+05 2.99000e-02
2.29410e+05 3.06000e-02
2.29470e+05 3.14000e-02
2.29530e+05 3.21000e-02
2.29590e+05 3.29000e-02
2.29650e+05 3.37000e-02
2.29700e+05 3.45000e-02
2.29760e+05 3.53000e-02
2.29820e+05 3.61000e-02
2.29880e+05 3.70000e-02
2.29940e+05 3.78000e-02
2.29990e+05 3.87000e-02
2.30050e+05 3.96000e-02
2.30110e+05 4.05000e-02
2.30170e+05 4.14000e-02
2.30230e+05 4.24000e-02
2.30280e+05 4.34000e-02
2.30340e+05 4.44000e-02
2.30400e+05 4.54000e-02
2.30460e+05 4.65000e-02
2.30520e+05 4.76000e-02
2.30570e+05 4.86000e-02
2.30630e+05 4.98000e-02
2.30690e+05 5.09000e-02
2.30750e+05 5.21000e-02
2.30810e+05 5.33000e-02
2.30860e+05 5.45000e-02
2.30920e+05 5.58000e-02
2.30980e+05 5.70000e-02
2.31040e+05 5.84000e-02
2.31100e+05 5.97000e-02
2.31150e+05 6.11000e-02
2.31210e+05 6.24000e-02
2.31270e+05 6.39000e-02
2.31330e+05 6.53000e-02
2.31390e+05 6.68000e-02
2.31440e+05 6.83000e-02
2.31500e+05 6.98000e-02
2.31560e+05 7.13000e-02
2.31620e+05 7.29000e-02
2.31680e+05 7.45000e-02
2.31730e+05 7.61000e-02
2.31790e+05 7.77000e-02
2.31850e+05 7.94000e-02
2.31910e+05 8.10000e-02
2.31970e+05 8.27000e-02
2.32020e+05 8.44000e-02
2.32080e+05 8.61000e-02
2.32140e+05 8.79000e-02
2.32200e+05 8.96000e-02
2.32260e+05 9.14000e-02
2.32310e+05 9.32000e-02
2.32370e+05 9.49000e-02
2.32430e+05 9.67000e-02
2.32490e+05 9.85000e-02
2.32550e+05 1.00300e-01
2.32600e+05 1.02200e-01
2.32660e+05 1.04000e-01
2.32720e+05 1.05800e-01
2.32780e+05 1.07700e-01
2.32840e+05 1.09500e-01
2.32890e+05 1.11400e-01
2.32950e+05 1.13200e-01
2.33010e+05 1.15100e-01
2.33070e+05 1.16900e-01
2.33130e+05 1.18800e-01
2.33180e+05 1.20700e-01
2.33240e+05 1.22500e-01
2.33300e+05 1.24400e-01
2.33360e+05 1.26300e-01
2.33420e+05 1.28100e-01
2.33470e+05 1.30000e-01
2.33530e+05 1.31900e-01
2.33590e+05 1.33700e-01
2.33650e+05 1.35600e-01
2.33710e+05 1.37400e-01
2.33760e+05 1.39300e-01
2.33820e+05 1.41100e-01
2.33880e+05 1.42900e-01
2.33940e+05 1.44800e-01
2.34000e+05 1.46600e-01
2.34050e+05 1.48400e-01
2.34110e+05 1.50200e-01
2.34170e+05 1.52000e-01
2.34230e+05 1.53700e-01
2.34290e+05 1.55500e-01
2.34340e+05 1.57300e-01
2.34400e+05 1.59000e-01
2.34460e+05 1.60700e-01
2.34520e+05 1.62400e-01
2.34580e+05 1.64100e-01
2.34630e+05 1.65800e-01
2.34690e+05 1.67400e-01
2.34750e+05 1.69000e-01
2.34810e+05 1.70700e-01
2.34870e+05 1.72200e-01
2.34920e+05 1.73800e-01
2.34980e+05 1.75400e-01
2.35040e+05 1.76900e-01
2.35100e+05 1.78500e-01
2.35160e+05 1.80100e-01
2.35210e+05 1.81600e-01
2.35270e+05 1.83100e-01
2.35330e+05 1.84600e-01
2.35390e+05 1.86100e-01
2.35450e+05 1.87500e-01
2.35500e+05 1.88900e-01
2.35560e+05 1.90300e-01
2.35620e+05 1.91600e-01
2.35680e+05 1.92900e-01
2.35740e+05 1.94200e-01
2.35790e+05 1.95500e-01
2.35850e+05 1.96700e-01
2.35910e+05 1.97800e-01
2.35970e+05 1.99000e-01
2.36030e+05 2.00200e-01
2.36080e+05 2.01200e-01
2.36140e+05 2.02300e-01
2.36200e+05 2.03400e-01
2.36260e+05 2.04400e-01
2.36320e+05 2.05300e-01
2.36370e+05 2.06300e-01
2.36430e+05 2.07200e-01
2.36490e+05 2.08100e-01
2.36550e+05 2.09000e-01
2.36610e+05 2.09900e-01
2.36660e+05 2.10700e-01
2.36720e+05 2.11500e-01
2.36780e+05 2.12300e-01
2.36840e+05 2.13000e-01
2.36900e+05 2.13700e-01
2.36950e+05 2.14400e-01
2.37010e+05 2.15100e-01
2.37070e+05 2.15800e-01
2.37130e+05 2.16400e-01
2.37190e+05 2.17000e-01
2.37240e+05 2.17600e-01
2.37300e+05 2.18200e-01
2.37360e+05 2.18800e-01
2.37420e+05 2.19400e-01
2.37480e+05 2.19900e-01
2.37530e+05 2.20400e-01
2.37590e+05 2.20900e-01
2.37650e+05 2.21400e-01
2.37710e+05 2.21800e-01
2.37770e+05 2.22300e-01
2.37820e+05 2.22700e-01
2.37880e+05 2.23200e-01
2.37940e+05 2.23600e-01
2.38000e+05 2.24000e-01
2.38060e+05 2.24400e-01
2.38110e+05 2.24700e-01
2.38170e+05 2.25100e-01
2.38230e+05 2.25400e-01
2.38290e+05 2.25800e-01
2.38350e+05 2.26100e-01
2.38400e+05 2.26400e-01
2.38460e+05 2.26700e-01
2.38520e+05 2.27000e-01
2.38580e+05 2.27300e-01
2.38640e+05 2.27600e-01
2.38690e+05 2.27900e-01
2.38750e+05 2.28100e-01
2.38810e+05 2.28400e-01
2.38870e+05 2.28600e-01
2.38930e+05 2.28800e-01
2.38980e+05 2.29100e-01
2.39040e+05 2.29300e-01
2.39100e+05 2.29500e-01
2.39160e+05 2.29700e-01
2.39220e+05 2.29900e-01
2.39270e+05 2.30100e-01
2.39330e+05 2.30200e-01
2.39390e+05 2.30400e-01
2.39450e+05 2.30600e-01
2.39510e+05 2.30700e-01
2.39560e+05 2.30900e-01
2.39620e+05 2.31100e-01
2.39680e+05 2.31200e-01
2.39740e+05 2.31300e-01
2.39800e+05 2.31500e-01
2.39850e+05 2.31600e-01
2.39910e+05 2.31700e-01
2.39970e+05 2.31900e-01
2.40030e+05 2.31900e-01
2.40090e+05 2.31800e-01
2.40140e+05 2.31700e-01
2.40200e+05 2.31700e-01
2.40260e+05 2.31600e-01
2.40320e+05 2.31500e-01
2.40380e+05 2.31400e-01
2.40430e+05 2.31300e-01
2.40490e+05 2.31200e-01
2.40550e+05 2.31100e-01
2.40610e+05 2.31000e-01
2.40670e+05 2.30900e-01
2.40720e+05 2.30800e-01
2.40780e+05 2.30700e-01
2.40840e+05 2.30600e-01
2.40900e+05 2.30500e-01
2.40960e+05 2.30400e-01
2.41010e+05 2.30300e-01
2.41070e+05 2.30200e-01
2.41130e+05 2.30100e-01
2.41190e+05 2.30000e-01
2.41250e+05 2.29900e-01
2.41300e+05 2.29800e-01
2.41360e+05 2.29700e-01
2.41420e+05 2.29600e-01
2.41480e+05 2.29500e-01
2.41540e+05 2.29300e-01
2.41590e+05 2.29200e-01
2.41650e+05 2.29100e-01
2.41710e+05 2.29000e-01
2.41770e+05 2.28900e-01
2.41830e+05 2.28700e-01
2.41880e+05 2.28600e-01
2.41940e+05 2.28500e-01
2.42000e+05 2.28400e-01
2.42060e+05 2.28200e-01
2.42120e+05 2.28100e-01
2.42170e+05 2.27900e-01
2.42230e+05 2.27800e-01
2.42290e+05 2.27700e-01
2.42350e+05 2.27500e-01
2.42410e+05 2.27400e-01
2.42460e+05 2.27300e-01
2.42520e+05 2.27100e-01
2.42580e+05 2.27000e-01
2.42640e+05 2.26800e-01
2.42700e+05 2.26700e-01
2.42750e+05 2.26500e-01
2.42810e+05 2.26400e-01
2.42870e+05 2.26300e-01
2.42930e+05 2.26100e-01
2.42990e+05 2.26000e-01
2.43040e+05 2.25800e-01
2.43100e+05 2.25700e-01
2.43160e+05 2.25500e-01
2.43220e+05 2.25400e-01
2.43280e+05 2.25200e-01
2.43330e+05 2.25100e-01
2.43390e+05 2.25000e-01
2.43450e+05 2.24800e-01
2.43510e+05 2.24700e-01
2.43570e+05 2.24500e-01
2.43620e+05 2.24400e-01
2.43680e+05 2.24200e-01
2.43740e+05 2.24100e-01
2.43800e+05 2.24000e-01
2.43860e+05 2.23800e-01
2.43910e+05 2.23700e-01
2.43970e+05 2.23600e-01
2.44030e+05 2.23400e-01
2.44090e+05 2.23300e-01
2.44150e+05 2.23200e-01
2.44200e+05 2.23000e-01
2.44260e+05 2.22900e-01
2.44320e+05 2.22800e-01
2.44380e+05 2.22600e-01
2.44440e+05 2.22500e-01
2.44490e+05 2.22400e-01
2.44550e+05 2.22200e-01
2.44610e+05 2.22100e-01
2.44670e+05 2.22000e-01
2.44730e+05 2.21900e-01
2.44780e+05 2.21700e-01
2.44840e+05 2.21600e-01
2.44900e+05 2.21500e-01
2.44960e+05 2.21400e-01
2.45020e+05 2.21200e-01
2.45070e+05 2.21100e-01
2.45130e+05 2.21000e-01
2.45190e+05 2.20900e-01
2.45250e+05 2.20700e-01
2.45310e+05 2.20600e-01
2.45360e+05 2.20500e-01
2.45420e+05 2.20400e-01
2.45480e+05 2.20300e-01
2.45540e+05 2.20100e-01
2.45600e+05 2.20000e-01
2.45650e+05 2.19900e-01
2.45710e+05 2.19800e-01
2.45770e+05 2.19600e-01
2.45830e+05 2.19500e-01
2.45890e+05 2.19400e-01
2.45940e+05 2.19300e-01
2.46000e+05 2.19100e-01
2.46060e+05 2.19000e-01
2.46120e+05 2.18900e-01
2.46180e+05 2.18700e-01
2.46230e+05 2.18600e-01
2.46290e+05 2.18500e-01
2.46350e+05 2.18300e-01
2.46410e+05 2.18200e-01
2.46470e+05 2.18000e-01
2.46520e+05 2.17900e-01
2.46580e+05 2.17800e-01
2.46640e+05 2.17600e-01
2.46700e+05 2.17500e-01
2.46760e+05 2.17300e-01
2.46810e+05 2.17200e-01
2.46870e+05 2.17000e-01
2.46930e+05 2.16900e-01
2.46990e+05 2.16700e-01
2.47050e+05 2.16500e-01
2.47100e+05 2.16400e-01
2.47160e+05 2.16200e-01
2.47220e+05 2.16100e-01
2.47280e+05 2.15900e-01
2.47340e+05 2.15700e-01
2.47390e+05 2.15600e-01
2.47450e+05 2.15400e-01
2.47510e+05 2.15200e-01
2.47570e+05 2.15100e-01
2.47630e+05 2.14900e-01
2.47680e+05 2.14700e-01
2.47740e+05 2.14500e-01
2.47800e+05 2.14400e-01
2.47860e+05 2.14200e-01
2.47920e+05 2.14000e-01
2.47970e+05 2.13800e-01
2.48030e+05 2.13600e-01
2.48090e+05 2.13500e-01
2.48150e+05 2.13300e-01
2.48210e+05 2.13100e-01
2.48260e+05 2.12900e-01
2.48320e+05 2.12700e-01
2.48380e+05 2.12500e-01
2.48440e+05 2.12300e-01
2.48500e+05 2.12200e-01
2.48550e+05 2.12000e-01
2.48610e+05 2.11800e-01
2.48670e+05 2.11600e-01
2.48730e+05 2.11400e-01
2.48790e+05 2.11200e-01
2.48840e+05 2.11000e-01
2.48900e+05 2.10800e-01
2.48960e+05 2.10600e-01
2.49020e+05 2.10400e-01
2.49080e+05 2.10200e-01
2.49130e+05 2.10000e-01
2.49190e+05 2.09800e-01
2.49250e+05 2.09600e-01
2.49310e+05 2.09400e-01
2.49370e+05 2.09200e-01
2.49420e+05 2.09000e-01
2.49480e+05 2.08800e-01
2.49540e+05 2.08500e-01
2.49600e+05 2.08300e-01
2.49660e+05 2.08100e-01
2.49710e+05 2.07900e-01
2.49770e+05 2.07700e-01
2.49830e+05 2.07500e-01
2.49890e+05 2.07300e-01
2.49950e+05 2.07100e-01
2.50000e+05 2.06800e-01
2.50060e+05 2.06700e-01
2.50120e+05 2.06500e-01
2.50180e+05 2.06300e-01
2.50240e+05 2.06100e-01
2.50290e+05 2.05900e-01
2.50350e+05 2.05700e-01
2.50410e+05 2.05600e-01
2.50470e+05 2.05400e-01
2.50530e+05 2.05200e-01
2.50580e+05 2.05000e-01
2.50640e+05 2.04800e-01
2.50700e+05 2.04700e-01
2.50760e+05 2.04500e-01
2.50820e+05 2.04300e-01
2.50870e+05 2.04100e-01
2.50930e+05 2.03900e-01
2.50990e+05 2.03700e-01
2.51050e+05 2.03600e-01
2.51110e+05 2.03400e-01
2.51160e+05 2.03200e-01
2.51220e+05 2.03000e-01
2.51280e+05 2.02900e-01
2.51340e+05 2.02700e-01
2.51400e+05 2.02500e-01
2.51450e+05 2.02300e-01
2.51510e+05 2.02200e-01
2.51570e+05 2.02000e-01
2.51630e+05 2.01800e-01
2.51690e+05 2.01600e-01
2.51740e+05 2.01500e-01
2.51800e+05 2.01300e-01
2.51860e+05 2.01100e-01
2.51920e+05 2.01000e-01
2.51980e+05 2.00800e-01
2.52030e+05 2.00600e-01
2.52090e+05 2.00500e-01
2.52150e+05 2.00300e-01
2.52210e+05 2.00100e-01
2.52270e+05 2.00000e-01
2.52320e+05 1.99800e-01
2.52380e+05 1.99600e-01
2.52440e+05 1.99500e-01
2.52500e+05 1.99300e-01
2.52560e+05 1.99100e-01
2.52610e+05 1.99000e-01
2.52670e+05 1.98800e-01
2.52730e+05 1.98600e-01
2.52790e+05 1.98500e-01
2.52850e+05 1.98300e-01
2.52900e+05 1.98100e-01
2.52960e+05 1.97900e-01
2.53020e+05 1.97800e-01
2.53080e+05 1.97600e-01
2.53140e+05 1.97400e-01
2.53190e+05 1.97300e-01
2.53250e+05 1.97100e-01
2.53310e+05 1.96900e-01
2.53370e+05 1.96700e-01
2.53430e+05 1.96500e-01
2.53480e+05 1.96400e-01
2.53540e+05 1.96200e-01
2.53600e+05 1.96000e-01
2.53660e+05 1.95800e-01
2.53720e+05 1.95700e-01
2.53770e+05 1.95500e-01
2.53830e+05 1.95300e-01
2.53890e+05 1.95100e-01
2.53950e+05 1.95000e-01
2.54010e+05 1.94800e-01
2.54060e+05 1.94600e-01
2.54120e+05 1.94400e-01
2.54180e+05 1.94200e-01
2.54240e+05 1.94100e-01
2.54300e+05 1.93900e-01
2.54350e+05 1.93700e-01
2.54410e+05 1.93500e-01
2.54470e+05 1.93400e-01
2.54530e+05 1.93200e-01
2.54590e+05 1.93000e-01
2.54640e+05 1.92800e-01
2.54700e+05 1.92700e-01
2.54760e+05 1.92500e-01
2.54820e+05 1.92300e-01
2.54880e+05 1.92200e-01
2.54930e+05 1.92000e-01
2.54990e+05 1.91800e-01
2.55050e+05 1.91600e-01
2.55110e+05 1.91300e-01
2.55170e+05 1.91000e-01
2.55220e+05 1.90800e-01
2.55280e+05 1.90500e-01
2.55340e+05 1.90200e-01
2.55400e+05 1.90000e-01
2.55460e+05 1.89700e-01
2.55510e+05 1.89400e-01
2.55570e+05 1.89200e-01
2.55630e+05 1.88900e-01
2.55690e+05 1.88600e-01
2.55750e+05 1.88400e-01
2.55800e+05 1.88100e-01
2.55860e+05 1.87800e-01
2.55920e+05 1.87600e-01
2.55980e+05 1.87300e-01
2.56040e+05 1.87000e-01
2.56090e+05 1.86800e-01
2.56150e+05 1.86500e-01
2.56210e+05 1.86200e-01
2.56270e+05 1.86000e-01
2.56330e+05 1.85700e-01
2.56380e+05 1.85400e-01
2.56440e+05 1.85200e-01
2.56500e+05 1.84900e-01
2.56560e+05 1.84600e-01
2.56620e+05 1.84400e-01
2.56670e+05 1.84100e-01
2.56730e+05 1.83800e-01
2.56790e+05 1.83600e-01
2.56850e+05 1.83300e-01
2.56910e+05 1.83000e-01
2.56960e+05 1.82800e-01
2.57020e+05 1.82500e-01
2.57080e+05 1.82200e-01
2.57140e+05 1.81900e-01
2.57200e+05 1.81700e-01
2.57250e+05 1.81400e-01
2.57310e+05 1.81100e-01
2.57370e+05 1.80900e-01
2.57430e+05 1.80600e-01
2.57490e+05 1.80300e-01
2.57540e+05 1.80000e-01
2.57600e+05 1.79800e-01
2.57660e+05 1.79500e-01
2.57720e+05 1.79200e-01
2.57780e+05 1.78900e-01
2.57830e+05 1.78600e-01
2.57890e+05 1.78400e-01
2.57950e+05 1.78100e-01
2.58010e+05 1.77800e-01
2.58070e+05 1.77500e-01
2.58120e+05 1.77200e-01
2.58180e+05 1.76900e-01
2.58240e+05 1.76700e-01
2.58300e+05 1.76400e-01
2.58360e+05 1.76100e-01
2.58410e+05 1.75800e-01
2.58470e+05 1.75500e-01
2.58530e+05 1.75200e-01
2.58590e+05 1.74900e-01
2.58650e+05 1.74600e-01
2.58700e+05 1.74300e-01
2.58760e+05 1.74000e-01
2.58820e+05 1.73700e-01
2.58880e+05 1.73400e-01
2.58940e+05 1.73100e-01
2.58990e+05 1.72800e-01
2.59050e+05 1.72500e-01
2.59110e+05 1.72200e-01
2.59170e+05 1.71900e-01
2.59230e+05 1.71600e-01
2.59280e+05 1.71300e-01
2.59340e+05 1.70900e-01
2.59400e+05 1.70600e-01
2.59460e+05 1.70300e-01
2.59520e+05 1.70000e-01
2.59570e+05 1.69600e-01
2.59630e+05 1.69300e-01
2.59690e+05 1.69000e-01
2.59750e+05 1.68600e-01
2.59810e+05 1.68300e-01
2.59860e+05 1.68000e-01
2.59920e+05 1.67600e-01
2.59980e+05 1.67300e-01
2.60040e+05 1.66800e-01
2.60100e+05 1.66400e-01
2.60150e+05 1.65900e-01
2.60210e+05 1.65500e-01
2.60270e+05 1.65000e-01
2.60330e+05 1.64500e-01
2.60390e+05 1.64100e-01
2.60440e+05 1.63600e-01
2.60500e+05 1.63100e-01
2.60560e+05 1.62700e-01
2.60620e+05 1.62200e-01
2.60680e+05 1.61700e-01
2.60730e+05 1.61200e-01
2.60790e+05 1.60700e-01
2.60850e+05 1.60200e-01
2.60910e+05 1.59800e-01
2.60970e+05 1.59300e-01
2.61020e+05 1.58800e-01
2.61080e+05 1.58300e-01
2.61140e+05 1.57800e-01
2.61200e+05 1.57300e-01
2.61260e+05 1.56800e-01
2.61310e+05 1.56300e-01
2.61370e+05 1.55800e-01
2.61430e+05 1.55300e-01
2.61490e+05 1.54800e-01
2.61550e+05 1.54300e-01
2.61600e+05 1.53800e-01
2.61660e+05 1.53300e-01
2.61720e+05 1.52800e-01
2.61780e+05 1.52300e-01
2.61840e+05 1.51800e-01
2.61890e+05 1.51300e-01
2.61950e+05 1.50800e-01
2.62010e+05 1.50300e-01
2.62070e+05 1.49800e-01
2.62130e+05 1.49300e-01
2.62180e+05 1.48800e-01
2.62240e+05 1.48300e-01
2.62300e+05 1.47800e-01
2.62360e+05 1.47300e-01
2.62420e+05 1.46800e-01
2.62470e+05 1.46300e-01
2.62530e+05 1.45800e-01
2.62590e+05 1.45300e-01
2.62650e+05 1.44800e-01
2.62710e+05 1.44400e-01
2.62760e+05 1.43900e-01
2.62820e+05 1.43400e-01
2.62880e+05 1.42900e-01
2.62940e+05 1.42500e-01
2.63000e+05 1.42000e-01
2.63050e+05 1.41500e-01
2.63110e+05 1.41000e-01
2.63170e+05 1.40600e-01
2.63230e+05 1.40100e-01
2.63290e+05 1.39700e-01
2.63340e+05 1.39200e-01
2.63400e+05 1.38800e-01
2.63460e+05 1.38300e-01
2.63520e+05 1.37900e-01
2.63580e+05 1.37400e-01
2.63630e+05 1.37000e-01
2.63690e+05 1.36500e-01
2.63750e+05 1.36100e-01
2.63810e+05 1.35700e-01
2.63870e+05 1.35200e-01
2.63920e+05 1.34800e-01
2.63980e+05 1.34400e-01
2.64040e+05 1.34000e-01
2.64100e+05 1.33600e-01
2.64160e+05 1.33100e-01
2.64210e+05 1.32700e-01
2.64270e+05 1.32300e-01
2.64330e+05 1.31900e-01
2.64390e+05 1.31500e-01
2.64450e+05 1.31100e-01
2.64500e+05 1.30700e-01
2.64560e+05 1.30300e-01
2.64620e+05 1.29900e-01
2.64680e+05 1.29500e-01
2.64740e+05 1.29100e-01
2.64790e+05 1.28700e-01
2.64850e+05 1.28300e-01
2.64910e+05 1.27900e-01
2.64970e+05 1.27500e-01
2.65030e+05 1.27200e-01
2.65080e+05 1.26900e-01
2.65140e+05 1.26700e-01
2.65200e+05 1.26400e-01
2.65260e+05 1.26100e-01
2.65320e+05 1.25800e-01
2.65370e+05 1.25500e-01
2.65430e+05 1.25300e-01
2.65490e+05 1.25000e-01
2.65550e+05 1.24700e-01
2.65610e+05 1.24500e-01
2.65660e+05 1.24200e-01
2.65720e+05 1.23900e-01
2.65780e+05 1.23600e-01
2.65840e+05 1.23400e-01
2.65900e+05 1.23100e-01
2.65950e+05 1.22800e-01
2.66010e+05 1.22500e-01
2.66070e+05 1.22300e-01
2.66130e+05 1.22000e-01
2.66190e+05 1.21700e-01
2.66240e+05 1.21500e-01
2.66300e+05 1.21200e-01
2.66360e+05 1.20900e-01
2.66420e+05 1.20600e-01
2.66480e+05 1.20300e-01
2.66530e+05 1.20000e-01
2.66590e+05 1.19800e-01
2.66650e+05 1.19500e-01
2.66710e+05 1.19200e-01
2.66770e+05 1.18900e-01
2.66820e+05 1.18600e-01
2.66880e+05 1.18300e-01
2.66940e+05 1.18000e-01
2.67000e+05 1.17700e-01
2.67060e+05 1.17400e-01
2.67110e+05 1.17100e-01
2.67170e+05 1.16800e-01
2.67230e+05 1.16500e-01
2.67290e+05 1.16200e-01
2.67350e+05 1.15900e-01
2.67400e+05 1.15500e-01
2.67460e+05 1.15200e-01
2.67520e+05 1.14900e-01
2.67580e+05 1.14600e-01
2.67640e+05 1.14300e-01
2.67690e+05 1.13900e-01
2.67750e+05 1.13600e-01
2.67810e+05 1.13300e-01
2.67870e+05 1.12900e-01
2.67930e+05 1.12600e-01
2.67980e+05 1.12200e-01
2.68040e+05 1.11900e-01
2.68100e+05 1.11600e-01
2.68160e+05 1.11200e-01
2.68220e+05 1.10900e-01
2.68270e+05 1.10500e-01
2.68330e+05 1.10200e-01
2.68390e+05 1.09800e-01
2.68450e+05 1.09500e-01
2.68510e+05 1.09200e-01
2.68560e+05 1.08800e-01
2.68620e+05 1.08500e-01
2.68680e+05 1.08100e-01
2.68740e+05 1.07800e-01
2.68800e+05 1.07400e-01
2.68850e+05 1.07100e-01
2.68910e+05 1.06800e-01
2.68970e+05 1.06400e-01
2.69030e+05 1.06100e-01
2.69090e+05 1.05700e-01
2.69140e+05 1.05400e-01
2.69200e+05 1.05100e-01
2.69260e+05 1.04800e-01
2.69320e+05 1.04500e-01
2.69380e+05 1.04100e-01
2.69430e+05 1.03800e-01
2.69490e+05 1.03500e-01
2.69550e+05 1.03200e-01
2.69610e+05 1.02900e-01
2.69670e+05 1.02600e-01
2.69720e+05 1.02300e-01
2.69780e+05 1.02000e-01
2.69840e+05 1.01700e-01
2.69900e+05 1.01400e-01
2.69960e+05 1.01100e-01
2.70010e+05 1.00900e-01
2.70070e+05 1.00700e-01
2.70130e+05 1.00500e-01
2.70190e+05 1.00200e-01
2.70250e+05 1.00000e-01
2.70300e+05 9.98000e-02
2.70360e+05 9.96000e-02
2.70420e+05 9.94000e-02
2.70480e+05 9.92000e-02
2.70540e+05 9.90000e-02
2.70590e+05 9.88000e-02
2.70650e+05 9.87000e-02
2.70710e+05 9.85000e-02
2.70770e+05 9.83000e-02
2.70830e+05 9.81000e-02
2.70880e+05 9.79000e-02
2.70940e+05 9.78000e-02
2.71000e+05 9.76000e-02
2.71060e+05 9.74000e-02
2.71120e+05 9.72000e-02
2.71170e+05 9.71000e-02
2.71230e+05 9.69000e-02
2.71290e+05 9.67000e-02
2.71350e+05 9.66000e-02
2.71410e+05 9.64000e-02
2.71460e+05 9.62000e-02
2.71520e+05 9.61000e-02
2.71580e+05 9.59000e-02
2.71640e+05 9.58000e-02
2.71700e+05 9.56000e-02
2.71750e+05 9.54000e-02
2.71810e+05 9.53000e-02
2.71870e+05 9.51000e-02
2.71930e+05 9.50000e-02
2.71990e+05 9.48000e-02
2.72040e+05 9.46000e-02
2.72100e+05 9.45000e-02
2.72160e+05 9.43000e-02
2.72220e+05 9.42000e-02
2.72280e+05 9.40000e-02
2.72330e+05 9.38000e-02
2.72390e+05 9.37000e-02
2.72450e+05 9.35000e-02
2.72510e+05 9.34000e-02
2.72570e+05 9.32000e-02
2.72620e+05 9.30000e-02
2.72680e+05 9.29000e-02
2.72740e+05 9.27000e-02
2.72800e+05 9.26000e-02
2.72860e+05 9.24000e-02
2.72910e+05 9.22000e-02
2.72970e+05 9.21000e-02
2.73030e+05 9.19000e-02
2.73090e+05 9.17000e-02
2.73150e+05 9.16000e-02
2.73200e+05 9.14000e-02
2.73260e+05 9.13000e-02
2.73320e+05 9.11000e-02
2.73380e+05 9.09000e-02
2.73440e+05 9.08000e-02
2.73490e+05 9.06000e-02
2.73550e+05 9.04000e-02
2.73610e+05 9.03000e-02
2.73670e+05 9.01000e-02
2.73730e+05 8.99000e-02
2.73780e+05 8.97000e-02
2.73840e+05 8.96000e-02
2.73900e+05 8.94000e-02
2.73960e+05 8.92000e-02
2.74020e+05 8.91000e-02
2.74070e+05 8.89000e-02
2.74130e+05 8.87000e-02
2.74190e+05 8.85000e-02
2.74250e+05 8.83000e-02
2.74310e+05 8.82000e-02
2.74360e+05 8.80000e-02
2.74420e+05 8.78000e-02
2.74480e+05 8.76000e-02
2.74540e+05 8.75000e-02
2.74600e+05 8.73000e-02
2.74650e+05 8.71000e-02
2.74710e+05 8.69000e-02
2.74770e+05 8.67000e-02
2.74830e+05 8.65000e-02
2.74890e+05 8.64000e-02
2.74940e+05 8.62000e-02
2.75000e+05 8.60000e-02
2.75060e+05 8.56000e-02
2.75120e+05 8.53000e-02
2.75180e+05 8.50000e-02
2.75230e+05 8.46000e-02
2.75290e+05 8.43000e-02
2.75350e+05 8.39000e-02
2.75410e+05 8.36000e-02
2.75470e+05 8.33000e-02
2.75520e+05 8.29000e-02
2.75580e+05 8.26000e-02
2.75640e+05 8.22000e-02
2.75700e+05 8.19000e-02
2.75760e+05 8.16000e-02
2.75810e+05 8.12000e-02
2.75870e+05 8.09000e-02
2.75930e+05 8.05000e-02
2.75990e+05 8.02000e-02
2.76050e+05 7.99000e-02
2.76100e+05 7.95000e-02
2.76160e+05 7.92000e-02
2.76220e+05 7.89000e-02
2.76280e+05 7.85000e-02
2.76340e+05 7.82000e-02
2.76390e+05 7.78000e-02
2.76450e+05 7.75000e-02
2.76510e+05 7.72000e-02
2.76570e+05 7.68000e-02
2.76630e+05 7.65000e-02
2.76680e+05 7.62000e-02
2.76740e+05 7.58000e-02
2.76800e+05 7.55000e-02
2.76860e+05 7.52000e-02
2.76920e+05 7.48000e-02
2.76970e+05 7.45000e-02
2.77030e+05 7.42000e-02
2.77090e+05 7.39000e-02
2.77150e+05 7.35000e-02
2.77210e+05 7.32000e-02
2.77260e+05 7.29000e-02
2.77320e+05 7.25000e-02
2.77380e+05 7.22000e-02
2.77440e+05 7.19000e-02
2.77500e+05 7.16000e-02
2.77550e+05 7.12000e-02
2.77610e+05 7.09000e-02
2.77670e+05 7.06000e-02
2.77730e+05 7.02000e-02
2.77790e+05 6.99000e-02
2.77840e+05 6.96000e-02
2.77900e+05 6.93000e-02
2.77960e+05 6.89000e-02
2.78020e+05 6.86000e-02
2.78080e+05 6.83000e-02
2.78130e+05 6.80000e-02
2.78190e+05 6.76000e-02
2.78250e+05 6.73000e-02
2.78310e+05 6.70000e-02
2.78370e+05 6.67000e-02
2.78420e+05 6.63000e-02
2.78480e+05 6.60000e-02
2.78540e+05 6.57000e-02
2.78600e+05 6.54000e-02
2.78660e+05 6.50000e-02
2.78710e+05 6.47000e-02
2.78770e+05 6.44000e-02
2.78830e+05 6.40000e-02
2.78890e+05 6.37000e-02
2.78950e+05 6.34000e-02
2.79000e+05 6.31000e-02
2.79060e+05 6.27000e-02
2.79120e+05 6.24000e-02
2.79180e+05 6.21000e-02
2.79240e+05 6.17000e-02
2.79290e+05 6.14000e-02
2.79350e+05 6.11000e-02
2.79410e+05 6.07000e-02
2.79470e+05 6.04000e-02
2.79530e+05 6.01000e-02
2.79580e+05 5.98000e-02
2.79640e+05 5.94000e-02
2.79700e+05 5.91000e-02
2.79760e+05 5.88000e-02
2.79820e+05 5.84000e-02
2.79870e+05 5.81000e-02
2.79930e+05 5.78000e-02
2.79990e+05 5.74000e-02
2.80050e+05 5.72000e-02
2.80110e+05 5.69000e-02
2.80160e+05 5.67000e-02
2.80220e+05 5.65000e-02
2.80280e+05 5.62000e-02
2.80340e+05 5.60000e-02
2.80400e+05 5.57000e-02
2.80450e+05 5.55000e-02
2.80510e+05 5.53000e-02
2.80570e+05 5.50000e-02
2.80630e+05 5.48000e-02
2.80690e+05 5.45000e-02
2.80740e+05 5.43000e-02
2.80800e+05 5.41000e-02
2.80860e+05 5.38000e-02
2.80920e+05 5.36000e-02
2.80980e+05 5.33000e-02
2.81030e+05 5.31000e-02
2.81090e+05 5.29000e-02
2.81150e+05 5.26000e-02
2.81210e+05 5.24000e-02
2.81270e+05 5.21000e-02
2.81320e+05 5.19000e-02
2.81380e+05 5.17000e-02
2.81440e+05 5.14000e-02
2.81500e+05 5.12000e-02
2.81560e+05 5.09000e-02
2.81610e+05 5.07000e-02
2.81670e+05 5.05000e-02
2.81730e+05 5.02000e-02
2.81790e+05 5.00000e-02
2.81850e+05 4.97000e-02
2.81900e+05 4.95000e-02
2.81960e+05 4.93000e-02
2.82020e+05 4.90000e-02
2.82080e+05 4.88000e-02
2.82140e+05 4.85000e-02
2.82190e+05 4.83000e-02
2.82250e+05 4.80000e-02
2.82310e+05 4.78000e-02
2.82370e+05 4.76000e-02
2.82430e+05 4.73000e-02
2.82480e+05 4.71000e-02
2.82540e+05 4.68000e-02
2.82600e+05 4.66000e-02
2.82660e+05 4.63000e-02
2.82720e+05 4.61000e-02
2.82770e+05 4.59000e-02
2.82830e+05 4.56000e-02
2.82890e+05 4.54000e-02
2.82950e+05 4.51000e-02
2.83010e+05 4.49000e-02
2.83060e+05 4.46000e-02
2.83120e+05 4.44000e-02
2.83180e+05 4.42000e-02
2.83240e+05 4.39000e-02
2.83300e+05 4.37000e-02
2.83350e+05 4.34000e-02
2.83410e+05 4.32000e-02
2.83470e+05 4.29000e-02
2.83530e+05 4.27000e-02
2.83590e+05 4.24000e-02
2.83640e+05 4.22000e-02
2.83700e+05 4.19000e-02
2.83760e+05 4.17000e-02
2.83820e+05 4.14000e-02
2.83880e+05 4.12000e-02
2.83930e+05 4.09000e-02
2.83990e+05 4.07000e-02
2.84050e+05 4.04000e-02
2.84110e+05 4.02000e-02
2.84170e+05 3.99000e-02
2.84220e+05 3.97000e-02
2.84280e+05 3.94000e-02
2.84340e+05 3.92000e-02
2.84400e+05 3.89000e-02
2.84460e+05 3.87000e-02
2.84510e+05 3.84000e-02
2.84570e+05 3.82000e-02
2.84630e+05 3.79000e-02
2.84690e+05 3.77000e-02
2.84750e+05 3.74000e-02
2.84800e+05 3.72000e-02
2.84860e+05 3.69000e-02
2.84920e+05 3.67000e-02
2.84980e+05 3.64000e-02
2.85040e+05 3.63000e-02
2.85090e+05 3.62000e-02
2.85150e+05 3.62000e-02
2.85210e+05 3.61000e-02
2.85270e+05 3.61000e-02
2.85330e+05 3.60000e-02
2.85380e+05 3.59000e-02
2.85440e+05 3.59000e-02
2.85500e+05 3.58000e-02
2.85560e+05 3.58000e-02
2.85620e+05 3.57000e-02
2.85670e+05 3.57000e-02
2.85730e+05 3.56000e-02
2.85790e+05 3.55000e-02
2.85850e+05 3.55000e-02
2.85910e+05 3.54000e-02
2.85960e+05 3.54000e-02
2.86020e+05 3.53000e-02
2.86080e+05 3.52000e-02
2.86140e+05 3.52000e-02
2.86200e+05 3.51000e-02
2.86250e+05 3.51000e-02
2.86310e+05 3.50000e-02
2.86370e+05 3.49000e-02
2.86430e+05 3.49000e-02
2.86490e+05 3.48000e-02
2.86540e+05 3.48000e-02
2.86600e+05 3.47000e-02
2.86660e+05 3.47000e-02
2.86720e+05 3.46000e-02
2.86780e+05 3.45000e-02
2.86830e+05 3.45000e-02
2.86890e+05 3.44000e-02
2.86950e+05 3.44000e-02
2.87010e+05 3.43000e-02
2.87070e+05 3.42000e-02
2.87120e+05 3.42000e-02
2.87180e+05 3.41000e-02
2.87240e+05 3.41000e-02
2.87300e+05 3.40000e-02
2.87360e+05 3.39000e-02
2.87410e+05 3.39000e-02
2.87470e+05 3.38000e-02
2.87530e+05 3.38000e-02
2.87590e+05 3.37000e-02
2.87650e+05 3.36000e-02
2.87700e+05 3.36000e-02
2.87760e+05 3.35000e-02
2.87820e+05 3.35000e-02
2.87880e+05 3.34000e-02
2.87940e+05 3.33000e-02
2.87990e+05 3.33000e-02
2.88050e+05 3.32000e-02
2.88110e+05 3.32000e-02
2.88170e+05 3.31000e-02
2.88230e+05 3.31000e-02
2.88280e+05 3.30000e-02
2.88340e+05 3.29000e-02
2.88400e+05 3.29000e-02
2.88460e+05 3.28000e-02
2.88520e+05 3.28000e-02
2.88570e+05 3.27000e-02
2.88630e+05 3.26000e-02
2.88690e+05 3.26000e-02
2.88750e+05 3.25000e-02
2.88810e+05 3.25000e-02
2.88860e+05 3.24000e-02
2.88920e+05 3.24000e-02
2.88980e+05 3.23000e-02
2.89040e+05 3.22000e-02
2.89100e+05 3.22000e-02
2.89150e+05 3.21000e-02
2.89210e+05 3.21000e-02
2.89270e+05 3.20000e-02
2.89330e+05 3.19000e-02
2.89390e+05 3.19000e-02
2.89440e+05 3.18000e-02
2.89500e+05 3.18000e-02
2.89560e+05 3.17000e-02
2.89620e+05 3.16000e-02
2.89680e+05 3.16000e-02
2.89730e+05 3.15000e-02
2.89790e+05 3.15000e-02
2.89850e+05 3.14000e-02
2.89910e+05 3.13000e-02
2.89970e+05 3.13000e-02
2.90020e+05 3.12000e-02
2.90080e+05 3.10000e-02
2.90140e+05 3.08000e-02
2.90200e+05 3.07000e-02
2.90260e+05 3.05000e-02
2.90310e+05 3.03000e-02
2.90370e+05 3.02000e-02
2.90430e+05 3.00000e-02
2.90490e+05 2.98000e-02
2.90550e+05 2.97000e-02
2.90600e+05 2.95000e-02
2.90660e+05 2.93000e-02
2.90720e+05 2.91000e-02
2.90780e+05 2.90000e-02
2.90840e+05 2.88000e-02
2.90890e+05 2.86000e-02
2.90950e+05 2.85000e-02
2.91010e+05 2.83000e-02
2.91070e+05 2.81000e-02
2.91130e+05 2.79000e-02
2.91180e+05 2.78000e-02
2.91240e+05 2.76000e-02
2.91300e+05 2.74000e-02
2.91360e+05 2.72000e-02
2.91420e+05 2.71000e-02
2.91470e+05 2.69000e-02
2.91530e+05 2.67000e-02
2.91590e+05 2.65000e-02
2.91650e+05 2.64000e-02
2.91710e+05 2.62000e-02
2.91760e+05 2.60000e-02
2.91820e+05 2.58000e-02
2.91880e+05 2.57000e-02
2.91940e+05 2.55000e-02
2.92000e+05 2.53000e-02
2.92050e+05 2.51000e-02
2.92110e+05 2.49000e-02
2.92170e+05 2.48000e-02
2.92230e+05 2.46000e-02
2.92290e+05 2.44000e-02
2.92340e+05 2.42000e-02
2.92400e+05 2.40000e-02
2.92460e+05 2.39000e-02
2.92520e+05 2.37000e-02
2.92580e+05 2.35000e-02
2.92630e+05 2.33000e-02
2.92690e+05 2.31000e-02
2.92750e+05 2.29000e-02
2.92810e+05 2.28000e-02
2.92870e+05 2.26000e-02
2.92920e+05 2.24000e-02
2.92980e+05 2.22000e-02
2.93040e+05 2.20000e-02
2.93100e+05 2.18000e-02
2.93160e+05 2.16000e-02
2.93210e+05 2.15000e-02
2.93270e+05 2.13000e-02
2.93330e+05 2.11000e-02
2.93390e+05 2.09000e-02
2.93450e+05 2.07000e-02
2.93500e+05 2.05000e-02
2.93560e+05 2.03000e-02
2.93620e+05 2.01000e-02
2.93680e+05 2.00000e-02
2.93740e+05 1.98000e-02
2.93790e+05 1.96000e-02
2.93850e+05 1.94000e-02
2.93910e+05 1.92000e-02
2.93970e+05 1.90000e-02
2.94030e+05 1.88000e-02
2.94080e+05 1.86000e-02
2.94140e+05 1.84000e-02
2.94200e+05 1.83000e-02
2.94260e+05 1.81000e-02
2.94320e+05 1.79000e-02
2.94370e+05 1.77000e-02
2.94430e+05 1.75000e-02
2.94490e+05 1.73000e-02
2.94550e+05 1.71000e-02
2.94610e+05 1.70000e-02
2.94660e+05 1.68000e-02
2.94720e+05 1.66000e-02
2.94780e+05 1.64000e-02
2.94840e+05 1.62000e-02
2.94900e+05 1.60000e-02
2.94950e+05 1.58000e-02
2.95010e+05 1.57000e-02
2.95070e+05 1.56000e-02
2.95130e+05 1.54000e-02
2.95190e+05 1.53000e-02
2.95240e+05 1.52000e-02
2.95300e+05 1.51000e-02
2.95360e+05 1.50000e-02
2.95420e+05 1.49000e-02
2.95480e+05 1.48000e-02
2.95530e+05 1.46000e-02
2.95590e+05 1.45000e-02
2.95650e+05 1.44000e-02
2.95710e+05 1.43000e-02
2.95770e+05 1.42000e-02
2.95820e+05 1.41000e-02
2.95880e+05 1.40000e-02
2.95940e+05 1.39000e-02
2.96000e+05 1.38000e-02
2.96060e+05 1.36000e-02
2.96110e+05 1.35000e-02
2.96170e+05 1.34000e-02
2.96230e+05 1.33000e-02
2.96290e+05 1.32000e-02
2.96350e+05 1.31000e-02
2.96400e+05 1.30000e-02
2.96460e+05 1.29000e-02
2.96520e+05 1.28000e-02
2.96580e+05 1.27000e-02
2.96640e+05 1.26000e-02
2.96690e+05 1.25000e-02
2.96750e+05 1.24000e-02
2.96810e+05 1.23000e-02
2.96870e+05 1.22000e-02
2.96930e+05 1.21000e-02
2.96980e+05 1.20000e-02
2.97040e+05 1.19000e-02
2.97100e+05 1.18000e-02
2.97160e+05 1.17000e-02
2.97220e+05 1.16000e-02
2.97270e+05 1.15000e-02
2.97330e+05 1.14000e-02
2.97390e+05 1.13000e-02
2.97450e+05 1.12000e-02
2.97510e+05 1.11000e-02
2.97560e+05 1.10000e-02
2.97620e+05 1.09000e-02
2.97680e+05 1.08000e-02
2.97740e+05 1.07000e-02
2.97800e+05 1.06000e-02
2.97850e+05 1.05000e-02
2.97910e+05 1.04000e-02
2.97970e+05 1.03000e-02
2.98030e+05 1.02000e-02
2.98090e+05 1.02000e-02
2.98140e+05 1.01000e-02
2.98200e+05 1.00000e-02
2.98260e+05 9.90000e-03
2.98320e+05 9.80000e-03
2.98380e+05 9.70000e-03
2.98430e+05 9.60000e-03
2.98490e+05 9.50000e-03
2.98550e+05 9.40000e-03
2.98610e+05 9.30000e-03
2.98670e+05 9.20000e-03
2.98720e+05 9.10000e-03
2.98780e+05 9.10000e-03
2.98840e+05 9.00000e-03
2.98900e+05 8.90000e-03
2.98960e+05 8.80000e-03
2.99010e+05 8.70000e-03
2.99070e+05 8.60000e-03
2.99130e+05 8.50000e-03
2.99190e+05 8.40000e-03
2.99250e+05 8.30000e-03
2.99300e+05 8.20000e-03
2.99360e+05 8.20000e-03
2.99420e+05 8.10000e-03
2.99480e+05 8.00000e-03
2.99540e+05 7.90000e-03
2.99590e+05 7.80000e-03
2.99650e+05 7.70000e-03
2.99710e+05 7.60000e-03
2.99770e+05 7.50000e-03
2.99830e+05 7.50000e-03
2.99880e+05 7.40000e-03
2.99940e+05 7.30000e-03
