# Filter name : JWST/MIRI.F1500W
# Description : MIRI F1500W filter
# Photometric system : MIRI
# FilterType : photon
# Band name : ------
# Observatory : JWST
# Instrument : MIRI
# Comments : nominal transmission of the JWST OTE is not included
# 
1.27740e+05 1.00000e-04
1.27800e+05 1.00000e-04
1.27860e+05 1.00000e-04
1.27910e+05 1.00000e-04
1.27970e+05 1.00000e-04
1.28030e+05 2.00000e-04
1.28090e+05 2.00000e-04
1.28150e+05 2.00000e-04
1.28200e+05 2.00000e-04
1.28260e+05 2.00000e-04
1.28320e+05 2.00000e-04
1.28380e+05 3.00000e-04
1.28440e+05 3.00000e-04
1.28490e+05 3.00000e-04
1.28550e+05 3.00000e-04
1.28610e+05 3.00000e-04
1.28670e+05 3.00000e-04
1.28730e+05 3.00000e-04
1.28780e+05 4.00000e-04
1.28840e+05 4.00000e-04
1.28900e+05 4.00000e-04
1.28960e+05 4.00000e-04
1.29020e+05 5.00000e-04
1.29070e+05 5.00000e-04
1.29130e+05 5.00000e-04
1.29190e+05 6.00000e-04
1.29250e+05 6.00000e-04
1.29310e+05 7.00000e-04
1.29360e+05 7.00000e-04
1.29420e+05 7.00000e-04
1.29480e+05 8.00000e-04
1.29540e+05 8.00000e-04
1.29600e+05 9.00000e-04
1.29650e+05 9.00000e-04
1.29710e+05 1.00000e-03
1.29770e+05 1.00000e-03
1.29830e+05 1.10000e-03
1.29890e+05 1.10000e-03
1.29940e+05 1.20000e-03
1.30000e+05 1.20000e-03
1.30060e+05 1.30000e-03
1.30120e+05 1.40000e-03
1.30180e+05 1.50000e-03
1.30230e+05 1.50000e-03
1.30290e+05 1.60000e-03
1.30350e+05 1.70000e-03
1.30410e+05 1.80000e-03
1.30470e+05 1.90000e-03
1.30520e+05 2.00000e-03
1.30580e+05 2.10000e-03
1.30640e+05 2.30000e-03
1.30700e+05 2.40000e-03
1.30760e+05 2.50000e-03
1.30810e+05 2.60000e-03
1.30870e+05 2.80000e-03
1.30930e+05 2.90000e-03
1.30990e+05 3.10000e-03
1.31050e+05 3.20000e-03
1.31100e+05 3.40000e-03
1.31160e+05 3.60000e-03
1.31220e+05 3.80000e-03
1.31280e+05 4.00000e-03
1.31340e+05 4.20000e-03
1.31390e+05 4.40000e-03
1.31450e+05 4.70000e-03
1.31510e+05 5.00000e-03
1.31570e+05 5.30000e-03
1.31630e+05 5.60000e-03
1.31680e+05 5.90000e-03
1.31740e+05 6.20000e-03
1.31800e+05 6.60000e-03
1.31860e+05 7.00000e-03
1.31920e+05 7.40000e-03
1.31970e+05 7.80000e-03
1.32030e+05 8.30000e-03
1.32090e+05 8.80000e-03
1.32150e+05 9.30000e-03
1.32210e+05 9.90000e-03
1.32260e+05 1.05000e-02
1.32320e+05 1.12000e-02
1.32380e+05 1.18000e-02
1.32440e+05 1.26000e-02
1.32500e+05 1.34000e-02
1.32550e+05 1.42000e-02
1.32610e+05 1.51000e-02
1.32670e+05 1.62000e-02
1.32730e+05 1.72000e-02
1.32790e+05 1.83000e-02
1.32840e+05 1.95000e-02
1.32900e+05 2.08000e-02
1.32960e+05 2.21000e-02
1.33020e+05 2.35000e-02
1.33080e+05 2.51000e-02
1.33130e+05 2.68000e-02
1.33190e+05 2.84000e-02
1.33250e+05 3.03000e-02
1.33310e+05 3.23000e-02
1.33370e+05 3.43000e-02
1.33420e+05 3.65000e-02
1.33480e+05 3.90000e-02
1.33540e+05 4.14000e-02
1.33600e+05 4.39000e-02
1.33660e+05 4.68000e-02
1.33710e+05 4.98000e-02
1.33770e+05 5.28000e-02
1.33830e+05 5.61000e-02
1.33890e+05 5.96000e-02
1.33950e+05 6.32000e-02
1.34000e+05 6.68000e-02
1.34060e+05 7.10000e-02
1.34120e+05 7.52000e-02
1.34180e+05 7.94000e-02
1.34240e+05 8.39000e-02
1.34290e+05 8.88000e-02
1.34350e+05 9.36000e-02
1.34410e+05 9.85000e-02
1.34470e+05 1.03900e-01
1.34530e+05 1.09200e-01
1.34580e+05 1.14600e-01
1.34640e+05 1.20300e-01
1.34700e+05 1.26100e-01
1.34760e+05 1.31900e-01
1.34820e+05 1.37700e-01
1.34870e+05 1.43800e-01
1.34930e+05 1.49800e-01
1.34990e+05 1.55900e-01
1.35050e+05 1.62100e-01
1.35110e+05 1.68400e-01
1.35160e+05 1.74800e-01
1.35220e+05 1.81000e-01
1.35280e+05 1.87200e-01
1.35340e+05 1.93400e-01
1.35400e+05 1.99600e-01
1.35450e+05 2.05400e-01
1.35510e+05 2.11100e-01
1.35570e+05 2.16900e-01
1.35630e+05 2.22400e-01
1.35690e+05 2.27600e-01
1.35740e+05 2.32900e-01
1.35800e+05 2.38100e-01
1.35860e+05 2.42600e-01
1.35920e+05 2.47100e-01
1.35980e+05 2.51600e-01
1.36030e+05 2.55700e-01
1.36090e+05 2.59500e-01
1.36150e+05 2.63300e-01
1.36210e+05 2.67100e-01
1.36270e+05 2.70100e-01
1.36320e+05 2.73200e-01
1.36380e+05 2.76400e-01
1.36440e+05 2.79000e-01
1.36500e+05 2.81500e-01
1.36560e+05 2.83900e-01
1.36610e+05 2.86300e-01
1.36670e+05 2.88200e-01
1.36730e+05 2.90100e-01
1.36790e+05 2.92000e-01
1.36850e+05 2.93600e-01
1.36900e+05 2.95100e-01
1.36960e+05 2.96600e-01
1.37020e+05 2.97900e-01
1.37080e+05 2.99000e-01
1.37140e+05 3.00100e-01
1.37190e+05 3.01300e-01
1.37250e+05 3.02100e-01
1.37310e+05 3.03000e-01
1.37370e+05 3.03800e-01
1.37430e+05 3.04600e-01
1.37480e+05 3.05300e-01
1.37540e+05 3.05900e-01
1.37600e+05 3.06600e-01
1.37660e+05 3.07100e-01
1.37720e+05 3.07600e-01
1.37770e+05 3.08200e-01
1.37830e+05 3.08700e-01
1.37890e+05 3.09100e-01
1.37950e+05 3.09500e-01
1.38010e+05 3.10000e-01
1.38060e+05 3.10400e-01
1.38120e+05 3.10800e-01
1.38180e+05 3.11100e-01
1.38240e+05 3.11500e-01
1.38300e+05 3.11800e-01
1.38350e+05 3.12200e-01
1.38410e+05 3.12500e-01
1.38470e+05 3.12800e-01
1.38530e+05 3.13100e-01
1.38590e+05 3.13400e-01
1.38640e+05 3.13700e-01
1.38700e+05 3.13900e-01
1.38760e+05 3.14200e-01
1.38820e+05 3.14500e-01
1.38880e+05 3.14800e-01
1.38930e+05 3.15100e-01
1.38990e+05 3.15400e-01
1.39050e+05 3.15800e-01
1.39110e+05 3.16100e-01
1.39170e+05 3.16400e-01
1.39220e+05 3.16800e-01
1.39280e+05 3.17200e-01
1.39340e+05 3.17500e-01
1.39400e+05 3.17900e-01
1.39460e+05 3.18300e-01
1.39510e+05 3.18700e-01
1.39570e+05 3.19000e-01
1.39630e+05 3.19400e-01
1.39690e+05 3.19800e-01
1.39750e+05 3.20200e-01
1.39800e+05 3.20500e-01
1.39860e+05 3.20900e-01
1.39920e+05 3.21300e-01
1.39980e+05 3.21600e-01
1.40040e+05 3.22100e-01
1.40090e+05 3.22600e-01
1.40150e+05 3.23100e-01
1.40210e+05 3.23600e-01
1.40270e+05 3.24100e-01
1.40330e+05 3.24600e-01
1.40380e+05 3.25100e-01
1.40440e+05 3.25600e-01
1.40500e+05 3.26100e-01
1.40560e+05 3.26700e-01
1.40620e+05 3.27200e-01
1.40670e+05 3.27700e-01
1.40730e+05 3.28200e-01
1.40790e+05 3.28800e-01
1.40850e+05 3.29300e-01
1.40910e+05 3.29800e-01
1.40960e+05 3.30300e-01
1.41020e+05 3.30800e-01
1.41080e+05 3.31300e-01
1.41140e+05 3.31900e-01
1.41200e+05 3.32400e-01
1.41250e+05 3.32900e-01
1.41310e+05 3.33400e-01
1.41370e+05 3.33900e-01
1.41430e+05 3.34400e-01
1.41490e+05 3.34900e-01
1.41540e+05 3.35400e-01
1.41600e+05 3.35900e-01
1.41660e+05 3.36400e-01
1.41720e+05 3.36900e-01
1.41780e+05 3.37500e-01
1.41830e+05 3.38000e-01
1.41890e+05 3.38600e-01
1.41950e+05 3.39200e-01
1.42010e+05 3.39700e-01
1.42070e+05 3.40300e-01
1.42120e+05 3.40900e-01
1.42180e+05 3.41500e-01
1.42240e+05 3.42100e-01
1.42300e+05 3.42700e-01
1.42360e+05 3.43300e-01
1.42410e+05 3.43800e-01
1.42470e+05 3.44300e-01
1.42530e+05 3.44800e-01
1.42590e+05 3.45400e-01
1.42650e+05 3.45800e-01
1.42700e+05 3.46200e-01
1.42760e+05 3.46600e-01
1.42820e+05 3.46900e-01
1.42880e+05 3.47200e-01
1.42940e+05 3.47500e-01
1.42990e+05 3.47700e-01
1.43050e+05 3.47900e-01
1.43110e+05 3.48100e-01
1.43170e+05 3.48200e-01
1.43230e+05 3.48400e-01
1.43280e+05 3.48500e-01
1.43340e+05 3.48600e-01
1.43400e+05 3.48700e-01
1.43460e+05 3.48800e-01
1.43520e+05 3.49000e-01
1.43570e+05 3.49100e-01
1.43630e+05 3.49300e-01
1.43690e+05 3.49500e-01
1.43750e+05 3.49800e-01
1.43810e+05 3.50000e-01
1.43860e+05 3.50300e-01
1.43920e+05 3.50700e-01
1.43980e+05 3.51000e-01
1.44040e+05 3.51400e-01
1.44100e+05 3.51700e-01
1.44150e+05 3.52100e-01
1.44210e+05 3.52500e-01
1.44270e+05 3.52800e-01
1.44330e+05 3.53200e-01
1.44390e+05 3.53500e-01
1.44440e+05 3.53800e-01
1.44500e+05 3.54100e-01
1.44560e+05 3.54400e-01
1.44620e+05 3.54600e-01
1.44680e+05 3.54800e-01
1.44730e+05 3.55000e-01
1.44790e+05 3.55200e-01
1.44850e+05 3.55300e-01
1.44910e+05 3.55500e-01
1.44970e+05 3.55700e-01
1.45020e+05 3.55800e-01
1.45080e+05 3.55700e-01
1.45140e+05 3.55700e-01
1.45200e+05 3.55600e-01
1.45260e+05 3.55700e-01
1.45310e+05 3.55900e-01
1.45370e+05 3.56000e-01
1.45430e+05 3.56200e-01
1.45490e+05 3.56500e-01
1.45550e+05 3.56800e-01
1.45600e+05 3.57200e-01
1.45660e+05 3.57600e-01
1.45720e+05 3.58000e-01
1.45780e+05 3.58400e-01
1.45840e+05 3.58900e-01
1.45890e+05 3.59300e-01
1.45950e+05 3.59800e-01
1.46010e+05 3.60200e-01
1.46070e+05 3.60600e-01
1.46130e+05 3.61000e-01
1.46180e+05 3.61300e-01
1.46240e+05 3.61700e-01
1.46300e+05 3.62000e-01
1.46360e+05 3.62300e-01
1.46420e+05 3.62500e-01
1.46470e+05 3.62800e-01
1.46530e+05 3.63000e-01
1.46590e+05 3.63200e-01
1.46650e+05 3.63400e-01
1.46710e+05 3.63600e-01
1.46760e+05 3.63800e-01
1.46820e+05 3.64000e-01
1.46880e+05 3.64200e-01
1.46940e+05 3.64400e-01
1.47000e+05 3.64600e-01
1.47050e+05 3.64800e-01
1.47110e+05 3.64900e-01
1.47170e+05 3.65100e-01
1.47230e+05 3.65300e-01
1.47290e+05 3.65500e-01
1.47340e+05 3.65700e-01
1.47400e+05 3.65900e-01
1.47460e+05 3.66000e-01
1.47520e+05 3.66200e-01
1.47580e+05 3.66400e-01
1.47630e+05 3.66600e-01
1.47690e+05 3.66800e-01
1.47750e+05 3.67000e-01
1.47810e+05 3.67200e-01
1.47870e+05 3.67400e-01
1.47920e+05 3.67600e-01
1.47980e+05 3.67800e-01
1.48040e+05 3.68000e-01
1.48100e+05 3.68200e-01
1.48160e+05 3.68400e-01
1.48210e+05 3.68600e-01
1.48270e+05 3.68800e-01
1.48330e+05 3.68900e-01
1.48390e+05 3.69100e-01
1.48450e+05 3.69200e-01
1.48500e+05 3.69400e-01
1.48560e+05 3.69500e-01
1.48620e+05 3.69600e-01
1.48680e+05 3.69600e-01
1.48740e+05 3.69700e-01
1.48790e+05 3.69700e-01
1.48850e+05 3.69700e-01
1.48910e+05 3.69600e-01
1.48970e+05 3.69600e-01
1.49030e+05 3.69500e-01
1.49080e+05 3.69300e-01
1.49140e+05 3.69100e-01
1.49200e+05 3.69000e-01
1.49260e+05 3.68800e-01
1.49320e+05 3.68600e-01
1.49370e+05 3.68400e-01
1.49430e+05 3.68200e-01
1.49490e+05 3.68100e-01
1.49550e+05 3.68000e-01
1.49610e+05 3.67900e-01
1.49660e+05 3.68000e-01
1.49720e+05 3.68000e-01
1.49780e+05 3.68100e-01
1.49840e+05 3.68200e-01
1.49900e+05 3.68300e-01
1.49950e+05 3.68500e-01
1.50010e+05 3.68600e-01
1.50070e+05 3.68600e-01
1.50130e+05 3.68700e-01
1.50190e+05 3.68700e-01
1.50240e+05 3.68700e-01
1.50300e+05 3.68600e-01
1.50360e+05 3.68600e-01
1.50420e+05 3.68500e-01
1.50480e+05 3.68300e-01
1.50530e+05 3.68100e-01
1.50590e+05 3.68000e-01
1.50650e+05 3.67700e-01
1.50710e+05 3.67400e-01
1.50770e+05 3.67200e-01
1.50820e+05 3.66900e-01
1.50880e+05 3.66500e-01
1.50940e+05 3.66200e-01
1.51000e+05 3.65800e-01
1.51060e+05 3.65400e-01
1.51110e+05 3.65000e-01
1.51170e+05 3.64600e-01
1.51230e+05 3.64200e-01
1.51290e+05 3.63800e-01
1.51350e+05 3.63400e-01
1.51400e+05 3.62900e-01
1.51460e+05 3.62500e-01
1.51520e+05 3.62000e-01
1.51580e+05 3.61500e-01
1.51640e+05 3.61100e-01
1.51690e+05 3.60500e-01
1.51750e+05 3.60000e-01
1.51810e+05 3.59500e-01
1.51870e+05 3.59000e-01
1.51930e+05 3.58500e-01
1.51980e+05 3.57900e-01
1.52040e+05 3.57300e-01
1.52100e+05 3.56800e-01
1.52160e+05 3.56200e-01
1.52220e+05 3.55600e-01
1.52270e+05 3.55000e-01
1.52330e+05 3.54300e-01
1.52390e+05 3.53700e-01
1.52450e+05 3.53000e-01
1.52510e+05 3.52300e-01
1.52560e+05 3.51700e-01
1.52620e+05 3.51000e-01
1.52680e+05 3.50300e-01
1.52740e+05 3.49600e-01
1.52800e+05 3.48900e-01
1.52850e+05 3.48200e-01
1.52910e+05 3.47400e-01
1.52970e+05 3.46700e-01
1.53030e+05 3.46000e-01
1.53090e+05 3.45400e-01
1.53140e+05 3.44700e-01
1.53200e+05 3.44000e-01
1.53260e+05 3.43400e-01
1.53320e+05 3.42700e-01
1.53380e+05 3.42100e-01
1.53430e+05 3.41500e-01
1.53490e+05 3.41000e-01
1.53550e+05 3.40400e-01
1.53610e+05 3.39900e-01
1.53670e+05 3.39400e-01
1.53720e+05 3.38900e-01
1.53780e+05 3.38500e-01
1.53840e+05 3.38100e-01
1.53900e+05 3.37700e-01
1.53960e+05 3.37300e-01
1.54010e+05 3.37000e-01
1.54070e+05 3.36700e-01
1.54130e+05 3.36400e-01
1.54190e+05 3.36100e-01
1.54250e+05 3.35900e-01
1.54300e+05 3.35700e-01
1.54360e+05 3.35400e-01
1.54420e+05 3.35200e-01
1.54480e+05 3.35100e-01
1.54540e+05 3.34900e-01
1.54590e+05 3.34700e-01
1.54650e+05 3.34600e-01
1.54710e+05 3.34500e-01
1.54770e+05 3.34300e-01
1.54830e+05 3.34200e-01
1.54880e+05 3.34100e-01
1.54940e+05 3.34000e-01
1.55000e+05 3.33900e-01
1.55060e+05 3.33700e-01
1.55120e+05 3.33500e-01
1.55170e+05 3.33400e-01
1.55230e+05 3.33200e-01
1.55290e+05 3.33000e-01
1.55350e+05 3.32800e-01
1.55410e+05 3.32700e-01
1.55460e+05 3.32500e-01
1.55520e+05 3.32300e-01
1.55580e+05 3.32100e-01
1.55640e+05 3.31900e-01
1.55700e+05 3.31600e-01
1.55750e+05 3.31400e-01
1.55810e+05 3.31200e-01
1.55870e+05 3.30900e-01
1.55930e+05 3.30700e-01
1.55990e+05 3.30400e-01
1.56040e+05 3.30200e-01
1.56100e+05 3.29900e-01
1.56160e+05 3.29600e-01
1.56220e+05 3.29400e-01
1.56280e+05 3.29100e-01
1.56330e+05 3.28800e-01
1.56390e+05 3.28600e-01
1.56450e+05 3.28300e-01
1.56510e+05 3.28000e-01
1.56570e+05 3.27800e-01
1.56620e+05 3.27500e-01
1.56680e+05 3.27300e-01
1.56740e+05 3.27000e-01
1.56800e+05 3.26800e-01
1.56860e+05 3.26600e-01
1.56910e+05 3.26400e-01
1.56970e+05 3.26200e-01
1.57030e+05 3.26000e-01
1.57090e+05 3.25800e-01
1.57150e+05 3.25700e-01
1.57200e+05 3.25500e-01
1.57260e+05 3.25400e-01
1.57320e+05 3.25300e-01
1.57380e+05 3.25200e-01
1.57440e+05 3.25100e-01
1.57490e+05 3.25100e-01
1.57550e+05 3.25100e-01
1.57610e+05 3.25100e-01
1.57670e+05 3.25200e-01
1.57730e+05 3.25300e-01
1.57780e+05 3.25300e-01
1.57840e+05 3.25500e-01
1.57900e+05 3.25700e-01
1.57960e+05 3.25900e-01
1.58020e+05 3.26100e-01
1.58070e+05 3.26300e-01
1.58130e+05 3.26600e-01
1.58190e+05 3.26900e-01
1.58250e+05 3.27200e-01
1.58310e+05 3.27500e-01
1.58360e+05 3.27900e-01
1.58420e+05 3.28200e-01
1.58480e+05 3.28600e-01
1.58540e+05 3.29000e-01
1.58600e+05 3.29300e-01
1.58650e+05 3.29700e-01
1.58710e+05 3.30100e-01
1.58770e+05 3.30400e-01
1.58830e+05 3.30800e-01
1.58890e+05 3.31100e-01
1.58940e+05 3.31500e-01
1.59000e+05 3.31800e-01
1.59060e+05 3.32100e-01
1.59120e+05 3.32400e-01
1.59180e+05 3.32700e-01
1.59230e+05 3.33000e-01
1.59290e+05 3.33200e-01
1.59350e+05 3.33500e-01
1.59410e+05 3.33700e-01
1.59470e+05 3.33900e-01
1.59520e+05 3.34100e-01
1.59580e+05 3.34300e-01
1.59640e+05 3.34500e-01
1.59700e+05 3.34700e-01
1.59760e+05 3.34800e-01
1.59810e+05 3.35000e-01
1.59870e+05 3.35200e-01
1.59930e+05 3.35300e-01
1.59990e+05 3.35500e-01
1.60050e+05 3.35700e-01
1.60100e+05 3.36100e-01
1.60160e+05 3.36400e-01
1.60220e+05 3.36700e-01
1.60280e+05 3.37000e-01
1.60340e+05 3.37300e-01
1.60390e+05 3.37600e-01
1.60450e+05 3.37800e-01
1.60510e+05 3.38100e-01
1.60570e+05 3.38300e-01
1.60630e+05 3.38500e-01
1.60680e+05 3.38600e-01
1.60740e+05 3.38800e-01
1.60800e+05 3.38900e-01
1.60860e+05 3.39000e-01
1.60920e+05 3.39100e-01
1.60970e+05 3.39100e-01
1.61030e+05 3.39200e-01
1.61090e+05 3.39200e-01
1.61150e+05 3.39200e-01
1.61210e+05 3.39200e-01
1.61260e+05 3.39100e-01
1.61320e+05 3.39100e-01
1.61380e+05 3.39000e-01
1.61440e+05 3.38900e-01
1.61500e+05 3.38800e-01
1.61550e+05 3.38700e-01
1.61610e+05 3.38600e-01
1.61670e+05 3.38400e-01
1.61730e+05 3.38300e-01
1.61790e+05 3.38200e-01
1.61840e+05 3.38000e-01
1.61900e+05 3.37900e-01
1.61960e+05 3.37700e-01
1.62020e+05 3.37600e-01
1.62080e+05 3.37400e-01
1.62130e+05 3.37300e-01
1.62190e+05 3.37200e-01
1.62250e+05 3.37100e-01
1.62310e+05 3.37000e-01
1.62370e+05 3.37000e-01
1.62420e+05 3.36900e-01
1.62480e+05 3.36900e-01
1.62540e+05 3.36900e-01
1.62600e+05 3.36900e-01
1.62660e+05 3.36900e-01
1.62710e+05 3.36900e-01
1.62770e+05 3.37000e-01
1.62830e+05 3.37000e-01
1.62890e+05 3.37100e-01
1.62950e+05 3.37200e-01
1.63000e+05 3.37300e-01
1.63060e+05 3.37300e-01
1.63120e+05 3.37400e-01
1.63180e+05 3.37400e-01
1.63240e+05 3.37400e-01
1.63290e+05 3.37400e-01
1.63350e+05 3.37400e-01
1.63410e+05 3.37400e-01
1.63470e+05 3.37300e-01
1.63530e+05 3.37200e-01
1.63580e+05 3.37000e-01
1.63640e+05 3.36800e-01
1.63700e+05 3.36500e-01
1.63760e+05 3.36200e-01
1.63820e+05 3.35900e-01
1.63870e+05 3.35400e-01
1.63930e+05 3.34900e-01
1.63990e+05 3.34300e-01
1.64050e+05 3.33600e-01
1.64110e+05 3.32700e-01
1.64160e+05 3.31900e-01
1.64220e+05 3.30900e-01
1.64280e+05 3.29700e-01
1.64340e+05 3.28500e-01
1.64400e+05 3.27200e-01
1.64450e+05 3.25600e-01
1.64510e+05 3.23900e-01
1.64570e+05 3.22200e-01
1.64630e+05 3.20200e-01
1.64690e+05 3.17900e-01
1.64740e+05 3.15600e-01
1.64800e+05 3.13300e-01
1.64860e+05 3.10400e-01
1.64920e+05 3.07500e-01
1.64980e+05 3.04600e-01
1.65030e+05 3.01300e-01
1.65090e+05 2.97800e-01
1.65150e+05 2.94300e-01
1.65210e+05 2.90700e-01
1.65270e+05 2.86600e-01
1.65320e+05 2.82400e-01
1.65380e+05 2.78200e-01
1.65440e+05 2.73700e-01
1.65500e+05 2.68900e-01
1.65560e+05 2.64200e-01
1.65610e+05 2.59300e-01
1.65670e+05 2.54100e-01
1.65730e+05 2.48900e-01
1.65790e+05 2.43700e-01
1.65850e+05 2.38200e-01
1.65900e+05 2.32600e-01
1.65960e+05 2.27100e-01
1.66020e+05 2.21400e-01
1.66080e+05 2.15600e-01
1.66140e+05 2.09800e-01
1.66190e+05 2.03900e-01
1.66250e+05 1.98000e-01
1.66310e+05 1.92100e-01
1.66370e+05 1.86200e-01
1.66430e+05 1.80300e-01
1.66480e+05 1.74500e-01
1.66540e+05 1.68600e-01
1.66600e+05 1.62700e-01
1.66660e+05 1.57100e-01
1.66720e+05 1.51400e-01
1.66770e+05 1.45700e-01
1.66830e+05 1.40300e-01
1.66890e+05 1.35000e-01
1.66950e+05 1.29700e-01
1.67010e+05 1.24400e-01
1.67060e+05 1.19600e-01
1.67120e+05 1.14800e-01
1.67180e+05 1.09900e-01
1.67240e+05 1.05400e-01
1.67300e+05 1.01100e-01
1.67350e+05 9.68000e-02
1.67410e+05 9.25000e-02
1.67470e+05 8.87000e-02
1.67530e+05 8.49000e-02
1.67590e+05 8.11000e-02
1.67640e+05 7.77000e-02
1.67700e+05 7.43000e-02
1.67760e+05 7.10000e-02
1.67820e+05 6.78000e-02
1.67880e+05 6.49000e-02
1.67930e+05 6.19000e-02
1.67990e+05 5.90000e-02
1.68050e+05 5.65000e-02
1.68110e+05 5.39000e-02
1.68170e+05 5.14000e-02
1.68220e+05 4.90000e-02
1.68280e+05 4.69000e-02
1.68340e+05 4.47000e-02
1.68400e+05 4.25000e-02
1.68460e+05 4.06000e-02
1.68510e+05 3.87000e-02
1.68570e+05 3.68000e-02
1.68630e+05 3.51000e-02
1.68690e+05 3.35000e-02
1.68750e+05 3.18000e-02
1.68800e+05 3.02000e-02
1.68860e+05 2.89000e-02
1.68920e+05 2.75000e-02
1.68980e+05 2.61000e-02
1.69040e+05 2.49000e-02
1.69090e+05 2.37000e-02
1.69150e+05 2.25000e-02
1.69210e+05 2.14000e-02
1.69270e+05 2.04000e-02
1.69330e+05 1.94000e-02
1.69380e+05 1.84000e-02
1.69440e+05 1.76000e-02
1.69500e+05 1.67000e-02
1.69560e+05 1.59000e-02
1.69620e+05 1.52000e-02
1.69670e+05 1.45000e-02
1.69730e+05 1.38000e-02
1.69790e+05 1.32000e-02
1.69850e+05 1.26000e-02
1.69910e+05 1.20000e-02
1.69960e+05 1.15000e-02
1.70020e+05 1.10000e-02
1.70080e+05 1.05000e-02
1.70140e+05 1.01000e-02
1.70200e+05 9.60000e-03
1.70250e+05 9.20000e-03
1.70310e+05 8.80000e-03
1.70370e+05 8.40000e-03
1.70430e+05 8.10000e-03
1.70490e+05 7.70000e-03
1.70540e+05 7.40000e-03
1.70600e+05 7.00000e-03
1.70660e+05 6.80000e-03
1.70720e+05 6.50000e-03
1.70780e+05 6.20000e-03
1.70830e+05 5.90000e-03
1.70890e+05 5.60000e-03
1.70950e+05 5.40000e-03
1.71010e+05 5.10000e-03
1.71070e+05 4.90000e-03
1.71120e+05 4.70000e-03
1.71180e+05 4.50000e-03
1.71240e+05 4.30000e-03
1.71300e+05 4.10000e-03
1.71360e+05 3.90000e-03
1.71410e+05 3.70000e-03
1.71470e+05 3.50000e-03
1.71530e+05 3.40000e-03
1.71590e+05 3.20000e-03
1.71650e+05 3.10000e-03
1.71700e+05 2.90000e-03
1.71760e+05 2.80000e-03
1.71820e+05 2.60000e-03
1.71880e+05 2.50000e-03
1.71940e+05 2.40000e-03
1.71990e+05 2.20000e-03
1.72050e+05 2.10000e-03
1.72110e+05 2.00000e-03
1.72170e+05 1.90000e-03
1.72230e+05 1.80000e-03
1.72280e+05 1.70000e-03
1.72340e+05 1.60000e-03
1.72400e+05 1.60000e-03
1.72460e+05 1.50000e-03
1.72520e+05 1.40000e-03
1.72570e+05 1.40000e-03
1.72630e+05 1.30000e-03
1.72690e+05 1.20000e-03
1.72750e+05 1.20000e-03
1.72810e+05 1.10000e-03
1.72860e+05 1.10000e-03
1.72920e+05 1.00000e-03
1.72980e+05 1.00000e-03
1.73040e+05 9.00000e-04
1.73100e+05 9.00000e-04
1.73150e+05 9.00000e-04
1.73210e+05 8.00000e-04
1.73270e+05 8.00000e-04
1.73330e+05 8.00000e-04
1.73390e+05 7.00000e-04
1.73440e+05 7.00000e-04
1.73500e+05 6.00000e-04
1.73560e+05 6.00000e-04
1.73620e+05 6.00000e-04
1.73680e+05 5.00000e-04
1.73730e+05 5.00000e-04
1.73790e+05 5.00000e-04
1.73850e+05 5.00000e-04
1.73910e+05 4.00000e-04
1.73970e+05 4.00000e-04
1.74020e+05 4.00000e-04
1.74080e+05 3.00000e-04
1.74140e+05 3.00000e-04
1.74200e+05 3.00000e-04
1.74260e+05 3.00000e-04
1.74310e+05 2.00000e-04
1.74370e+05 2.00000e-04
1.74430e+05 2.00000e-04
1.74490e+05 2.00000e-04
1.74550e+05 2.00000e-04
1.74600e+05 1.00000e-04
1.74660e+05 1.00000e-04
1.74720e+05 1.00000e-04
1.74780e+05 1.00000e-04
1.74840e+05 1.00000e-04
1.74890e+05 1.00000e-04
1.74950e+05 1.00000e-04
1.75010e+05 1.00000e-04
1.75070e+05 1.00000e-04
