# Filter name : JWST/MIRI.F1000W
# Description : MIRI F1000W filter
# Photometric system : MIRI
# FilterType : photon
# Band name : ------
# Observatory : JWST
# Instrument : MIRI
# Comments : nominal transmission of the JWST OTE is not included
# 
8.74300e+04 4.00000e-04
8.74900e+04 1.20000e-03
8.75500e+04 2.00000e-03
8.76000e+04 2.90000e-03
8.76600e+04 5.60000e-03
8.77200e+04 8.20000e-03
8.77800e+04 1.09000e-02
8.78400e+04 1.27000e-02
8.78900e+04 1.39000e-02
8.79500e+04 1.51000e-02
8.80100e+04 1.56000e-02
8.80700e+04 1.30000e-02
8.81300e+04 1.04000e-02
8.81800e+04 7.80000e-03
8.82400e+04 6.20000e-03
8.83000e+04 5.00000e-03
8.83600e+04 3.80000e-03
8.84200e+04 2.90000e-03
8.84700e+04 2.90000e-03
8.85300e+04 2.90000e-03
8.85900e+04 2.90000e-03
8.86500e+04 3.30000e-03
8.87100e+04 3.80000e-03
8.87600e+04 4.30000e-03
8.88200e+04 5.20000e-03
8.88800e+04 6.50000e-03
8.89400e+04 7.80000e-03
8.90000e+04 9.20000e-03
8.90500e+04 1.19000e-02
8.91100e+04 1.47000e-02
8.91700e+04 1.74000e-02
8.92300e+04 2.11000e-02
8.92900e+04 2.58000e-02
8.93400e+04 3.05000e-02
8.94000e+04 3.52000e-02
8.94600e+04 4.16000e-02
8.95200e+04 4.81000e-02
8.95800e+04 5.45000e-02
8.96300e+04 6.23000e-02
8.96900e+04 7.11000e-02
8.97500e+04 7.99000e-02
8.98100e+04 8.94000e-02
8.98700e+04 1.02900e-01
8.99200e+04 1.16300e-01
8.99800e+04 1.29800e-01
9.00400e+04 1.48200e-01
9.01000e+04 1.68700e-01
9.01600e+04 1.89300e-01
9.02100e+04 2.10900e-01
9.02700e+04 2.35700e-01
9.03300e+04 2.60500e-01
9.03900e+04 2.85300e-01
9.04500e+04 3.03600e-01
9.05000e+04 3.20200e-01
9.05600e+04 3.36900e-01
9.06200e+04 3.48200e-01
9.06800e+04 3.49400e-01
9.07400e+04 3.50600e-01
9.07900e+04 3.51800e-01
9.08500e+04 3.47000e-01
9.09100e+04 3.41400e-01
9.09700e+04 3.35800e-01
9.10300e+04 3.31200e-01
9.10800e+04 3.27700e-01
9.11400e+04 3.24200e-01
9.12000e+04 3.20800e-01
9.12600e+04 3.22300e-01
9.13200e+04 3.23900e-01
9.13700e+04 3.25500e-01
9.14300e+04 3.29200e-01
9.14900e+04 3.34700e-01
9.15500e+04 3.40100e-01
9.16100e+04 3.45700e-01
9.16600e+04 3.51800e-01
9.17200e+04 3.58000e-01
9.17800e+04 3.64100e-01
9.18400e+04 3.69300e-01
9.19000e+04 3.74000e-01
9.19500e+04 3.78700e-01
9.20100e+04 3.83000e-01
9.20700e+04 3.85500e-01
9.21300e+04 3.88000e-01
9.21900e+04 3.90500e-01
9.22400e+04 3.91600e-01
9.23000e+04 3.92200e-01
9.23600e+04 3.92800e-01
9.24200e+04 3.93000e-01
9.24800e+04 3.92600e-01
9.25300e+04 3.92100e-01
9.25900e+04 3.91700e-01
9.26500e+04 3.90800e-01
9.27100e+04 3.89800e-01
9.27700e+04 3.88900e-01
9.28200e+04 3.87800e-01
9.28800e+04 3.86700e-01
9.29400e+04 3.85600e-01
9.30000e+04 3.84500e-01
9.30600e+04 3.83500e-01
9.31100e+04 3.82500e-01
9.31700e+04 3.81500e-01
9.32300e+04 3.80700e-01
9.32900e+04 3.80000e-01
9.33500e+04 3.79300e-01
9.34000e+04 3.78600e-01
9.34600e+04 3.78400e-01
9.35200e+04 3.78200e-01
9.35800e+04 3.77900e-01
9.36400e+04 3.78000e-01
9.36900e+04 3.78300e-01
9.37500e+04 3.78600e-01
9.38100e+04 3.79000e-01
9.38700e+04 3.79800e-01
9.39300e+04 3.80600e-01
9.39800e+04 3.81400e-01
9.40400e+04 3.82300e-01
9.41000e+04 3.83300e-01
9.41600e+04 3.84300e-01
9.42200e+04 3.85300e-01
9.42700e+04 3.86200e-01
9.43300e+04 3.87100e-01
9.43900e+04 3.88000e-01
9.44500e+04 3.88700e-01
9.45100e+04 3.89400e-01
9.45600e+04 3.90000e-01
9.46200e+04 3.90600e-01
9.46800e+04 3.91000e-01
9.47400e+04 3.91500e-01
9.48000e+04 3.91900e-01
9.48500e+04 3.92300e-01
9.49100e+04 3.92700e-01
9.49700e+04 3.93000e-01
9.50300e+04 3.93400e-01
9.50900e+04 3.93800e-01
9.51400e+04 3.94200e-01
9.52000e+04 3.94600e-01
9.52600e+04 3.95100e-01
9.53200e+04 3.95500e-01
9.53800e+04 3.96000e-01
9.54300e+04 3.96400e-01
9.54900e+04 3.96800e-01
9.55500e+04 3.97200e-01
9.56100e+04 3.97600e-01
9.56700e+04 3.97800e-01
9.57200e+04 3.98000e-01
9.57800e+04 3.98200e-01
9.58400e+04 3.98100e-01
9.59000e+04 3.97900e-01
9.59600e+04 3.97700e-01
9.60100e+04 3.97400e-01
9.60700e+04 3.96800e-01
9.61300e+04 3.96300e-01
9.61900e+04 3.95700e-01
9.62500e+04 3.95100e-01
9.63000e+04 3.94400e-01
9.63600e+04 3.93700e-01
9.64200e+04 3.93100e-01
9.64800e+04 3.92500e-01
9.65400e+04 3.92000e-01
9.65900e+04 3.91400e-01
9.66500e+04 3.91100e-01
9.67100e+04 3.90800e-01
9.67700e+04 3.90500e-01
9.68300e+04 3.90300e-01
9.68800e+04 3.90300e-01
9.69400e+04 3.90400e-01
9.70000e+04 3.90400e-01
9.70600e+04 3.90700e-01
9.71200e+04 3.91000e-01
9.71700e+04 3.91300e-01
9.72300e+04 3.91700e-01
9.72900e+04 3.92200e-01
9.73500e+04 3.92700e-01
9.74100e+04 3.93200e-01
9.74600e+04 3.93700e-01
9.75200e+04 3.94100e-01
9.75800e+04 3.94600e-01
9.76400e+04 3.94900e-01
9.77000e+04 3.95200e-01
9.77500e+04 3.95500e-01
9.78100e+04 3.95700e-01
9.78700e+04 3.95800e-01
9.79300e+04 3.95900e-01
9.79900e+04 3.95900e-01
9.80400e+04 3.95900e-01
9.81000e+04 3.95800e-01
9.81600e+04 3.95700e-01
9.82200e+04 3.95600e-01
9.82800e+04 3.95300e-01
9.83300e+04 3.95000e-01
9.83900e+04 3.94800e-01
9.84500e+04 3.94500e-01
9.85100e+04 3.94200e-01
9.85700e+04 3.93900e-01
9.86200e+04 3.93600e-01
9.86800e+04 3.93400e-01
9.87400e+04 3.93200e-01
9.88000e+04 3.93100e-01
9.88600e+04 3.93000e-01
9.89100e+04 3.93000e-01
9.89700e+04 3.92900e-01
9.90300e+04 3.92900e-01
9.90900e+04 3.92800e-01
9.91500e+04 3.92700e-01
9.92000e+04 3.92700e-01
9.92600e+04 3.92500e-01
9.93200e+04 3.92400e-01
9.93800e+04 3.92200e-01
9.94400e+04 3.92000e-01
9.94900e+04 3.91700e-01
9.95500e+04 3.91400e-01
9.96100e+04 3.91200e-01
9.96700e+04 3.90900e-01
9.97300e+04 3.90500e-01
9.97800e+04 3.90200e-01
9.98400e+04 3.89900e-01
9.99000e+04 3.89700e-01
9.99600e+04 3.89500e-01
1.00020e+05 3.89300e-01
1.00070e+05 3.89500e-01
1.00130e+05 3.89700e-01
1.00190e+05 3.89800e-01
1.00250e+05 3.90200e-01
1.00310e+05 3.90500e-01
1.00360e+05 3.90900e-01
1.00420e+05 3.91400e-01
1.00480e+05 3.92000e-01
1.00540e+05 3.92600e-01
1.00600e+05 3.93100e-01
1.00650e+05 3.93900e-01
1.00710e+05 3.94700e-01
1.00770e+05 3.95500e-01
1.00830e+05 3.96400e-01
1.00890e+05 3.97300e-01
1.00940e+05 3.98200e-01
1.01000e+05 3.99100e-01
1.01060e+05 3.99900e-01
1.01120e+05 4.00700e-01
1.01180e+05 4.01600e-01
1.01230e+05 4.02300e-01
1.01290e+05 4.02900e-01
1.01350e+05 4.03500e-01
1.01410e+05 4.04000e-01
1.01470e+05 4.04300e-01
1.01520e+05 4.04700e-01
1.01580e+05 4.05000e-01
1.01640e+05 4.05200e-01
1.01700e+05 4.05300e-01
1.01760e+05 4.05400e-01
1.01810e+05 4.05400e-01
1.01870e+05 4.05300e-01
1.01930e+05 4.05200e-01
1.01990e+05 4.05100e-01
1.02050e+05 4.04900e-01
1.02100e+05 4.04700e-01
1.02160e+05 4.04500e-01
1.02220e+05 4.04200e-01
1.02280e+05 4.04000e-01
1.02340e+05 4.03800e-01
1.02390e+05 4.03600e-01
1.02450e+05 4.03500e-01
1.02510e+05 4.03400e-01
1.02570e+05 4.03200e-01
1.02630e+05 4.03200e-01
1.02680e+05 4.03200e-01
1.02740e+05 4.03200e-01
1.02800e+05 4.03300e-01
1.02860e+05 4.03500e-01
1.02920e+05 4.03600e-01
1.02970e+05 4.03800e-01
1.03030e+05 4.04000e-01
1.03090e+05 4.04300e-01
1.03150e+05 4.04600e-01
1.03210e+05 4.04900e-01
1.03260e+05 4.05200e-01
1.03320e+05 4.05600e-01
1.03380e+05 4.05900e-01
1.03440e+05 4.06200e-01
1.03500e+05 4.06500e-01
1.03550e+05 4.06800e-01
1.03610e+05 4.07100e-01
1.03670e+05 4.07400e-01
1.03730e+05 4.07700e-01
1.03790e+05 4.08000e-01
1.03840e+05 4.08200e-01
1.03900e+05 4.08500e-01
1.03960e+05 4.08800e-01
1.04020e+05 4.09100e-01
1.04080e+05 4.09300e-01
1.04130e+05 4.09600e-01
1.04190e+05 4.09900e-01
1.04250e+05 4.10100e-01
1.04310e+05 4.10400e-01
1.04370e+05 4.10700e-01
1.04420e+05 4.11000e-01
1.04480e+05 4.11400e-01
1.04540e+05 4.11700e-01
1.04600e+05 4.12100e-01
1.04660e+05 4.12500e-01
1.04710e+05 4.12900e-01
1.04770e+05 4.13300e-01
1.04830e+05 4.13600e-01
1.04890e+05 4.14000e-01
1.04950e+05 4.14300e-01
1.05000e+05 4.14600e-01
1.05060e+05 4.14300e-01
1.05120e+05 4.14000e-01
1.05180e+05 4.13800e-01
1.05240e+05 4.13400e-01
1.05290e+05 4.12900e-01
1.05350e+05 4.12400e-01
1.05410e+05 4.11900e-01
1.05470e+05 4.11200e-01
1.05530e+05 4.10500e-01
1.05580e+05 4.09800e-01
1.05640e+05 4.09000e-01
1.05700e+05 4.08100e-01
1.05760e+05 4.07200e-01
1.05820e+05 4.06400e-01
1.05870e+05 4.05400e-01
1.05930e+05 4.04500e-01
1.05990e+05 4.03500e-01
1.06050e+05 4.02600e-01
1.06110e+05 4.01700e-01
1.06160e+05 4.00700e-01
1.06220e+05 3.99900e-01
1.06280e+05 3.99100e-01
1.06340e+05 3.98300e-01
1.06400e+05 3.97500e-01
1.06450e+05 3.96900e-01
1.06510e+05 3.96300e-01
1.06570e+05 3.95700e-01
1.06630e+05 3.95200e-01
1.06690e+05 3.94900e-01
1.06740e+05 3.94500e-01
1.06800e+05 3.94200e-01
1.06860e+05 3.94000e-01
1.06920e+05 3.93800e-01
1.06980e+05 3.93700e-01
1.07030e+05 3.93500e-01
1.07090e+05 3.93400e-01
1.07150e+05 3.93300e-01
1.07210e+05 3.93200e-01
1.07270e+05 3.93000e-01
1.07320e+05 3.92700e-01
1.07380e+05 3.92400e-01
1.07440e+05 3.91900e-01
1.07500e+05 3.91200e-01
1.07560e+05 3.90500e-01
1.07610e+05 3.89600e-01
1.07670e+05 3.88200e-01
1.07730e+05 3.86800e-01
1.07790e+05 3.85300e-01
1.07850e+05 3.82900e-01
1.07900e+05 3.80300e-01
1.07960e+05 3.77700e-01
1.08020e+05 3.74200e-01
1.08080e+05 3.69300e-01
1.08140e+05 3.64300e-01
1.08190e+05 3.59400e-01
1.08250e+05 3.51600e-01
1.08310e+05 3.43500e-01
1.08370e+05 3.35400e-01
1.08430e+05 3.25700e-01
1.08480e+05 3.14200e-01
1.08540e+05 3.02800e-01
1.08600e+05 2.91300e-01
1.08660e+05 2.77100e-01
1.08720e+05 2.62900e-01
1.08770e+05 2.48800e-01
1.08830e+05 2.33900e-01
1.08890e+05 2.18400e-01
1.08950e+05 2.02900e-01
1.09010e+05 1.87500e-01
1.09060e+05 1.72500e-01
1.09120e+05 1.57500e-01
1.09180e+05 1.42600e-01
1.09240e+05 1.29200e-01
1.09300e+05 1.16600e-01
1.09350e+05 1.04100e-01
1.09410e+05 9.23000e-02
1.09470e+05 8.34000e-02
1.09530e+05 7.44000e-02
1.09590e+05 6.55000e-02
1.09640e+05 5.86000e-02
1.09700e+05 5.24000e-02
1.09760e+05 4.61000e-02
1.09820e+05 4.05000e-02
1.09880e+05 3.63000e-02
1.09930e+05 3.21000e-02
1.09990e+05 2.78000e-02
1.10050e+05 2.49000e-02
1.10110e+05 2.22000e-02
1.10170e+05 1.94000e-02
1.10220e+05 1.71000e-02
1.10280e+05 1.54000e-02
1.10340e+05 1.36000e-02
1.10400e+05 1.19000e-02
1.10460e+05 1.08000e-02
1.10510e+05 9.70000e-03
1.10570e+05 8.70000e-03
1.10630e+05 7.80000e-03
1.10690e+05 7.10000e-03
1.10750e+05 6.50000e-03
1.10800e+05 5.80000e-03
1.10860e+05 5.30000e-03
1.10920e+05 4.90000e-03
1.10980e+05 4.40000e-03
1.11040e+05 4.00000e-03
1.11090e+05 3.70000e-03
1.11150e+05 3.30000e-03
1.11210e+05 3.00000e-03
1.11270e+05 2.80000e-03
1.11330e+05 2.60000e-03
1.11380e+05 2.30000e-03
1.11440e+05 2.10000e-03
1.11500e+05 2.00000e-03
1.11560e+05 1.80000e-03
1.11620e+05 1.70000e-03
1.11670e+05 1.60000e-03
1.11730e+05 1.50000e-03
1.11790e+05 1.30000e-03
1.11850e+05 1.30000e-03
1.11910e+05 1.20000e-03
1.11960e+05 1.10000e-03
1.12020e+05 1.00000e-03
1.12080e+05 9.00000e-04
1.12140e+05 9.00000e-04
1.12200e+05 8.00000e-04
1.12250e+05 8.00000e-04
1.12310e+05 7.00000e-04
1.12370e+05 7.00000e-04
1.12430e+05 6.00000e-04
1.12490e+05 6.00000e-04
1.12540e+05 5.00000e-04
1.12600e+05 5.00000e-04
1.12660e+05 5.00000e-04
1.12720e+05 5.00000e-04
1.12780e+05 4.00000e-04
1.12830e+05 4.00000e-04
1.12890e+05 4.00000e-04
1.12950e+05 4.00000e-04
1.13010e+05 4.00000e-04
1.13070e+05 4.00000e-04
1.13120e+05 3.00000e-04
1.13180e+05 3.00000e-04
1.13240e+05 3.00000e-04
1.13300e+05 3.00000e-04
1.13360e+05 3.00000e-04
1.13410e+05 2.00000e-04
1.13470e+05 2.00000e-04
1.13530e+05 2.00000e-04
1.13590e+05 2.00000e-04
1.13650e+05 2.00000e-04
1.13700e+05 2.00000e-04
1.13760e+05 2.00000e-04
1.13820e+05 2.00000e-04
1.13880e+05 2.00000e-04
1.13940e+05 2.00000e-04
1.13990e+05 2.00000e-04
1.14050e+05 2.00000e-04
1.14110e+05 2.00000e-04
1.14170e+05 2.00000e-04
1.14230e+05 2.00000e-04
1.14280e+05 2.00000e-04
1.14340e+05 2.00000e-04
1.14400e+05 2.00000e-04
1.14460e+05 2.00000e-04
1.14520e+05 2.00000e-04
1.14570e+05 2.00000e-04
1.14630e+05 2.00000e-04
1.14690e+05 1.00000e-04
1.14750e+05 1.00000e-04
1.14810e+05 1.00000e-04
1.14860e+05 1.00000e-04
1.14920e+05 1.00000e-04
1.14980e+05 1.00000e-04
1.15040e+05 1.00000e-04
1.15100e+05 1.00000e-04
1.15150e+05 1.00000e-04
