# Filter name : JWST/MIRI.F1800W
# Description : MIRI F1800W filter
# Photometric system : MIRI
# FilterType : photon
# Band name : ------
# Observatory : JWST
# Instrument : MIRI
# Comments : nominal transmission of the JWST OTE is not included
# 
1.50300e+05 1.00000e-04
1.50360e+05 1.00000e-04
1.50420e+05 1.00000e-04
1.50480e+05 1.00000e-04
1.50530e+05 1.00000e-04
1.50590e+05 1.00000e-04
1.50650e+05 1.00000e-04
1.50710e+05 1.00000e-04
1.50770e+05 1.00000e-04
1.50820e+05 1.00000e-04
1.50880e+05 1.00000e-04
1.50940e+05 2.00000e-04
1.51000e+05 2.00000e-04
1.51060e+05 2.00000e-04
1.51110e+05 2.00000e-04
1.51170e+05 2.00000e-04
1.51230e+05 2.00000e-04
1.51290e+05 2.00000e-04
1.51350e+05 2.00000e-04
1.51400e+05 2.00000e-04
1.51460e+05 2.00000e-04
1.51520e+05 2.00000e-04
1.51580e+05 2.00000e-04
1.51640e+05 2.00000e-04
1.51690e+05 2.00000e-04
1.51750e+05 2.00000e-04
1.51810e+05 2.00000e-04
1.51870e+05 2.00000e-04
1.51930e+05 2.00000e-04
1.51980e+05 2.00000e-04
1.52040e+05 1.00000e-04
1.52100e+05 1.00000e-04
1.52160e+05 1.00000e-04
1.52220e+05 1.00000e-04
1.52270e+05 1.00000e-04
1.52330e+05 1.00000e-04
1.52390e+05 1.00000e-04
1.52450e+05 1.00000e-04
1.52510e+05 1.00000e-04
1.52560e+05 1.00000e-04
1.52620e+05 1.00000e-04
1.52680e+05 1.00000e-04
1.52740e+05 1.00000e-04
1.52800e+05 1.00000e-04
1.52850e+05 1.00000e-04
1.52910e+05 1.00000e-04
1.52970e+05 1.00000e-04
1.53030e+05 1.00000e-04
1.53090e+05 1.00000e-04
1.53140e+05 1.00000e-04
1.53200e+05 1.00000e-04
1.53260e+05 1.00000e-04
1.53320e+05 2.00000e-04
1.53380e+05 2.00000e-04
1.53430e+05 2.00000e-04
1.53490e+05 2.00000e-04
1.53550e+05 2.00000e-04
1.53610e+05 1.00000e-04
1.53670e+05 1.00000e-04
1.53720e+05 1.00000e-04
1.53780e+05 1.00000e-04
1.53840e+05 1.00000e-04
1.53900e+05 1.00000e-04
1.53960e+05 1.00000e-04
1.54010e+05 1.00000e-04
1.54070e+05 1.00000e-04
1.54130e+05 1.00000e-04
1.54190e+05 1.00000e-04
1.54250e+05 1.00000e-04
1.54300e+05 1.00000e-04
1.54360e+05 1.00000e-04
1.54420e+05 1.00000e-04
1.54480e+05 1.00000e-04
1.54540e+05 1.00000e-04
1.54590e+05 1.00000e-04
1.54650e+05 1.00000e-04
1.54710e+05 1.00000e-04
1.54770e+05 1.00000e-04
1.54830e+05 1.00000e-04
1.54880e+05 1.00000e-04
1.54940e+05 1.00000e-04
1.55000e+05 1.00000e-04
1.55060e+05 1.00000e-04
1.55120e+05 1.00000e-04
1.55170e+05 1.00000e-04
1.55230e+05 1.00000e-04
1.55290e+05 1.00000e-04
1.55350e+05 1.00000e-04
1.55410e+05 1.00000e-04
1.55460e+05 1.00000e-04
1.55520e+05 1.00000e-04
1.55580e+05 1.00000e-04
1.55640e+05 1.00000e-04
1.55700e+05 1.00000e-04
1.55750e+05 1.00000e-04
1.55810e+05 1.00000e-04
1.55870e+05 1.00000e-04
1.55930e+05 1.00000e-04
1.55990e+05 1.00000e-04
1.56040e+05 2.00000e-04
1.56100e+05 2.00000e-04
1.56160e+05 2.00000e-04
1.56220e+05 2.00000e-04
1.56280e+05 2.00000e-04
1.56330e+05 2.00000e-04
1.56390e+05 2.00000e-04
1.56450e+05 3.00000e-04
1.56510e+05 3.00000e-04
1.56570e+05 3.00000e-04
1.56620e+05 3.00000e-04
1.56680e+05 3.00000e-04
1.56740e+05 4.00000e-04
1.56800e+05 4.00000e-04
1.56860e+05 4.00000e-04
1.56910e+05 5.00000e-04
1.56970e+05 5.00000e-04
1.57030e+05 5.00000e-04
1.57090e+05 5.00000e-04
1.57150e+05 6.00000e-04
1.57200e+05 6.00000e-04
1.57260e+05 6.00000e-04
1.57320e+05 6.00000e-04
1.57380e+05 7.00000e-04
1.57440e+05 7.00000e-04
1.57490e+05 7.00000e-04
1.57550e+05 7.00000e-04
1.57610e+05 7.00000e-04
1.57670e+05 8.00000e-04
1.57730e+05 8.00000e-04
1.57780e+05 8.00000e-04
1.57840e+05 8.00000e-04
1.57900e+05 8.00000e-04
1.57960e+05 9.00000e-04
1.58020e+05 9.00000e-04
1.58070e+05 9.00000e-04
1.58130e+05 9.00000e-04
1.58190e+05 9.00000e-04
1.58250e+05 1.00000e-03
1.58310e+05 1.00000e-03
1.58360e+05 1.00000e-03
1.58420e+05 1.10000e-03
1.58480e+05 1.10000e-03
1.58540e+05 1.10000e-03
1.58600e+05 1.20000e-03
1.58650e+05 1.20000e-03
1.58710e+05 1.20000e-03
1.58770e+05 1.30000e-03
1.58830e+05 1.30000e-03
1.58890e+05 1.40000e-03
1.58940e+05 1.40000e-03
1.59000e+05 1.50000e-03
1.59060e+05 1.60000e-03
1.59120e+05 1.60000e-03
1.59180e+05 1.70000e-03
1.59230e+05 1.80000e-03
1.59290e+05 1.80000e-03
1.59350e+05 1.90000e-03
1.59410e+05 2.00000e-03
1.59470e+05 2.10000e-03
1.59520e+05 2.10000e-03
1.59580e+05 2.20000e-03
1.59640e+05 2.30000e-03
1.59700e+05 2.40000e-03
1.59760e+05 2.50000e-03
1.59810e+05 2.60000e-03
1.59870e+05 2.70000e-03
1.59930e+05 2.80000e-03
1.59990e+05 2.90000e-03
1.60050e+05 3.00000e-03
1.60100e+05 3.10000e-03
1.60160e+05 3.20000e-03
1.60220e+05 3.40000e-03
1.60280e+05 3.50000e-03
1.60340e+05 3.70000e-03
1.60390e+05 3.80000e-03
1.60450e+05 4.00000e-03
1.60510e+05 4.10000e-03
1.60570e+05 4.30000e-03
1.60630e+05 4.50000e-03
1.60680e+05 4.70000e-03
1.60740e+05 4.90000e-03
1.60800e+05 5.10000e-03
1.60860e+05 5.30000e-03
1.60920e+05 5.60000e-03
1.60970e+05 5.80000e-03
1.61030e+05 6.10000e-03
1.61090e+05 6.40000e-03
1.61150e+05 6.60000e-03
1.61210e+05 6.90000e-03
1.61260e+05 7.30000e-03
1.61320e+05 7.60000e-03
1.61380e+05 8.00000e-03
1.61440e+05 8.30000e-03
1.61500e+05 8.70000e-03
1.61550e+05 9.10000e-03
1.61610e+05 9.50000e-03
1.61670e+05 1.00000e-02
1.61730e+05 1.05000e-02
1.61790e+05 1.09000e-02
1.61840e+05 1.15000e-02
1.61900e+05 1.20000e-02
1.61960e+05 1.26000e-02
1.62020e+05 1.32000e-02
1.62080e+05 1.39000e-02
1.62130e+05 1.45000e-02
1.62190e+05 1.52000e-02
1.62250e+05 1.60000e-02
1.62310e+05 1.68000e-02
1.62370e+05 1.76000e-02
1.62420e+05 1.84000e-02
1.62480e+05 1.94000e-02
1.62540e+05 2.04000e-02
1.62600e+05 2.13000e-02
1.62660e+05 2.25000e-02
1.62710e+05 2.36000e-02
1.62770e+05 2.48000e-02
1.62830e+05 2.61000e-02
1.62890e+05 2.75000e-02
1.62950e+05 2.89000e-02
1.63000e+05 3.03000e-02
1.63060e+05 3.19000e-02
1.63120e+05 3.36000e-02
1.63180e+05 3.53000e-02
1.63240e+05 3.71000e-02
1.63290e+05 3.91000e-02
1.63350e+05 4.11000e-02
1.63410e+05 4.32000e-02
1.63470e+05 4.56000e-02
1.63530e+05 4.79000e-02
1.63580e+05 5.03000e-02
1.63640e+05 5.30000e-02
1.63700e+05 5.58000e-02
1.63760e+05 5.86000e-02
1.63820e+05 6.16000e-02
1.63870e+05 6.49000e-02
1.63930e+05 6.82000e-02
1.63990e+05 7.15000e-02
1.64050e+05 7.53000e-02
1.64110e+05 7.91000e-02
1.64160e+05 8.30000e-02
1.64220e+05 8.71000e-02
1.64280e+05 9.15000e-02
1.64340e+05 9.59000e-02
1.64400e+05 1.00300e-01
1.64450e+05 1.05200e-01
1.64510e+05 1.10100e-01
1.64570e+05 1.15100e-01
1.64630e+05 1.20200e-01
1.64690e+05 1.25600e-01
1.64740e+05 1.31000e-01
1.64800e+05 1.36400e-01
1.64860e+05 1.42200e-01
1.64920e+05 1.47900e-01
1.64980e+05 1.53700e-01
1.65030e+05 1.59600e-01
1.65090e+05 1.65700e-01
1.65150e+05 1.71700e-01
1.65210e+05 1.77800e-01
1.65270e+05 1.83900e-01
1.65320e+05 1.90100e-01
1.65380e+05 1.96300e-01
1.65440e+05 2.02400e-01
1.65500e+05 2.08500e-01
1.65560e+05 2.14600e-01
1.65610e+05 2.20700e-01
1.65670e+05 2.26600e-01
1.65730e+05 2.32500e-01
1.65790e+05 2.38400e-01
1.65850e+05 2.44100e-01
1.65900e+05 2.49700e-01
1.65960e+05 2.55200e-01
1.66020e+05 2.60600e-01
1.66080e+05 2.65700e-01
1.66140e+05 2.70700e-01
1.66190e+05 2.75800e-01
1.66250e+05 2.80300e-01
1.66310e+05 2.84700e-01
1.66370e+05 2.89100e-01
1.66430e+05 2.93300e-01
1.66480e+05 2.97000e-01
1.66540e+05 3.00800e-01
1.66600e+05 3.04500e-01
1.66660e+05 3.07600e-01
1.66720e+05 3.10700e-01
1.66770e+05 3.13700e-01
1.66830e+05 3.16400e-01
1.66890e+05 3.18800e-01
1.66950e+05 3.21200e-01
1.67010e+05 3.23600e-01
1.67060e+05 3.25400e-01
1.67120e+05 3.27200e-01
1.67180e+05 3.29000e-01
1.67240e+05 3.30500e-01
1.67300e+05 3.31800e-01
1.67350e+05 3.33100e-01
1.67410e+05 3.34300e-01
1.67470e+05 3.35200e-01
1.67530e+05 3.36100e-01
1.67590e+05 3.36900e-01
1.67640e+05 3.37600e-01
1.67700e+05 3.38200e-01
1.67760e+05 3.38800e-01
1.67820e+05 3.39300e-01
1.67880e+05 3.39700e-01
1.67930e+05 3.40000e-01
1.67990e+05 3.40400e-01
1.68050e+05 3.40600e-01
1.68110e+05 3.40900e-01
1.68170e+05 3.41100e-01
1.68220e+05 3.41300e-01
1.68280e+05 3.41400e-01
1.68340e+05 3.41600e-01
1.68400e+05 3.41700e-01
1.68460e+05 3.41900e-01
1.68510e+05 3.42000e-01
1.68570e+05 3.42100e-01
1.68630e+05 3.42300e-01
1.68690e+05 3.42400e-01
1.68750e+05 3.42500e-01
1.68800e+05 3.42600e-01
1.68860e+05 3.42700e-01
1.68920e+05 3.42900e-01
1.68980e+05 3.43000e-01
1.69040e+05 3.43100e-01
1.69090e+05 3.43300e-01
1.69150e+05 3.43400e-01
1.69210e+05 3.43600e-01
1.69270e+05 3.43700e-01
1.69330e+05 3.43800e-01
1.69380e+05 3.44000e-01
1.69440e+05 3.44100e-01
1.69500e+05 3.44300e-01
1.69560e+05 3.44400e-01
1.69620e+05 3.44600e-01
1.69670e+05 3.44700e-01
1.69730e+05 3.44900e-01
1.69790e+05 3.45000e-01
1.69850e+05 3.45200e-01
1.69910e+05 3.45400e-01
1.69960e+05 3.45500e-01
1.70020e+05 3.45700e-01
1.70080e+05 3.45700e-01
1.70140e+05 3.45700e-01
1.70200e+05 3.45800e-01
1.70250e+05 3.45800e-01
1.70310e+05 3.45900e-01
1.70370e+05 3.45900e-01
1.70430e+05 3.46000e-01
1.70490e+05 3.46100e-01
1.70540e+05 3.46100e-01
1.70600e+05 3.46200e-01
1.70660e+05 3.46300e-01
1.70720e+05 3.46400e-01
1.70780e+05 3.46500e-01
1.70830e+05 3.46600e-01
1.70890e+05 3.46700e-01
1.70950e+05 3.46800e-01
1.71010e+05 3.46800e-01
1.71070e+05 3.46900e-01
1.71120e+05 3.47000e-01
1.71180e+05 3.47100e-01
1.71240e+05 3.47200e-01
1.71300e+05 3.47300e-01
1.71360e+05 3.47400e-01
1.71410e+05 3.47500e-01
1.71470e+05 3.47600e-01
1.71530e+05 3.47700e-01
1.71590e+05 3.47700e-01
1.71650e+05 3.47800e-01
1.71700e+05 3.47900e-01
1.71760e+05 3.48000e-01
1.71820e+05 3.48000e-01
1.71880e+05 3.48100e-01
1.71940e+05 3.48100e-01
1.71990e+05 3.48200e-01
1.72050e+05 3.48200e-01
1.72110e+05 3.48300e-01
1.72170e+05 3.48300e-01
1.72230e+05 3.48300e-01
1.72280e+05 3.48400e-01
1.72340e+05 3.48400e-01
1.72400e+05 3.48400e-01
1.72460e+05 3.48400e-01
1.72520e+05 3.48500e-01
1.72570e+05 3.48500e-01
1.72630e+05 3.48500e-01
1.72690e+05 3.48600e-01
1.72750e+05 3.48600e-01
1.72810e+05 3.48600e-01
1.72860e+05 3.48700e-01
1.72920e+05 3.48800e-01
1.72980e+05 3.48800e-01
1.73040e+05 3.48900e-01
1.73100e+05 3.49000e-01
1.73150e+05 3.49100e-01
1.73210e+05 3.49100e-01
1.73270e+05 3.49200e-01
1.73330e+05 3.49300e-01
1.73390e+05 3.49400e-01
1.73440e+05 3.49400e-01
1.73500e+05 3.49500e-01
1.73560e+05 3.49600e-01
1.73620e+05 3.49600e-01
1.73680e+05 3.49700e-01
1.73730e+05 3.49700e-01
1.73790e+05 3.49800e-01
1.73850e+05 3.49800e-01
1.73910e+05 3.49800e-01
1.73970e+05 3.49800e-01
1.74020e+05 3.49800e-01
1.74080e+05 3.49800e-01
1.74140e+05 3.49800e-01
1.74200e+05 3.49800e-01
1.74260e+05 3.49700e-01
1.74310e+05 3.49700e-01
1.74370e+05 3.49600e-01
1.74430e+05 3.49600e-01
1.74490e+05 3.49500e-01
1.74550e+05 3.49500e-01
1.74600e+05 3.49400e-01
1.74660e+05 3.49300e-01
1.74720e+05 3.49300e-01
1.74780e+05 3.49200e-01
1.74840e+05 3.49200e-01
1.74890e+05 3.49100e-01
1.74950e+05 3.49100e-01
1.75010e+05 3.49000e-01
1.75070e+05 3.48900e-01
1.75130e+05 3.48800e-01
1.75180e+05 3.48700e-01
1.75240e+05 3.48600e-01
1.75300e+05 3.48500e-01
1.75360e+05 3.48400e-01
1.75420e+05 3.48300e-01
1.75470e+05 3.48300e-01
1.75530e+05 3.48200e-01
1.75590e+05 3.48100e-01
1.75650e+05 3.48000e-01
1.75710e+05 3.47900e-01
1.75760e+05 3.47900e-01
1.75820e+05 3.47800e-01
1.75880e+05 3.47700e-01
1.75940e+05 3.47700e-01
1.76000e+05 3.47600e-01
1.76050e+05 3.47500e-01
1.76110e+05 3.47500e-01
1.76170e+05 3.47400e-01
1.76230e+05 3.47300e-01
1.76290e+05 3.47200e-01
1.76340e+05 3.47200e-01
1.76400e+05 3.47100e-01
1.76460e+05 3.47000e-01
1.76520e+05 3.47000e-01
1.76580e+05 3.46900e-01
1.76630e+05 3.46800e-01
1.76690e+05 3.46700e-01
1.76750e+05 3.46700e-01
1.76810e+05 3.46600e-01
1.76870e+05 3.46500e-01
1.76920e+05 3.46400e-01
1.76980e+05 3.46400e-01
1.77040e+05 3.46300e-01
1.77100e+05 3.46200e-01
1.77160e+05 3.46200e-01
1.77210e+05 3.46100e-01
1.77270e+05 3.46000e-01
1.77330e+05 3.45900e-01
1.77390e+05 3.45900e-01
1.77450e+05 3.45800e-01
1.77500e+05 3.45700e-01
1.77560e+05 3.45600e-01
1.77620e+05 3.45600e-01
1.77680e+05 3.45500e-01
1.77740e+05 3.45400e-01
1.77790e+05 3.45300e-01
1.77850e+05 3.45200e-01
1.77910e+05 3.45200e-01
1.77970e+05 3.45100e-01
1.78030e+05 3.45000e-01
1.78080e+05 3.44900e-01
1.78140e+05 3.44800e-01
1.78200e+05 3.44700e-01
1.78260e+05 3.44600e-01
1.78320e+05 3.44500e-01
1.78370e+05 3.44400e-01
1.78430e+05 3.44300e-01
1.78490e+05 3.44200e-01
1.78550e+05 3.44100e-01
1.78610e+05 3.44000e-01
1.78660e+05 3.43900e-01
1.78720e+05 3.43800e-01
1.78780e+05 3.43700e-01
1.78840e+05 3.43500e-01
1.78900e+05 3.43400e-01
1.78950e+05 3.43300e-01
1.79010e+05 3.43200e-01
1.79070e+05 3.43100e-01
1.79130e+05 3.43000e-01
1.79190e+05 3.42800e-01
1.79240e+05 3.42700e-01
1.79300e+05 3.42600e-01
1.79360e+05 3.42500e-01
1.79420e+05 3.42300e-01
1.79480e+05 3.42200e-01
1.79530e+05 3.42100e-01
1.79590e+05 3.42000e-01
1.79650e+05 3.41800e-01
1.79710e+05 3.41700e-01
1.79770e+05 3.41600e-01
1.79820e+05 3.41500e-01
1.79880e+05 3.41300e-01
1.79940e+05 3.41200e-01
1.80000e+05 3.41100e-01
1.80060e+05 3.41100e-01
1.80110e+05 3.41100e-01
1.80170e+05 3.41100e-01
1.80230e+05 3.41100e-01
1.80290e+05 3.41100e-01
1.80350e+05 3.41100e-01
1.80400e+05 3.41100e-01
1.80460e+05 3.41100e-01
1.80520e+05 3.41100e-01
1.80580e+05 3.41100e-01
1.80640e+05 3.41100e-01
1.80690e+05 3.41100e-01
1.80750e+05 3.41200e-01
1.80810e+05 3.41200e-01
1.80870e+05 3.41200e-01
1.80930e+05 3.41200e-01
1.80980e+05 3.41200e-01
1.81040e+05 3.41200e-01
1.81100e+05 3.41300e-01
1.81160e+05 3.41300e-01
1.81220e+05 3.41300e-01
1.81270e+05 3.41300e-01
1.81330e+05 3.41400e-01
1.81390e+05 3.41400e-01
1.81450e+05 3.41400e-01
1.81510e+05 3.41500e-01
1.81560e+05 3.41500e-01
1.81620e+05 3.41500e-01
1.81680e+05 3.41600e-01
1.81740e+05 3.41600e-01
1.81800e+05 3.41600e-01
1.81850e+05 3.41700e-01
1.81910e+05 3.41700e-01
1.81970e+05 3.41700e-01
1.82030e+05 3.41700e-01
1.82090e+05 3.41800e-01
1.82140e+05 3.41800e-01
1.82200e+05 3.41800e-01
1.82260e+05 3.41800e-01
1.82320e+05 3.41900e-01
1.82380e+05 3.41900e-01
1.82430e+05 3.41900e-01
1.82490e+05 3.42000e-01
1.82550e+05 3.42000e-01
1.82610e+05 3.42000e-01
1.82670e+05 3.42100e-01
1.82720e+05 3.42100e-01
1.82780e+05 3.42100e-01
1.82840e+05 3.42200e-01
1.82900e+05 3.42200e-01
1.82960e+05 3.42300e-01
1.83010e+05 3.42300e-01
1.83070e+05 3.42400e-01
1.83130e+05 3.42400e-01
1.83190e+05 3.42500e-01
1.83250e+05 3.42600e-01
1.83300e+05 3.42600e-01
1.83360e+05 3.42700e-01
1.83420e+05 3.42800e-01
1.83480e+05 3.42800e-01
1.83540e+05 3.42900e-01
1.83590e+05 3.43000e-01
1.83650e+05 3.43100e-01
1.83710e+05 3.43100e-01
1.83770e+05 3.43200e-01
1.83830e+05 3.43300e-01
1.83880e+05 3.43400e-01
1.83940e+05 3.43400e-01
1.84000e+05 3.43500e-01
1.84060e+05 3.43600e-01
1.84120e+05 3.43700e-01
1.84170e+05 3.43700e-01
1.84230e+05 3.43800e-01
1.84290e+05 3.43900e-01
1.84350e+05 3.44000e-01
1.84410e+05 3.44000e-01
1.84460e+05 3.44100e-01
1.84520e+05 3.44100e-01
1.84580e+05 3.44200e-01
1.84640e+05 3.44200e-01
1.84700e+05 3.44300e-01
1.84750e+05 3.44300e-01
1.84810e+05 3.44300e-01
1.84870e+05 3.44300e-01
1.84930e+05 3.44400e-01
1.84990e+05 3.44400e-01
1.85040e+05 3.44200e-01
1.85100e+05 3.43900e-01
1.85160e+05 3.43600e-01
1.85220e+05 3.43300e-01
1.85280e+05 3.43000e-01
1.85330e+05 3.42700e-01
1.85390e+05 3.42400e-01
1.85450e+05 3.42100e-01
1.85510e+05 3.41800e-01
1.85570e+05 3.41500e-01
1.85620e+05 3.41100e-01
1.85680e+05 3.40800e-01
1.85740e+05 3.40400e-01
1.85800e+05 3.40100e-01
1.85860e+05 3.39700e-01
1.85910e+05 3.39400e-01
1.85970e+05 3.39000e-01
1.86030e+05 3.38700e-01
1.86090e+05 3.38300e-01
1.86150e+05 3.38000e-01
1.86200e+05 3.37600e-01
1.86260e+05 3.37200e-01
1.86320e+05 3.36900e-01
1.86380e+05 3.36500e-01
1.86440e+05 3.36100e-01
1.86490e+05 3.35800e-01
1.86550e+05 3.35400e-01
1.86610e+05 3.35000e-01
1.86670e+05 3.34600e-01
1.86730e+05 3.34200e-01
1.86780e+05 3.33900e-01
1.86840e+05 3.33500e-01
1.86900e+05 3.33100e-01
1.86960e+05 3.32700e-01
1.87020e+05 3.32300e-01
1.87070e+05 3.31900e-01
1.87130e+05 3.31500e-01
1.87190e+05 3.31100e-01
1.87250e+05 3.30800e-01
1.87310e+05 3.30400e-01
1.87360e+05 3.30000e-01
1.87420e+05 3.29600e-01
1.87480e+05 3.29200e-01
1.87540e+05 3.28800e-01
1.87600e+05 3.28400e-01
1.87650e+05 3.28000e-01
1.87710e+05 3.27700e-01
1.87770e+05 3.27300e-01
1.87830e+05 3.26900e-01
1.87890e+05 3.26500e-01
1.87940e+05 3.26100e-01
1.88000e+05 3.25700e-01
1.88060e+05 3.25300e-01
1.88120e+05 3.25000e-01
1.88180e+05 3.24600e-01
1.88230e+05 3.24200e-01
1.88290e+05 3.23800e-01
1.88350e+05 3.23400e-01
1.88410e+05 3.23100e-01
1.88470e+05 3.22700e-01
1.88520e+05 3.22300e-01
1.88580e+05 3.21900e-01
1.88640e+05 3.21600e-01
1.88700e+05 3.21200e-01
1.88760e+05 3.20900e-01
1.88810e+05 3.20500e-01
1.88870e+05 3.20200e-01
1.88930e+05 3.19900e-01
1.88990e+05 3.19600e-01
1.89050e+05 3.19300e-01
1.89100e+05 3.19000e-01
1.89160e+05 3.18700e-01
1.89220e+05 3.18400e-01
1.89280e+05 3.18200e-01
1.89340e+05 3.17900e-01
1.89390e+05 3.17700e-01
1.89450e+05 3.17500e-01
1.89510e+05 3.17300e-01
1.89570e+05 3.17000e-01
1.89630e+05 3.16900e-01
1.89680e+05 3.16700e-01
1.89740e+05 3.16500e-01
1.89800e+05 3.16300e-01
1.89860e+05 3.16200e-01
1.89920e+05 3.16100e-01
1.89970e+05 3.15900e-01
1.90030e+05 3.15900e-01
1.90090e+05 3.15900e-01
1.90150e+05 3.16000e-01
1.90210e+05 3.16000e-01
1.90260e+05 3.16000e-01
1.90320e+05 3.16100e-01
1.90380e+05 3.16100e-01
1.90440e+05 3.16100e-01
1.90500e+05 3.16100e-01
1.90550e+05 3.16100e-01
1.90610e+05 3.16100e-01
1.90670e+05 3.16100e-01
1.90730e+05 3.16100e-01
1.90790e+05 3.16100e-01
1.90840e+05 3.16000e-01
1.90900e+05 3.15900e-01
1.90960e+05 3.15800e-01
1.91020e+05 3.15700e-01
1.91080e+05 3.15500e-01
1.91130e+05 3.15400e-01
1.91190e+05 3.15200e-01
1.91250e+05 3.15000e-01
1.91310e+05 3.14800e-01
1.91370e+05 3.14500e-01
1.91420e+05 3.14200e-01
1.91480e+05 3.13900e-01
1.91540e+05 3.13500e-01
1.91600e+05 3.13200e-01
1.91660e+05 3.12700e-01
1.91710e+05 3.12200e-01
1.91770e+05 3.11800e-01
1.91830e+05 3.11200e-01
1.91890e+05 3.10600e-01
1.91950e+05 3.09900e-01
1.92000e+05 3.09300e-01
1.92060e+05 3.08500e-01
1.92120e+05 3.07700e-01
1.92180e+05 3.06900e-01
1.92240e+05 3.06000e-01
1.92290e+05 3.04900e-01
1.92350e+05 3.03900e-01
1.92410e+05 3.02900e-01
1.92470e+05 3.01600e-01
1.92530e+05 3.00400e-01
1.92580e+05 2.99100e-01
1.92640e+05 2.97700e-01
1.92700e+05 2.96200e-01
1.92760e+05 2.94600e-01
1.92820e+05 2.93000e-01
1.92870e+05 2.91200e-01
1.92930e+05 2.89400e-01
1.92990e+05 2.87600e-01
1.93050e+05 2.85600e-01
1.93110e+05 2.83500e-01
1.93160e+05 2.81400e-01
1.93220e+05 2.79200e-01
1.93280e+05 2.76800e-01
1.93340e+05 2.74400e-01
1.93400e+05 2.72000e-01
1.93450e+05 2.69400e-01
1.93510e+05 2.66700e-01
1.93570e+05 2.64000e-01
1.93630e+05 2.61200e-01
1.93690e+05 2.58200e-01
1.93740e+05 2.55200e-01
1.93800e+05 2.52300e-01
1.93860e+05 2.49000e-01
1.93920e+05 2.45800e-01
1.93980e+05 2.42600e-01
1.94030e+05 2.39200e-01
1.94090e+05 2.35700e-01
1.94150e+05 2.32200e-01
1.94210e+05 2.28600e-01
1.94270e+05 2.24900e-01
1.94320e+05 2.21200e-01
1.94380e+05 2.17600e-01
1.94440e+05 2.13700e-01
1.94500e+05 2.09900e-01
1.94560e+05 2.06000e-01
1.94610e+05 2.02100e-01
1.94670e+05 1.98100e-01
1.94730e+05 1.94200e-01
1.94790e+05 1.90300e-01
1.94850e+05 1.86300e-01
1.94900e+05 1.82300e-01
1.94960e+05 1.78300e-01
1.95020e+05 1.74300e-01
1.95080e+05 1.70500e-01
1.95140e+05 1.66600e-01
1.95190e+05 1.62800e-01
1.95250e+05 1.59000e-01
1.95310e+05 1.55200e-01
1.95370e+05 1.51400e-01
1.95430e+05 1.47600e-01
1.95480e+05 1.44000e-01
1.95540e+05 1.40300e-01
1.95600e+05 1.36700e-01
1.95660e+05 1.33100e-01
1.95720e+05 1.29600e-01
1.95770e+05 1.26100e-01
1.95830e+05 1.22700e-01
1.95890e+05 1.19300e-01
1.95950e+05 1.16000e-01
1.96010e+05 1.12700e-01
1.96060e+05 1.09500e-01
1.96120e+05 1.06400e-01
1.96180e+05 1.03200e-01
1.96240e+05 1.00200e-01
1.96300e+05 9.73000e-02
1.96350e+05 9.44000e-02
1.96410e+05 9.15000e-02
1.96470e+05 8.88000e-02
1.96530e+05 8.61000e-02
1.96590e+05 8.34000e-02
1.96640e+05 8.09000e-02
1.96700e+05 7.84000e-02
1.96760e+05 7.60000e-02
1.96820e+05 7.36000e-02
1.96880e+05 7.14000e-02
1.96930e+05 6.92000e-02
1.96990e+05 6.69000e-02
1.97050e+05 6.49000e-02
1.97110e+05 6.29000e-02
1.97170e+05 6.10000e-02
1.97220e+05 5.91000e-02
1.97280e+05 5.73000e-02
1.97340e+05 5.55000e-02
1.97400e+05 5.37000e-02
1.97460e+05 5.21000e-02
1.97510e+05 5.05000e-02
1.97570e+05 4.89000e-02
1.97630e+05 4.74000e-02
1.97690e+05 4.59000e-02
1.97750e+05 4.45000e-02
1.97800e+05 4.30000e-02
1.97860e+05 4.17000e-02
1.97920e+05 4.04000e-02
1.97980e+05 3.91000e-02
1.98040e+05 3.78000e-02
1.98090e+05 3.66000e-02
1.98150e+05 3.54000e-02
1.98210e+05 3.43000e-02
1.98270e+05 3.32000e-02
1.98330e+05 3.21000e-02
1.98380e+05 3.10000e-02
1.98440e+05 3.00000e-02
1.98500e+05 2.90000e-02
1.98560e+05 2.81000e-02
1.98620e+05 2.71000e-02
1.98670e+05 2.63000e-02
1.98730e+05 2.54000e-02
1.98790e+05 2.45000e-02
1.98850e+05 2.38000e-02
1.98910e+05 2.30000e-02
1.98960e+05 2.23000e-02
1.99020e+05 2.16000e-02
1.99080e+05 2.10000e-02
1.99140e+05 2.04000e-02
1.99200e+05 1.97000e-02
1.99250e+05 1.92000e-02
1.99310e+05 1.87000e-02
1.99370e+05 1.81000e-02
1.99430e+05 1.77000e-02
1.99490e+05 1.72000e-02
1.99540e+05 1.68000e-02
1.99600e+05 1.63000e-02
1.99660e+05 1.60000e-02
1.99720e+05 1.56000e-02
1.99780e+05 1.52000e-02
1.99830e+05 1.49000e-02
1.99890e+05 1.45000e-02
1.99950e+05 1.42000e-02
2.00010e+05 1.39000e-02
2.00070e+05 1.36000e-02
2.00120e+05 1.33000e-02
2.00180e+05 1.30000e-02
2.00240e+05 1.27000e-02
2.00300e+05 1.24000e-02
2.00360e+05 1.21000e-02
2.00410e+05 1.18000e-02
2.00470e+05 1.15000e-02
2.00530e+05 1.13000e-02
2.00590e+05 1.10000e-02
2.00650e+05 1.07000e-02
2.00700e+05 1.04000e-02
2.00760e+05 1.02000e-02
2.00820e+05 9.90000e-03
2.00880e+05 9.60000e-03
2.00940e+05 9.40000e-03
2.00990e+05 9.10000e-03
2.01050e+05 8.90000e-03
2.01110e+05 8.60000e-03
2.01170e+05 8.30000e-03
2.01230e+05 8.10000e-03
2.01280e+05 7.90000e-03
2.01340e+05 7.60000e-03
2.01400e+05 7.40000e-03
2.01460e+05 7.20000e-03
2.01520e+05 6.90000e-03
2.01570e+05 6.70000e-03
2.01630e+05 6.50000e-03
2.01690e+05 6.30000e-03
2.01750e+05 6.10000e-03
2.01810e+05 6.00000e-03
2.01860e+05 5.80000e-03
2.01920e+05 5.60000e-03
2.01980e+05 5.40000e-03
2.02040e+05 5.30000e-03
2.02100e+05 5.10000e-03
2.02150e+05 5.00000e-03
2.02210e+05 4.80000e-03
2.02270e+05 4.70000e-03
2.02330e+05 4.60000e-03
2.02390e+05 4.40000e-03
2.02440e+05 4.30000e-03
2.02500e+05 4.20000e-03
2.02560e+05 4.10000e-03
2.02620e+05 3.90000e-03
2.02680e+05 3.80000e-03
2.02730e+05 3.70000e-03
2.02790e+05 3.60000e-03
2.02850e+05 3.50000e-03
2.02910e+05 3.30000e-03
2.02970e+05 3.20000e-03
2.03020e+05 3.10000e-03
2.03080e+05 3.00000e-03
2.03140e+05 2.90000e-03
2.03200e+05 2.80000e-03
2.03260e+05 2.70000e-03
2.03310e+05 2.60000e-03
2.03370e+05 2.50000e-03
2.03430e+05 2.40000e-03
2.03490e+05 2.30000e-03
2.03550e+05 2.30000e-03
2.03600e+05 2.20000e-03
2.03660e+05 2.10000e-03
2.03720e+05 2.00000e-03
2.03780e+05 1.90000e-03
2.03840e+05 1.90000e-03
2.03890e+05 1.80000e-03
2.03950e+05 1.70000e-03
2.04010e+05 1.70000e-03
2.04070e+05 1.60000e-03
2.04130e+05 1.60000e-03
2.04180e+05 1.50000e-03
2.04240e+05 1.50000e-03
2.04300e+05 1.40000e-03
2.04360e+05 1.40000e-03
2.04420e+05 1.40000e-03
2.04470e+05 1.40000e-03
2.04530e+05 1.30000e-03
2.04590e+05 1.30000e-03
2.04650e+05 1.30000e-03
2.04710e+05 1.30000e-03
2.04760e+05 1.30000e-03
2.04820e+05 1.20000e-03
2.04880e+05 1.20000e-03
2.04940e+05 1.20000e-03
2.05000e+05 1.20000e-03
2.05050e+05 1.20000e-03
2.05110e+05 1.20000e-03
2.05170e+05 1.20000e-03
2.05230e+05 1.20000e-03
2.05290e+05 1.20000e-03
2.05340e+05 1.20000e-03
2.05400e+05 1.20000e-03
2.05460e+05 1.20000e-03
2.05520e+05 1.20000e-03
2.05580e+05 1.20000e-03
2.05630e+05 1.20000e-03
2.05690e+05 1.20000e-03
2.05750e+05 1.20000e-03
2.05810e+05 1.20000e-03
2.05870e+05 1.10000e-03
2.05920e+05 1.10000e-03
2.05980e+05 1.10000e-03
2.06040e+05 1.10000e-03
2.06100e+05 1.10000e-03
2.06160e+05 1.10000e-03
2.06210e+05 1.00000e-03
2.06270e+05 1.00000e-03
2.06330e+05 1.00000e-03
2.06390e+05 1.00000e-03
2.06450e+05 9.00000e-04
2.06500e+05 9.00000e-04
2.06560e+05 9.00000e-04
2.06620e+05 8.00000e-04
2.06680e+05 8.00000e-04
2.06740e+05 8.00000e-04
2.06790e+05 7.00000e-04
2.06850e+05 7.00000e-04
2.06910e+05 7.00000e-04
2.06970e+05 6.00000e-04
2.07030e+05 6.00000e-04
2.07080e+05 6.00000e-04
2.07140e+05 5.00000e-04
2.07200e+05 5.00000e-04
2.07260e+05 5.00000e-04
2.07320e+05 4.00000e-04
2.07370e+05 4.00000e-04
2.07430e+05 4.00000e-04
2.07490e+05 4.00000e-04
2.07550e+05 3.00000e-04
2.07610e+05 3.00000e-04
2.07660e+05 3.00000e-04
2.07720e+05 3.00000e-04
2.07780e+05 2.00000e-04
2.07840e+05 2.00000e-04
2.07900e+05 2.00000e-04
2.07950e+05 2.00000e-04
2.08010e+05 2.00000e-04
2.08070e+05 1.00000e-04
2.08130e+05 1.00000e-04
2.08190e+05 1.00000e-04
2.08240e+05 1.00000e-04
2.08300e+05 1.00000e-04
2.08360e+05 1.00000e-04
2.08420e+05 1.00000e-04
2.08480e+05 1.00000e-04
2.08530e+05 1.00000e-04
2.08590e+05 1.00000e-04
2.08650e+05 1.00000e-04
2.08710e+05 1.00000e-04
2.08770e+05 1.00000e-04
2.08820e+05 1.00000e-04
2.08880e+05 1.00000e-04
2.08940e+05 1.00000e-04
2.09000e+05 1.00000e-04
2.09060e+05 1.00000e-04
2.09110e+05 1.00000e-04
2.09170e+05 1.00000e-04
2.09230e+05 1.00000e-04
2.09290e+05 1.00000e-04
2.09350e+05 1.00000e-04
2.09400e+05 1.00000e-04
2.09460e+05 1.00000e-04
2.09520e+05 1.00000e-04
2.09580e+05 1.00000e-04
2.09640e+05 1.00000e-04
2.09690e+05 1.00000e-04
2.09750e+05 1.00000e-04
2.09810e+05 1.00000e-04
2.09870e+05 1.00000e-04
2.09930e+05 1.00000e-04
2.09980e+05 1.00000e-04
2.10040e+05 1.00000e-04
2.10100e+05 1.00000e-04
2.10160e+05 1.00000e-04
2.10220e+05 1.00000e-04
2.10270e+05 1.00000e-04
