# Filter name : JWST/MIRI.F1280W
# Description : MIRI F1280W filter
# Photometric system : MIRI
# FilterType : photon
# Band name : ------
# Observatory : JWST
# Instrument : MIRI
# Comments : nominal transmission of the JWST OTE is not included
# 
1.10860e+05 1.00000e-04
1.10920e+05 1.00000e-04
1.10980e+05 1.00000e-04
1.11040e+05 1.00000e-04
1.11090e+05 2.00000e-04
1.11150e+05 2.00000e-04
1.11210e+05 3.00000e-04
1.11270e+05 3.00000e-04
1.11330e+05 4.00000e-04
1.11380e+05 5.00000e-04
1.11440e+05 5.00000e-04
1.11500e+05 6.00000e-04
1.11560e+05 7.00000e-04
1.11620e+05 8.00000e-04
1.11670e+05 1.00000e-03
1.11730e+05 1.10000e-03
1.11790e+05 1.20000e-03
1.11850e+05 1.40000e-03
1.11910e+05 1.50000e-03
1.11960e+05 1.70000e-03
1.12020e+05 1.90000e-03
1.12080e+05 2.10000e-03
1.12140e+05 2.20000e-03
1.12200e+05 2.40000e-03
1.12250e+05 2.60000e-03
1.12310e+05 2.80000e-03
1.12370e+05 3.00000e-03
1.12430e+05 3.20000e-03
1.12490e+05 3.40000e-03
1.12540e+05 3.60000e-03
1.12600e+05 3.80000e-03
1.12660e+05 4.00000e-03
1.12720e+05 4.20000e-03
1.12780e+05 4.40000e-03
1.12830e+05 4.50000e-03
1.12890e+05 4.70000e-03
1.12950e+05 4.90000e-03
1.13010e+05 5.10000e-03
1.13070e+05 5.30000e-03
1.13120e+05 5.60000e-03
1.13180e+05 5.80000e-03
1.13240e+05 6.00000e-03
1.13300e+05 6.20000e-03
1.13360e+05 6.50000e-03
1.13410e+05 6.70000e-03
1.13470e+05 7.00000e-03
1.13530e+05 7.30000e-03
1.13590e+05 7.70000e-03
1.13650e+05 8.10000e-03
1.13700e+05 8.50000e-03
1.13760e+05 8.90000e-03
1.13820e+05 9.40000e-03
1.13880e+05 1.00000e-02
1.13940e+05 1.06000e-02
1.13990e+05 1.12000e-02
1.14050e+05 1.19000e-02
1.14110e+05 1.27000e-02
1.14170e+05 1.35000e-02
1.14230e+05 1.44000e-02
1.14280e+05 1.55000e-02
1.14340e+05 1.66000e-02
1.14400e+05 1.77000e-02
1.14460e+05 1.94000e-02
1.14520e+05 2.11000e-02
1.14570e+05 2.28000e-02
1.14630e+05 2.49000e-02
1.14690e+05 2.74000e-02
1.14750e+05 2.98000e-02
1.14810e+05 3.24000e-02
1.14860e+05 3.58000e-02
1.14920e+05 3.93000e-02
1.14980e+05 4.27000e-02
1.15040e+05 4.70000e-02
1.15100e+05 5.18000e-02
1.15150e+05 5.66000e-02
1.15210e+05 6.19000e-02
1.15270e+05 6.94000e-02
1.15330e+05 7.68000e-02
1.15390e+05 8.43000e-02
1.15440e+05 9.34000e-02
1.15500e+05 1.03000e-01
1.15560e+05 1.12600e-01
1.15620e+05 1.22800e-01
1.15680e+05 1.34400e-01
1.15730e+05 1.46000e-01
1.15790e+05 1.57600e-01
1.15850e+05 1.70700e-01
1.15910e+05 1.84100e-01
1.15970e+05 1.97500e-01
1.16020e+05 2.10800e-01
1.16080e+05 2.24100e-01
1.16140e+05 2.37400e-01
1.16200e+05 2.50700e-01
1.16260e+05 2.62000e-01
1.16310e+05 2.73300e-01
1.16370e+05 2.84600e-01
1.16430e+05 2.94500e-01
1.16490e+05 3.03300e-01
1.16550e+05 3.12000e-01
1.16600e+05 3.20500e-01
1.16660e+05 3.25700e-01
1.16720e+05 3.30800e-01
1.16780e+05 3.36000e-01
1.16840e+05 3.39200e-01
1.16890e+05 3.41100e-01
1.16950e+05 3.43000e-01
1.17010e+05 3.44800e-01
1.17070e+05 3.45500e-01
1.17130e+05 3.46300e-01
1.17180e+05 3.47100e-01
1.17240e+05 3.47300e-01
1.17300e+05 3.47300e-01
1.17360e+05 3.47300e-01
1.17420e+05 3.47200e-01
1.17470e+05 3.47000e-01
1.17530e+05 3.46800e-01
1.17590e+05 3.46500e-01
1.17650e+05 3.46400e-01
1.17710e+05 3.46300e-01
1.17760e+05 3.46200e-01
1.17820e+05 3.46100e-01
1.17880e+05 3.46000e-01
1.17940e+05 3.46000e-01
1.18000e+05 3.45900e-01
1.18050e+05 3.46000e-01
1.18110e+05 3.46000e-01
1.18170e+05 3.46100e-01
1.18230e+05 3.46100e-01
1.18290e+05 3.46200e-01
1.18340e+05 3.46300e-01
1.18400e+05 3.46400e-01
1.18460e+05 3.46400e-01
1.18520e+05 3.46500e-01
1.18580e+05 3.46600e-01
1.18630e+05 3.46700e-01
1.18690e+05 3.46800e-01
1.18750e+05 3.46900e-01
1.18810e+05 3.47000e-01
1.18870e+05 3.47200e-01
1.18920e+05 3.47300e-01
1.18980e+05 3.47400e-01
1.19040e+05 3.47500e-01
1.19100e+05 3.47600e-01
1.19160e+05 3.47800e-01
1.19210e+05 3.47900e-01
1.19270e+05 3.48000e-01
1.19330e+05 3.48100e-01
1.19390e+05 3.48200e-01
1.19450e+05 3.48300e-01
1.19500e+05 3.48500e-01
1.19560e+05 3.48600e-01
1.19620e+05 3.48700e-01
1.19680e+05 3.48800e-01
1.19740e+05 3.49000e-01
1.19790e+05 3.49100e-01
1.19850e+05 3.49200e-01
1.19910e+05 3.49400e-01
1.19970e+05 3.49600e-01
1.20030e+05 3.49700e-01
1.20080e+05 3.49700e-01
1.20140e+05 3.49800e-01
1.20200e+05 3.49900e-01
1.20260e+05 3.49900e-01
1.20320e+05 3.50000e-01
1.20370e+05 3.50000e-01
1.20430e+05 3.50100e-01
1.20490e+05 3.50200e-01
1.20550e+05 3.50200e-01
1.20610e+05 3.50300e-01
1.20660e+05 3.50300e-01
1.20720e+05 3.50300e-01
1.20780e+05 3.50400e-01
1.20840e+05 3.50400e-01
1.20900e+05 3.50300e-01
1.20950e+05 3.50300e-01
1.21010e+05 3.50300e-01
1.21070e+05 3.50200e-01
1.21130e+05 3.50200e-01
1.21190e+05 3.50100e-01
1.21240e+05 3.50000e-01
1.21300e+05 3.49900e-01
1.21360e+05 3.49800e-01
1.21420e+05 3.49700e-01
1.21480e+05 3.49500e-01
1.21530e+05 3.49300e-01
1.21590e+05 3.49100e-01
1.21650e+05 3.48900e-01
1.21710e+05 3.48700e-01
1.21770e+05 3.48500e-01
1.21820e+05 3.48300e-01
1.21880e+05 3.48000e-01
1.21940e+05 3.47800e-01
1.22000e+05 3.47500e-01
1.22060e+05 3.47300e-01
1.22110e+05 3.47000e-01
1.22170e+05 3.46700e-01
1.22230e+05 3.46400e-01
1.22290e+05 3.46100e-01
1.22350e+05 3.45800e-01
1.22400e+05 3.45500e-01
1.22460e+05 3.45200e-01
1.22520e+05 3.44900e-01
1.22580e+05 3.44500e-01
1.22640e+05 3.44200e-01
1.22690e+05 3.43900e-01
1.22750e+05 3.43600e-01
1.22810e+05 3.43200e-01
1.22870e+05 3.42900e-01
1.22930e+05 3.42600e-01
1.22980e+05 3.42300e-01
1.23040e+05 3.42000e-01
1.23100e+05 3.41800e-01
1.23160e+05 3.41500e-01
1.23220e+05 3.41200e-01
1.23270e+05 3.41000e-01
1.23330e+05 3.40700e-01
1.23390e+05 3.40400e-01
1.23450e+05 3.40200e-01
1.23510e+05 3.40100e-01
1.23560e+05 3.39900e-01
1.23620e+05 3.39700e-01
1.23680e+05 3.39500e-01
1.23740e+05 3.39400e-01
1.23800e+05 3.39200e-01
1.23850e+05 3.39200e-01
1.23910e+05 3.39200e-01
1.23970e+05 3.39100e-01
1.24030e+05 3.39200e-01
1.24090e+05 3.39200e-01
1.24140e+05 3.39300e-01
1.24200e+05 3.39400e-01
1.24260e+05 3.39500e-01
1.24320e+05 3.39600e-01
1.24380e+05 3.39700e-01
1.24430e+05 3.39900e-01
1.24490e+05 3.40100e-01
1.24550e+05 3.40400e-01
1.24610e+05 3.40600e-01
1.24670e+05 3.40800e-01
1.24720e+05 3.41100e-01
1.24780e+05 3.41300e-01
1.24840e+05 3.41600e-01
1.24900e+05 3.41900e-01
1.24960e+05 3.42200e-01
1.25010e+05 3.42500e-01
1.25070e+05 3.42800e-01
1.25130e+05 3.43200e-01
1.25190e+05 3.43600e-01
1.25250e+05 3.44000e-01
1.25300e+05 3.44300e-01
1.25360e+05 3.44700e-01
1.25420e+05 3.45000e-01
1.25480e+05 3.45400e-01
1.25540e+05 3.45700e-01
1.25590e+05 3.46100e-01
1.25650e+05 3.46300e-01
1.25710e+05 3.46600e-01
1.25770e+05 3.46800e-01
1.25830e+05 3.47100e-01
1.25880e+05 3.47300e-01
1.25940e+05 3.47500e-01
1.26000e+05 3.47700e-01
1.26060e+05 3.47900e-01
1.26120e+05 3.48000e-01
1.26170e+05 3.48200e-01
1.26230e+05 3.48300e-01
1.26290e+05 3.48300e-01
1.26350e+05 3.48400e-01
1.26410e+05 3.48400e-01
1.26460e+05 3.48500e-01
1.26520e+05 3.48500e-01
1.26580e+05 3.48500e-01
1.26640e+05 3.48400e-01
1.26700e+05 3.48400e-01
1.26750e+05 3.48300e-01
1.26810e+05 3.48200e-01
1.26870e+05 3.48100e-01
1.26930e+05 3.48000e-01
1.26990e+05 3.47900e-01
1.27040e+05 3.47800e-01
1.27100e+05 3.47700e-01
1.27160e+05 3.47600e-01
1.27220e+05 3.47400e-01
1.27280e+05 3.47200e-01
1.27330e+05 3.47000e-01
1.27390e+05 3.46800e-01
1.27450e+05 3.46600e-01
1.27510e+05 3.46400e-01
1.27570e+05 3.46200e-01
1.27620e+05 3.46000e-01
1.27680e+05 3.45800e-01
1.27740e+05 3.45600e-01
1.27800e+05 3.45400e-01
1.27860e+05 3.45300e-01
1.27910e+05 3.45100e-01
1.27970e+05 3.44900e-01
1.28030e+05 3.44800e-01
1.28090e+05 3.44700e-01
1.28150e+05 3.44500e-01
1.28200e+05 3.44400e-01
1.28260e+05 3.44400e-01
1.28320e+05 3.44300e-01
1.28380e+05 3.44300e-01
1.28440e+05 3.44300e-01
1.28490e+05 3.44300e-01
1.28550e+05 3.44400e-01
1.28610e+05 3.44400e-01
1.28670e+05 3.44500e-01
1.28730e+05 3.44500e-01
1.28780e+05 3.44600e-01
1.28840e+05 3.44700e-01
1.28900e+05 3.44800e-01
1.28960e+05 3.45000e-01
1.29020e+05 3.45100e-01
1.29070e+05 3.45200e-01
1.29130e+05 3.45400e-01
1.29190e+05 3.45500e-01
1.29250e+05 3.45700e-01
1.29310e+05 3.45900e-01
1.29360e+05 3.46100e-01
1.29420e+05 3.46300e-01
1.29480e+05 3.46500e-01
1.29540e+05 3.46800e-01
1.29600e+05 3.47000e-01
1.29650e+05 3.47200e-01
1.29710e+05 3.47500e-01
1.29770e+05 3.47700e-01
1.29830e+05 3.47900e-01
1.29890e+05 3.48200e-01
1.29940e+05 3.48400e-01
1.30000e+05 3.48600e-01
1.30060e+05 3.48600e-01
1.30120e+05 3.48500e-01
1.30180e+05 3.48500e-01
1.30230e+05 3.48400e-01
1.30290e+05 3.48200e-01
1.30350e+05 3.48100e-01
1.30410e+05 3.47900e-01
1.30470e+05 3.47700e-01
1.30520e+05 3.47500e-01
1.30580e+05 3.47300e-01
1.30640e+05 3.47000e-01
1.30700e+05 3.46700e-01
1.30760e+05 3.46400e-01
1.30810e+05 3.46100e-01
1.30870e+05 3.45700e-01
1.30930e+05 3.45300e-01
1.30990e+05 3.45000e-01
1.31050e+05 3.44600e-01
1.31100e+05 3.44200e-01
1.31160e+05 3.43800e-01
1.31220e+05 3.43400e-01
1.31280e+05 3.43000e-01
1.31340e+05 3.42600e-01
1.31390e+05 3.42200e-01
1.31450e+05 3.41800e-01
1.31510e+05 3.41400e-01
1.31570e+05 3.40900e-01
1.31630e+05 3.40500e-01
1.31680e+05 3.40100e-01
1.31740e+05 3.39700e-01
1.31800e+05 3.39300e-01
1.31860e+05 3.38900e-01
1.31920e+05 3.38500e-01
1.31970e+05 3.38100e-01
1.32030e+05 3.37800e-01
1.32090e+05 3.37400e-01
1.32150e+05 3.37100e-01
1.32210e+05 3.36700e-01
1.32260e+05 3.36400e-01
1.32320e+05 3.36100e-01
1.32380e+05 3.35800e-01
1.32440e+05 3.35500e-01
1.32500e+05 3.35200e-01
1.32550e+05 3.34900e-01
1.32610e+05 3.34700e-01
1.32670e+05 3.34400e-01
1.32730e+05 3.34200e-01
1.32790e+05 3.33900e-01
1.32840e+05 3.33700e-01
1.32900e+05 3.33400e-01
1.32960e+05 3.33200e-01
1.33020e+05 3.33000e-01
1.33080e+05 3.32800e-01
1.33130e+05 3.32600e-01
1.33190e+05 3.32500e-01
1.33250e+05 3.32300e-01
1.33310e+05 3.32100e-01
1.33370e+05 3.32000e-01
1.33420e+05 3.31800e-01
1.33480e+05 3.31700e-01
1.33540e+05 3.31600e-01
1.33600e+05 3.31400e-01
1.33660e+05 3.31300e-01
1.33710e+05 3.31100e-01
1.33770e+05 3.31000e-01
1.33830e+05 3.30800e-01
1.33890e+05 3.30700e-01
1.33950e+05 3.30600e-01
1.34000e+05 3.30400e-01
1.34060e+05 3.30200e-01
1.34120e+05 3.30000e-01
1.34180e+05 3.29800e-01
1.34240e+05 3.29600e-01
1.34290e+05 3.29400e-01
1.34350e+05 3.29200e-01
1.34410e+05 3.28900e-01
1.34470e+05 3.28600e-01
1.34530e+05 3.28400e-01
1.34580e+05 3.28100e-01
1.34640e+05 3.27800e-01
1.34700e+05 3.27400e-01
1.34760e+05 3.27100e-01
1.34820e+05 3.26800e-01
1.34870e+05 3.26400e-01
1.34930e+05 3.26000e-01
1.34990e+05 3.25700e-01
1.35050e+05 3.25600e-01
1.35110e+05 3.25700e-01
1.35160e+05 3.25800e-01
1.35220e+05 3.25800e-01
1.35280e+05 3.25800e-01
1.35340e+05 3.25900e-01
1.35400e+05 3.25900e-01
1.35450e+05 3.25900e-01
1.35510e+05 3.25900e-01
1.35570e+05 3.25900e-01
1.35630e+05 3.26000e-01
1.35690e+05 3.26000e-01
1.35740e+05 3.26000e-01
1.35800e+05 3.26000e-01
1.35860e+05 3.26000e-01
1.35920e+05 3.26100e-01
1.35980e+05 3.26100e-01
1.36030e+05 3.26100e-01
1.36090e+05 3.26200e-01
1.36150e+05 3.26200e-01
1.36210e+05 3.26300e-01
1.36270e+05 3.26400e-01
1.36320e+05 3.26500e-01
1.36380e+05 3.26600e-01
1.36440e+05 3.26800e-01
1.36500e+05 3.26900e-01
1.36560e+05 3.27000e-01
1.36610e+05 3.27100e-01
1.36670e+05 3.27300e-01
1.36730e+05 3.27500e-01
1.36790e+05 3.27700e-01
1.36850e+05 3.27900e-01
1.36900e+05 3.28100e-01
1.36960e+05 3.28300e-01
1.37020e+05 3.28500e-01
1.37080e+05 3.28700e-01
1.37140e+05 3.29000e-01
1.37190e+05 3.29200e-01
1.37250e+05 3.29400e-01
1.37310e+05 3.29700e-01
1.37370e+05 3.29900e-01
1.37430e+05 3.30100e-01
1.37480e+05 3.30300e-01
1.37540e+05 3.30500e-01
1.37600e+05 3.30600e-01
1.37660e+05 3.30700e-01
1.37720e+05 3.30800e-01
1.37770e+05 3.30900e-01
1.37830e+05 3.30900e-01
1.37890e+05 3.30800e-01
1.37950e+05 3.30700e-01
1.38010e+05 3.30600e-01
1.38060e+05 3.30300e-01
1.38120e+05 3.29900e-01
1.38180e+05 3.29600e-01
1.38240e+05 3.29000e-01
1.38300e+05 3.28300e-01
1.38350e+05 3.27600e-01
1.38410e+05 3.26800e-01
1.38470e+05 3.25800e-01
1.38530e+05 3.24800e-01
1.38590e+05 3.23800e-01
1.38640e+05 3.22500e-01
1.38700e+05 3.21100e-01
1.38760e+05 3.19800e-01
1.38820e+05 3.18300e-01
1.38880e+05 3.16900e-01
1.38930e+05 3.15400e-01
1.38990e+05 3.13900e-01
1.39050e+05 3.12300e-01
1.39110e+05 3.10700e-01
1.39170e+05 3.09100e-01
1.39220e+05 3.07600e-01
1.39280e+05 3.06400e-01
1.39340e+05 3.05100e-01
1.39400e+05 3.03900e-01
1.39460e+05 3.02800e-01
1.39510e+05 3.01800e-01
1.39570e+05 3.00700e-01
1.39630e+05 3.00000e-01
1.39690e+05 2.99600e-01
1.39750e+05 2.99100e-01
1.39800e+05 2.98700e-01
1.39860e+05 2.98600e-01
1.39920e+05 2.98500e-01
1.39980e+05 2.98400e-01
1.40040e+05 2.97900e-01
1.40090e+05 2.97100e-01
1.40150e+05 2.96400e-01
1.40210e+05 2.95600e-01
1.40270e+05 2.94500e-01
1.40330e+05 2.93500e-01
1.40380e+05 2.92500e-01
1.40440e+05 2.88600e-01
1.40500e+05 2.83600e-01
1.40560e+05 2.78600e-01
1.40620e+05 2.73300e-01
1.40670e+05 2.67000e-01
1.40730e+05 2.60700e-01
1.40790e+05 2.54300e-01
1.40850e+05 2.44600e-01
1.40910e+05 2.34100e-01
1.40960e+05 2.23600e-01
1.41020e+05 2.12600e-01
1.41080e+05 2.00900e-01
1.41140e+05 1.89100e-01
1.41200e+05 1.77300e-01
1.41250e+05 1.65900e-01
1.41310e+05 1.54500e-01
1.41370e+05 1.43100e-01
1.41430e+05 1.31700e-01
1.41490e+05 1.20400e-01
1.41540e+05 1.09000e-01
1.41600e+05 9.77000e-02
1.41660e+05 8.98000e-02
1.41720e+05 8.18000e-02
1.41780e+05 7.39000e-02
1.41830e+05 6.65000e-02
1.41890e+05 5.94000e-02
1.41950e+05 5.24000e-02
1.42010e+05 4.57000e-02
1.42070e+05 4.16000e-02
1.42120e+05 3.74000e-02
1.42180e+05 3.33000e-02
1.42240e+05 2.97000e-02
1.42300e+05 2.64000e-02
1.42360e+05 2.31000e-02
1.42410e+05 2.01000e-02
1.42470e+05 1.82000e-02
1.42530e+05 1.64000e-02
1.42590e+05 1.45000e-02
1.42650e+05 1.30000e-02
1.42700e+05 1.16000e-02
1.42760e+05 1.02000e-02
1.42820e+05 9.10000e-03
1.42880e+05 8.20000e-03
1.42940e+05 7.40000e-03
1.42990e+05 6.60000e-03
1.43050e+05 6.00000e-03
1.43110e+05 5.50000e-03
1.43170e+05 4.90000e-03
1.43230e+05 4.40000e-03
1.43280e+05 4.00000e-03
1.43340e+05 3.70000e-03
1.43400e+05 3.30000e-03
1.43460e+05 3.10000e-03
1.43520e+05 2.80000e-03
1.43570e+05 2.60000e-03
1.43630e+05 2.40000e-03
1.43690e+05 2.20000e-03
1.43750e+05 2.00000e-03
1.43810e+05 1.80000e-03
1.43860e+05 1.70000e-03
1.43920e+05 1.60000e-03
1.43980e+05 1.50000e-03
1.44040e+05 1.40000e-03
1.44100e+05 1.30000e-03
1.44150e+05 1.20000e-03
1.44210e+05 1.10000e-03
1.44270e+05 1.00000e-03
1.44330e+05 1.00000e-03
1.44390e+05 9.00000e-04
1.44440e+05 8.00000e-04
1.44500e+05 8.00000e-04
1.44560e+05 7.00000e-04
1.44620e+05 7.00000e-04
1.44680e+05 6.00000e-04
1.44730e+05 6.00000e-04
1.44790e+05 6.00000e-04
1.44850e+05 5.00000e-04
1.44910e+05 5.00000e-04
1.44970e+05 4.00000e-04
1.45020e+05 4.00000e-04
1.45080e+05 4.00000e-04
1.45140e+05 4.00000e-04
1.45200e+05 3.00000e-04
1.45260e+05 3.00000e-04
1.45310e+05 3.00000e-04
1.45370e+05 3.00000e-04
1.45430e+05 2.00000e-04
1.45490e+05 2.00000e-04
1.45550e+05 2.00000e-04
1.45600e+05 2.00000e-04
1.45660e+05 2.00000e-04
1.45720e+05 2.00000e-04
1.45780e+05 1.00000e-04
1.45840e+05 1.00000e-04
1.45890e+05 1.00000e-04
1.45950e+05 1.00000e-04
1.46010e+05 1.00000e-04
1.46070e+05 1.00000e-04
1.46130e+05 1.00000e-04
