# Filter name : JWST/MIRI.F1550C
# Description : MIRI F1550C coronographic filter
# Photometric system : MIRI
# FilterType : photon
# Band name : ------
# Observatory : JWST
# Instrument : MIRI
# Comments : Approximate curve digitized from plot in reference webpage. 
# 
1.49120e+05 2.86570e-04
1.49186e+05 8.88871e-04
1.49251e+05 1.49117e-03
1.49317e+05 2.09347e-03
1.49383e+05 2.69578e-03
1.49448e+05 3.29995e-03
1.49514e+05 3.92861e-03
1.49580e+05 4.65788e-03
1.49645e+05 5.58555e-03
1.49711e+05 6.72537e-03
1.49777e+05 7.98940e-03
1.49842e+05 9.28976e-03
1.49908e+05 1.05941e-02
1.49974e+05 1.19059e-02
1.50040e+05 1.32854e-02
1.50105e+05 1.48947e-02
1.50171e+05 1.68944e-02
1.50237e+05 1.92570e-02
1.50302e+05 2.18027e-02
1.50368e+05 2.43925e-02
1.50434e+05 2.69857e-02
1.50499e+05 2.95800e-02
1.50565e+05 3.22375e-02
1.50631e+05 3.53659e-02
1.50696e+05 3.99021e-02
1.50762e+05 4.65924e-02
1.50828e+05 5.50932e-02
1.50893e+05 6.44090e-02
1.50959e+05 7.38940e-02
1.51025e+05 8.33882e-02
1.51090e+05 9.28825e-02
1.51156e+05 1.02377e-01
1.51222e+05 1.11871e-01
1.51287e+05 1.21365e-01
1.51353e+05 1.30846e-01
1.51419e+05 1.40227e-01
1.51484e+05 1.49302e-01
1.51550e+05 1.57900e-01
1.51616e+05 1.66092e-01
1.51681e+05 1.74096e-01
1.51747e+05 1.82060e-01
1.51813e+05 1.90023e-01
1.51878e+05 1.97985e-01
1.51944e+05 2.05946e-01
1.52010e+05 2.13840e-01
1.52076e+05 2.21283e-01
1.52141e+05 2.27450e-01
1.52207e+05 2.31752e-01
1.52273e+05 2.34555e-01
1.52338e+05 2.36716e-01
1.52404e+05 2.38750e-01
1.52470e+05 2.40725e-01
1.52535e+05 2.42466e-01
1.52601e+05 2.43728e-01
1.52667e+05 2.44455e-01
1.52732e+05 2.44856e-01
1.52798e+05 2.45155e-01
1.52864e+05 2.45443e-01
1.52929e+05 2.45731e-01
1.52995e+05 2.46019e-01
1.53061e+05 2.46307e-01
1.53126e+05 2.46596e-01
1.53192e+05 2.46909e-01
1.53258e+05 2.47336e-01
1.53323e+05 2.48017e-01
1.53389e+05 2.49001e-01
1.53455e+05 2.50184e-01
1.53520e+05 2.51436e-01
1.53586e+05 2.52710e-01
1.53652e+05 2.54030e-01
1.53717e+05 2.55420e-01
1.53783e+05 2.56873e-01
1.53849e+05 2.58355e-01
1.53915e+05 2.59844e-01
1.53980e+05 2.61333e-01
1.54046e+05 2.62822e-01
1.54112e+05 2.64312e-01
1.54177e+05 2.65801e-01
1.54243e+05 2.67290e-01
1.54309e+05 2.68779e-01
1.54374e+05 2.70268e-01
1.54440e+05 2.71757e-01
1.54506e+05 2.73246e-01
1.54571e+05 2.74724e-01
1.54637e+05 2.76161e-01
1.54703e+05 2.77514e-01
1.54768e+05 2.78774e-01
1.54834e+05 2.79979e-01
1.54900e+05 2.81156e-01
1.54965e+05 2.82262e-01
1.55031e+05 2.83172e-01
1.55097e+05 2.83795e-01
1.55162e+05 2.84187e-01
1.55228e+05 2.84480e-01
1.55294e+05 2.84754e-01
1.55359e+05 2.85027e-01
1.55425e+05 2.85300e-01
1.55491e+05 2.85572e-01
1.55556e+05 2.85834e-01
1.55622e+05 2.86029e-01
1.55688e+05 2.86050e-01
1.55754e+05 2.85831e-01
1.55819e+05 2.85430e-01
1.55885e+05 2.84957e-01
1.55951e+05 2.84472e-01
1.56016e+05 2.83984e-01
1.56082e+05 2.83469e-01
1.56148e+05 2.82843e-01
1.56213e+05 2.81990e-01
1.56279e+05 2.80890e-01
1.56345e+05 2.79642e-01
1.56410e+05 2.78351e-01
1.56476e+05 2.77054e-01
1.56542e+05 2.75758e-01
1.56607e+05 2.74461e-01
1.56673e+05 2.73165e-01
1.56739e+05 2.71868e-01
1.56804e+05 2.70571e-01
1.56870e+05 2.69275e-01
1.56936e+05 2.67978e-01
1.57001e+05 2.66682e-01
1.57067e+05 2.65385e-01
1.57133e+05 2.64088e-01
1.57198e+05 2.62783e-01
1.57264e+05 2.61401e-01
1.57330e+05 2.59774e-01
1.57395e+05 2.57750e-01
1.57461e+05 2.55372e-01
1.57527e+05 2.52818e-01
1.57593e+05 2.50143e-01
1.57658e+05 2.47068e-01
1.57724e+05 2.43112e-01
1.57790e+05 2.38110e-01
1.57855e+05 2.32424e-01
1.57921e+05 2.26511e-01
1.57987e+05 2.20567e-01
1.58052e+05 2.14623e-01
1.58118e+05 2.08679e-01
1.58184e+05 2.02735e-01
1.58249e+05 1.96790e-01
1.58315e+05 1.90845e-01
1.58381e+05 1.84871e-01
1.58446e+05 1.78764e-01
1.58512e+05 1.72353e-01
1.58578e+05 1.65574e-01
1.58643e+05 1.58552e-01
1.58709e+05 1.51447e-01
1.58775e+05 1.44330e-01
1.58840e+05 1.37213e-01
1.58906e+05 1.30096e-01
1.58972e+05 1.22979e-01
1.59037e+05 1.15862e-01
1.59103e+05 1.08745e-01
1.59169e+05 1.01628e-01
1.59234e+05 9.45111e-02
1.59300e+05 8.73940e-02
1.59366e+05 8.02770e-02
1.59432e+05 7.31600e-02
1.59497e+05 6.60575e-02
1.59563e+05 5.91089e-02
1.59629e+05 5.27284e-02
1.59694e+05 4.73762e-02
1.59760e+05 4.30396e-02
1.59826e+05 3.92489e-02
1.59891e+05 3.56012e-02
1.59957e+05 3.19662e-02
1.60023e+05 2.83315e-02
1.60088e+05 2.47140e-02
1.60154e+05 2.12419e-02
1.60220e+05 1.82376e-02
1.60285e+05 1.59951e-02
1.60351e+05 1.44329e-02
1.60417e+05 1.31986e-02
1.60482e+05 1.20388e-02
1.60548e+05 1.08841e-02
1.60614e+05 9.72934e-03
1.60679e+05 8.57475e-03
1.60745e+05 7.42887e-03
1.60811e+05 6.34780e-03
1.60876e+05 5.46007e-03
1.60942e+05 4.86780e-03
1.61008e+05 4.52350e-03
1.61073e+05 4.29066e-03
1.61139e+05 4.08091e-03
1.61205e+05 3.87242e-03
1.61270e+05 3.66394e-03
1.61336e+05 3.45545e-03
1.61402e+05 3.24696e-03
1.61468e+05 3.03847e-03
1.61533e+05 2.82998e-03
1.61599e+05 2.62149e-03
1.61665e+05 2.41300e-03
1.61730e+05 2.20451e-03
1.61796e+05 1.99602e-03
1.61862e+05 1.78753e-03
1.61927e+05 1.57905e-03
1.61993e+05 1.37056e-03
1.62059e+05 1.16207e-03
1.62124e+05 9.53579e-04
1.62190e+05 7.45090e-04
