# Filter name : JWST/MIRI.F2100W
# Description : MIRI F2100W filter
# Photometric system : MIRI
# FilterType : photon
# Band name : ------
# Observatory : JWST
# Instrument : MIRI
# Comments : nominal transmission of the JWST OTE is not included
# 
1.71410e+05 1.00000e-04
1.71470e+05 1.00000e-04
1.71530e+05 1.00000e-04
1.71590e+05 1.00000e-04
1.71650e+05 1.00000e-04
1.71700e+05 1.00000e-04
1.71760e+05 1.00000e-04
1.71820e+05 1.00000e-04
1.71880e+05 1.00000e-04
1.71940e+05 2.00000e-04
1.71990e+05 2.00000e-04
1.72050e+05 2.00000e-04
1.72110e+05 2.00000e-04
1.72170e+05 2.00000e-04
1.72230e+05 2.00000e-04
1.72280e+05 2.00000e-04
1.72340e+05 3.00000e-04
1.72400e+05 3.00000e-04
1.72460e+05 3.00000e-04
1.72520e+05 3.00000e-04
1.72570e+05 3.00000e-04
1.72630e+05 3.00000e-04
1.72690e+05 3.00000e-04
1.72750e+05 3.00000e-04
1.72810e+05 4.00000e-04
1.72860e+05 4.00000e-04
1.72920e+05 4.00000e-04
1.72980e+05 4.00000e-04
1.73040e+05 4.00000e-04
1.73100e+05 3.00000e-04
1.73150e+05 3.00000e-04
1.73210e+05 3.00000e-04
1.73270e+05 3.00000e-04
1.73330e+05 3.00000e-04
1.73390e+05 3.00000e-04
1.73440e+05 3.00000e-04
1.73500e+05 3.00000e-04
1.73560e+05 3.00000e-04
1.73620e+05 3.00000e-04
1.73680e+05 3.00000e-04
1.73730e+05 3.00000e-04
1.73790e+05 3.00000e-04
1.73850e+05 3.00000e-04
1.73910e+05 3.00000e-04
1.73970e+05 2.00000e-04
1.74020e+05 2.00000e-04
1.74080e+05 2.00000e-04
1.74140e+05 2.00000e-04
1.74200e+05 2.00000e-04
1.74260e+05 2.00000e-04
1.74310e+05 2.00000e-04
1.74370e+05 2.00000e-04
1.74430e+05 2.00000e-04
1.74490e+05 2.00000e-04
1.74550e+05 2.00000e-04
1.74600e+05 2.00000e-04
1.74660e+05 3.00000e-04
1.74720e+05 3.00000e-04
1.74780e+05 3.00000e-04
1.74840e+05 3.00000e-04
1.74890e+05 3.00000e-04
1.74950e+05 3.00000e-04
1.75010e+05 3.00000e-04
1.75070e+05 3.00000e-04
1.75130e+05 3.00000e-04
1.75180e+05 4.00000e-04
1.75240e+05 4.00000e-04
1.75300e+05 4.00000e-04
1.75360e+05 4.00000e-04
1.75420e+05 5.00000e-04
1.75470e+05 5.00000e-04
1.75530e+05 5.00000e-04
1.75590e+05 6.00000e-04
1.75650e+05 6.00000e-04
1.75710e+05 7.00000e-04
1.75760e+05 7.00000e-04
1.75820e+05 8.00000e-04
1.75880e+05 8.00000e-04
1.75940e+05 8.00000e-04
1.76000e+05 9.00000e-04
1.76050e+05 9.00000e-04
1.76110e+05 1.00000e-03
1.76170e+05 1.00000e-03
1.76230e+05 1.10000e-03
1.76290e+05 1.10000e-03
1.76340e+05 1.20000e-03
1.76400e+05 1.20000e-03
1.76460e+05 1.20000e-03
1.76520e+05 1.30000e-03
1.76580e+05 1.30000e-03
1.76630e+05 1.30000e-03
1.76690e+05 1.40000e-03
1.76750e+05 1.40000e-03
1.76810e+05 1.40000e-03
1.76870e+05 1.40000e-03
1.76920e+05 1.40000e-03
1.76980e+05 1.50000e-03
1.77040e+05 1.50000e-03
1.77100e+05 1.50000e-03
1.77160e+05 1.50000e-03
1.77210e+05 1.50000e-03
1.77270e+05 1.60000e-03
1.77330e+05 1.60000e-03
1.77390e+05 1.60000e-03
1.77450e+05 1.60000e-03
1.77500e+05 1.70000e-03
1.77560e+05 1.70000e-03
1.77620e+05 1.70000e-03
1.77680e+05 1.70000e-03
1.77740e+05 1.80000e-03
1.77790e+05 1.80000e-03
1.77850e+05 1.90000e-03
1.77910e+05 1.90000e-03
1.77970e+05 2.00000e-03
1.78030e+05 2.00000e-03
1.78080e+05 2.10000e-03
1.78140e+05 2.20000e-03
1.78200e+05 2.20000e-03
1.78260e+05 2.30000e-03
1.78320e+05 2.40000e-03
1.78370e+05 2.50000e-03
1.78430e+05 2.50000e-03
1.78490e+05 2.60000e-03
1.78550e+05 2.70000e-03
1.78610e+05 2.80000e-03
1.78660e+05 3.00000e-03
1.78720e+05 3.10000e-03
1.78780e+05 3.20000e-03
1.78840e+05 3.30000e-03
1.78900e+05 3.40000e-03
1.78950e+05 3.60000e-03
1.79010e+05 3.70000e-03
1.79070e+05 3.80000e-03
1.79130e+05 4.00000e-03
1.79190e+05 4.10000e-03
1.79240e+05 4.30000e-03
1.79300e+05 4.40000e-03
1.79360e+05 4.60000e-03
1.79420e+05 4.70000e-03
1.79480e+05 4.90000e-03
1.79530e+05 5.10000e-03
1.79590e+05 5.20000e-03
1.79650e+05 5.40000e-03
1.79710e+05 5.60000e-03
1.79770e+05 5.80000e-03
1.79820e+05 6.00000e-03
1.79880e+05 6.20000e-03
1.79940e+05 6.40000e-03
1.80000e+05 6.70000e-03
1.80060e+05 6.90000e-03
1.80110e+05 7.20000e-03
1.80170e+05 7.40000e-03
1.80230e+05 7.70000e-03
1.80290e+05 8.00000e-03
1.80350e+05 8.30000e-03
1.80400e+05 8.60000e-03
1.80460e+05 8.90000e-03
1.80520e+05 9.20000e-03
1.80580e+05 9.60000e-03
1.80640e+05 9.90000e-03
1.80690e+05 1.03000e-02
1.80750e+05 1.07000e-02
1.80810e+05 1.11000e-02
1.80870e+05 1.16000e-02
1.80930e+05 1.21000e-02
1.80980e+05 1.26000e-02
1.81040e+05 1.31000e-02
1.81100e+05 1.36000e-02
1.81160e+05 1.42000e-02
1.81220e+05 1.48000e-02
1.81270e+05 1.54000e-02
1.81330e+05 1.61000e-02
1.81390e+05 1.67000e-02
1.81450e+05 1.75000e-02
1.81510e+05 1.82000e-02
1.81560e+05 1.90000e-02
1.81620e+05 1.98000e-02
1.81680e+05 2.07000e-02
1.81740e+05 2.16000e-02
1.81800e+05 2.24000e-02
1.81850e+05 2.35000e-02
1.81910e+05 2.45000e-02
1.81970e+05 2.55000e-02
1.82030e+05 2.66000e-02
1.82090e+05 2.78000e-02
1.82140e+05 2.90000e-02
1.82200e+05 3.02000e-02
1.82260e+05 3.16000e-02
1.82320e+05 3.29000e-02
1.82380e+05 3.43000e-02
1.82430e+05 3.58000e-02
1.82490e+05 3.73000e-02
1.82550e+05 3.89000e-02
1.82610e+05 4.05000e-02
1.82670e+05 4.23000e-02
1.82720e+05 4.40000e-02
1.82780e+05 4.58000e-02
1.82840e+05 4.78000e-02
1.82900e+05 4.98000e-02
1.82960e+05 5.18000e-02
1.83010e+05 5.39000e-02
1.83070e+05 5.61000e-02
1.83130e+05 5.84000e-02
1.83190e+05 6.07000e-02
1.83250e+05 6.32000e-02
1.83300e+05 6.58000e-02
1.83360e+05 6.84000e-02
1.83420e+05 7.10000e-02
1.83480e+05 7.39000e-02
1.83540e+05 7.68000e-02
1.83590e+05 7.97000e-02
1.83650e+05 8.28000e-02
1.83710e+05 8.60000e-02
1.83770e+05 8.93000e-02
1.83830e+05 9.26000e-02
1.83880e+05 9.61000e-02
1.83940e+05 9.96000e-02
1.84000e+05 1.03100e-01
1.84060e+05 1.07000e-01
1.84120e+05 1.10800e-01
1.84170e+05 1.14600e-01
1.84230e+05 1.18600e-01
1.84290e+05 1.22600e-01
1.84350e+05 1.26700e-01
1.84410e+05 1.30800e-01
1.84460e+05 1.35100e-01
1.84520e+05 1.39400e-01
1.84580e+05 1.43700e-01
1.84640e+05 1.48100e-01
1.84700e+05 1.52500e-01
1.84750e+05 1.57000e-01
1.84810e+05 1.61400e-01
1.84870e+05 1.66000e-01
1.84930e+05 1.70500e-01
1.84990e+05 1.75000e-01
1.85040e+05 1.79500e-01
1.85100e+05 1.84000e-01
1.85160e+05 1.88400e-01
1.85220e+05 1.92800e-01
1.85280e+05 1.97200e-01
1.85330e+05 2.01500e-01
1.85390e+05 2.05800e-01
1.85450e+05 2.10100e-01
1.85510e+05 2.14300e-01
1.85570e+05 2.18500e-01
1.85620e+05 2.22700e-01
1.85680e+05 2.26700e-01
1.85740e+05 2.30600e-01
1.85800e+05 2.34600e-01
1.85860e+05 2.38300e-01
1.85910e+05 2.42000e-01
1.85970e+05 2.45800e-01
1.86030e+05 2.49300e-01
1.86090e+05 2.52600e-01
1.86150e+05 2.56000e-01
1.86200e+05 2.59300e-01
1.86260e+05 2.62300e-01
1.86320e+05 2.65300e-01
1.86380e+05 2.68300e-01
1.86440e+05 2.71100e-01
1.86490e+05 2.73700e-01
1.86550e+05 2.76300e-01
1.86610e+05 2.78900e-01
1.86670e+05 2.81100e-01
1.86730e+05 2.83300e-01
1.86780e+05 2.85600e-01
1.86840e+05 2.87600e-01
1.86900e+05 2.89400e-01
1.86960e+05 2.91300e-01
1.87020e+05 2.93100e-01
1.87070e+05 2.94600e-01
1.87130e+05 2.96100e-01
1.87190e+05 2.97700e-01
1.87250e+05 2.99000e-01
1.87310e+05 3.00200e-01
1.87360e+05 3.01400e-01
1.87420e+05 3.02500e-01
1.87480e+05 3.03400e-01
1.87540e+05 3.04300e-01
1.87600e+05 3.05300e-01
1.87650e+05 3.05900e-01
1.87710e+05 3.06600e-01
1.87770e+05 3.07300e-01
1.87830e+05 3.07800e-01
1.87890e+05 3.08200e-01
1.87940e+05 3.08600e-01
1.88000e+05 3.09000e-01
1.88060e+05 3.09300e-01
1.88120e+05 3.09500e-01
1.88180e+05 3.09700e-01
1.88230e+05 3.09800e-01
1.88290e+05 3.09900e-01
1.88350e+05 3.09900e-01
1.88410e+05 3.09900e-01
1.88470e+05 3.09900e-01
1.88520e+05 3.09800e-01
1.88580e+05 3.09800e-01
1.88640e+05 3.09600e-01
1.88700e+05 3.09500e-01
1.88760e+05 3.09300e-01
1.88810e+05 3.09200e-01
1.88870e+05 3.09000e-01
1.88930e+05 3.08900e-01
1.88990e+05 3.08700e-01
1.89050e+05 3.08600e-01
1.89100e+05 3.08400e-01
1.89160e+05 3.08200e-01
1.89220e+05 3.08100e-01
1.89280e+05 3.07900e-01
1.89340e+05 3.07800e-01
1.89390e+05 3.07600e-01
1.89450e+05 3.07500e-01
1.89510e+05 3.07400e-01
1.89570e+05 3.07300e-01
1.89630e+05 3.07200e-01
1.89680e+05 3.07100e-01
1.89740e+05 3.07000e-01
1.89800e+05 3.06800e-01
1.89860e+05 3.06700e-01
1.89920e+05 3.06600e-01
1.89970e+05 3.06500e-01
1.90030e+05 3.06500e-01
1.90090e+05 3.06500e-01
1.90150e+05 3.06500e-01
1.90210e+05 3.06500e-01
1.90260e+05 3.06500e-01
1.90320e+05 3.06500e-01
1.90380e+05 3.06500e-01
1.90440e+05 3.06400e-01
1.90500e+05 3.06300e-01
1.90550e+05 3.06300e-01
1.90610e+05 3.06200e-01
1.90670e+05 3.06000e-01
1.90730e+05 3.05900e-01
1.90790e+05 3.05800e-01
1.90840e+05 3.05600e-01
1.90900e+05 3.05400e-01
1.90960e+05 3.05200e-01
1.91020e+05 3.05000e-01
1.91080e+05 3.04700e-01
1.91130e+05 3.04500e-01
1.91190e+05 3.04300e-01
1.91250e+05 3.04000e-01
1.91310e+05 3.03700e-01
1.91370e+05 3.03500e-01
1.91420e+05 3.03200e-01
1.91480e+05 3.02900e-01
1.91540e+05 3.02700e-01
1.91600e+05 3.02400e-01
1.91660e+05 3.02100e-01
1.91710e+05 3.01800e-01
1.91770e+05 3.01600e-01
1.91830e+05 3.01300e-01
1.91890e+05 3.01100e-01
1.91950e+05 3.00800e-01
1.92000e+05 3.00600e-01
1.92060e+05 3.00400e-01
1.92120e+05 3.00200e-01
1.92180e+05 3.00000e-01
1.92240e+05 2.99800e-01
1.92290e+05 2.99600e-01
1.92350e+05 2.99500e-01
1.92410e+05 2.99300e-01
1.92470e+05 2.99200e-01
1.92530e+05 2.99000e-01
1.92580e+05 2.98900e-01
1.92640e+05 2.98800e-01
1.92700e+05 2.98700e-01
1.92760e+05 2.98600e-01
1.92820e+05 2.98500e-01
1.92870e+05 2.98400e-01
1.92930e+05 2.98300e-01
1.92990e+05 2.98300e-01
1.93050e+05 2.98200e-01
1.93110e+05 2.98100e-01
1.93160e+05 2.98000e-01
1.93220e+05 2.97900e-01
1.93280e+05 2.97800e-01
1.93340e+05 2.97800e-01
1.93400e+05 2.97700e-01
1.93450e+05 2.97500e-01
1.93510e+05 2.97400e-01
1.93570e+05 2.97300e-01
1.93630e+05 2.97200e-01
1.93690e+05 2.97100e-01
1.93740e+05 2.96900e-01
1.93800e+05 2.96800e-01
1.93860e+05 2.96600e-01
1.93920e+05 2.96400e-01
1.93980e+05 2.96200e-01
1.94030e+05 2.96000e-01
1.94090e+05 2.95800e-01
1.94150e+05 2.95600e-01
1.94210e+05 2.95400e-01
1.94270e+05 2.95200e-01
1.94320e+05 2.94900e-01
1.94380e+05 2.94700e-01
1.94440e+05 2.94500e-01
1.94500e+05 2.94200e-01
1.94560e+05 2.94000e-01
1.94610e+05 2.93700e-01
1.94670e+05 2.93400e-01
1.94730e+05 2.93200e-01
1.94790e+05 2.92900e-01
1.94850e+05 2.92700e-01
1.94900e+05 2.92400e-01
1.94960e+05 2.92200e-01
1.95020e+05 2.92000e-01
1.95080e+05 2.91900e-01
1.95140e+05 2.91800e-01
1.95190e+05 2.91700e-01
1.95250e+05 2.91600e-01
1.95310e+05 2.91500e-01
1.95370e+05 2.91400e-01
1.95430e+05 2.91300e-01
1.95480e+05 2.91300e-01
1.95540e+05 2.91200e-01
1.95600e+05 2.91100e-01
1.95660e+05 2.91100e-01
1.95720e+05 2.91000e-01
1.95770e+05 2.91000e-01
1.95830e+05 2.90900e-01
1.95890e+05 2.90900e-01
1.95950e+05 2.90800e-01
1.96010e+05 2.90800e-01
1.96060e+05 2.90800e-01
1.96120e+05 2.90800e-01
1.96180e+05 2.90800e-01
1.96240e+05 2.90800e-01
1.96300e+05 2.90800e-01
1.96350e+05 2.90800e-01
1.96410e+05 2.90800e-01
1.96470e+05 2.90800e-01
1.96530e+05 2.90900e-01
1.96590e+05 2.90900e-01
1.96640e+05 2.90900e-01
1.96700e+05 2.91000e-01
1.96760e+05 2.91000e-01
1.96820e+05 2.91000e-01
1.96880e+05 2.91100e-01
1.96930e+05 2.91100e-01
1.96990e+05 2.91200e-01
1.97050e+05 2.91200e-01
1.97110e+05 2.91300e-01
1.97170e+05 2.91300e-01
1.97220e+05 2.91400e-01
1.97280e+05 2.91500e-01
1.97340e+05 2.91500e-01
1.97400e+05 2.91600e-01
1.97460e+05 2.91700e-01
1.97510e+05 2.91700e-01
1.97570e+05 2.91800e-01
1.97630e+05 2.91900e-01
1.97690e+05 2.92000e-01
1.97750e+05 2.92100e-01
1.97800e+05 2.92300e-01
1.97860e+05 2.92400e-01
1.97920e+05 2.92600e-01
1.97980e+05 2.92700e-01
1.98040e+05 2.92900e-01
1.98090e+05 2.93100e-01
1.98150e+05 2.93300e-01
1.98210e+05 2.93600e-01
1.98270e+05 2.93800e-01
1.98330e+05 2.94100e-01
1.98380e+05 2.94300e-01
1.98440e+05 2.94600e-01
1.98500e+05 2.94900e-01
1.98560e+05 2.95200e-01
1.98620e+05 2.95500e-01
1.98670e+05 2.95900e-01
1.98730e+05 2.96200e-01
1.98790e+05 2.96500e-01
1.98850e+05 2.96900e-01
1.98910e+05 2.97300e-01
1.98960e+05 2.97600e-01
1.99020e+05 2.98000e-01
1.99080e+05 2.98300e-01
1.99140e+05 2.98700e-01
1.99200e+05 2.99000e-01
1.99250e+05 2.99400e-01
1.99310e+05 2.99700e-01
1.99370e+05 3.00000e-01
1.99430e+05 3.00400e-01
1.99490e+05 3.00700e-01
1.99540e+05 3.01000e-01
1.99600e+05 3.01300e-01
1.99660e+05 3.01600e-01
1.99720e+05 3.01900e-01
1.99780e+05 3.02200e-01
1.99830e+05 3.02400e-01
1.99890e+05 3.02700e-01
1.99950e+05 3.03000e-01
2.00010e+05 3.03200e-01
2.00070e+05 3.03500e-01
2.00120e+05 3.03700e-01
2.00180e+05 3.04000e-01
2.00240e+05 3.04200e-01
2.00300e+05 3.04400e-01
2.00360e+05 3.04600e-01
2.00410e+05 3.04900e-01
2.00470e+05 3.05100e-01
2.00530e+05 3.05300e-01
2.00590e+05 3.05500e-01
2.00650e+05 3.05700e-01
2.00700e+05 3.05900e-01
2.00760e+05 3.06100e-01
2.00820e+05 3.06300e-01
2.00880e+05 3.06500e-01
2.00940e+05 3.06700e-01
2.00990e+05 3.06900e-01
2.01050e+05 3.07100e-01
2.01110e+05 3.07300e-01
2.01170e+05 3.07500e-01
2.01230e+05 3.07600e-01
2.01280e+05 3.07800e-01
2.01340e+05 3.08000e-01
2.01400e+05 3.08100e-01
2.01460e+05 3.08300e-01
2.01520e+05 3.08500e-01
2.01570e+05 3.08600e-01
2.01630e+05 3.08800e-01
2.01690e+05 3.08900e-01
2.01750e+05 3.09100e-01
2.01810e+05 3.09200e-01
2.01860e+05 3.09400e-01
2.01920e+05 3.09500e-01
2.01980e+05 3.09700e-01
2.02040e+05 3.09900e-01
2.02100e+05 3.10000e-01
2.02150e+05 3.10200e-01
2.02210e+05 3.10400e-01
2.02270e+05 3.10500e-01
2.02330e+05 3.10700e-01
2.02390e+05 3.10900e-01
2.02440e+05 3.11100e-01
2.02500e+05 3.11300e-01
2.02560e+05 3.11500e-01
2.02620e+05 3.11700e-01
2.02680e+05 3.11900e-01
2.02730e+05 3.12100e-01
2.02790e+05 3.12300e-01
2.02850e+05 3.12500e-01
2.02910e+05 3.12700e-01
2.02970e+05 3.12900e-01
2.03020e+05 3.13100e-01
2.03080e+05 3.13300e-01
2.03140e+05 3.13500e-01
2.03200e+05 3.13700e-01
2.03260e+05 3.13900e-01
2.03310e+05 3.14100e-01
2.03370e+05 3.14200e-01
2.03430e+05 3.14400e-01
2.03490e+05 3.14600e-01
2.03550e+05 3.14800e-01
2.03600e+05 3.14900e-01
2.03660e+05 3.15100e-01
2.03720e+05 3.15200e-01
2.03780e+05 3.15300e-01
2.03840e+05 3.15500e-01
2.03890e+05 3.15600e-01
2.03950e+05 3.15700e-01
2.04010e+05 3.15800e-01
2.04070e+05 3.15900e-01
2.04130e+05 3.15900e-01
2.04180e+05 3.16000e-01
2.04240e+05 3.16100e-01
2.04300e+05 3.16100e-01
2.04360e+05 3.16200e-01
2.04420e+05 3.16200e-01
2.04470e+05 3.16300e-01
2.04530e+05 3.16300e-01
2.04590e+05 3.16400e-01
2.04650e+05 3.16400e-01
2.04710e+05 3.16400e-01
2.04760e+05 3.16400e-01
2.04820e+05 3.16400e-01
2.04880e+05 3.16500e-01
2.04940e+05 3.16500e-01
2.05000e+05 3.16500e-01
2.05050e+05 3.16200e-01
2.05110e+05 3.15900e-01
2.05170e+05 3.15700e-01
2.05230e+05 3.15400e-01
2.05290e+05 3.15100e-01
2.05340e+05 3.14900e-01
2.05400e+05 3.14600e-01
2.05460e+05 3.14300e-01
2.05520e+05 3.14100e-01
2.05580e+05 3.13800e-01
2.05630e+05 3.13500e-01
2.05690e+05 3.13300e-01
2.05750e+05 3.13000e-01
2.05810e+05 3.12800e-01
2.05870e+05 3.12500e-01
2.05920e+05 3.12300e-01
2.05980e+05 3.12100e-01
2.06040e+05 3.11800e-01
2.06100e+05 3.11600e-01
2.06160e+05 3.11400e-01
2.06210e+05 3.11100e-01
2.06270e+05 3.10900e-01
2.06330e+05 3.10700e-01
2.06390e+05 3.10500e-01
2.06450e+05 3.10300e-01
2.06500e+05 3.10000e-01
2.06560e+05 3.09800e-01
2.06620e+05 3.09600e-01
2.06680e+05 3.09400e-01
2.06740e+05 3.09200e-01
2.06790e+05 3.08900e-01
2.06850e+05 3.08700e-01
2.06910e+05 3.08500e-01
2.06970e+05 3.08200e-01
2.07030e+05 3.08000e-01
2.07080e+05 3.07800e-01
2.07140e+05 3.07500e-01
2.07200e+05 3.07300e-01
2.07260e+05 3.07000e-01
2.07320e+05 3.06700e-01
2.07370e+05 3.06500e-01
2.07430e+05 3.06200e-01
2.07490e+05 3.05900e-01
2.07550e+05 3.05700e-01
2.07610e+05 3.05400e-01
2.07660e+05 3.05100e-01
2.07720e+05 3.04800e-01
2.07780e+05 3.04500e-01
2.07840e+05 3.04200e-01
2.07900e+05 3.03800e-01
2.07950e+05 3.03500e-01
2.08010e+05 3.03200e-01
2.08070e+05 3.02900e-01
2.08130e+05 3.02500e-01
2.08190e+05 3.02200e-01
2.08240e+05 3.01800e-01
2.08300e+05 3.01500e-01
2.08360e+05 3.01100e-01
2.08420e+05 3.00800e-01
2.08480e+05 3.00400e-01
2.08530e+05 3.00000e-01
2.08590e+05 2.99700e-01
2.08650e+05 2.99300e-01
2.08710e+05 2.98900e-01
2.08770e+05 2.98500e-01
2.08820e+05 2.98200e-01
2.08880e+05 2.97800e-01
2.08940e+05 2.97400e-01
2.09000e+05 2.97000e-01
2.09060e+05 2.96600e-01
2.09110e+05 2.96200e-01
2.09170e+05 2.95800e-01
2.09230e+05 2.95300e-01
2.09290e+05 2.94900e-01
2.09350e+05 2.94500e-01
2.09400e+05 2.94100e-01
2.09460e+05 2.93600e-01
2.09520e+05 2.93200e-01
2.09580e+05 2.92800e-01
2.09640e+05 2.92400e-01
2.09690e+05 2.91900e-01
2.09750e+05 2.91500e-01
2.09810e+05 2.91000e-01
2.09870e+05 2.90600e-01
2.09930e+05 2.90200e-01
2.09980e+05 2.89700e-01
2.10040e+05 2.89600e-01
2.10100e+05 2.89600e-01
2.10160e+05 2.89600e-01
2.10220e+05 2.89600e-01
2.10270e+05 2.89600e-01
2.10330e+05 2.89700e-01
2.10390e+05 2.89700e-01
2.10450e+05 2.89700e-01
2.10510e+05 2.89800e-01
2.10560e+05 2.89900e-01
2.10620e+05 2.90000e-01
2.10680e+05 2.90100e-01
2.10740e+05 2.90200e-01
2.10800e+05 2.90400e-01
2.10850e+05 2.90500e-01
2.10910e+05 2.90700e-01
2.10970e+05 2.90900e-01
2.11030e+05 2.91100e-01
2.11090e+05 2.91300e-01
2.11140e+05 2.91600e-01
2.11200e+05 2.91800e-01
2.11260e+05 2.92100e-01
2.11320e+05 2.92300e-01
2.11380e+05 2.92600e-01
2.11430e+05 2.92900e-01
2.11490e+05 2.93200e-01
2.11550e+05 2.93500e-01
2.11610e+05 2.93700e-01
2.11670e+05 2.94000e-01
2.11720e+05 2.94300e-01
2.11780e+05 2.94600e-01
2.11840e+05 2.94900e-01
2.11900e+05 2.95200e-01
2.11960e+05 2.95500e-01
2.12010e+05 2.95800e-01
2.12070e+05 2.96100e-01
2.12130e+05 2.96400e-01
2.12190e+05 2.96700e-01
2.12250e+05 2.96900e-01
2.12300e+05 2.97200e-01
2.12360e+05 2.97500e-01
2.12420e+05 2.97800e-01
2.12480e+05 2.98100e-01
2.12540e+05 2.98300e-01
2.12590e+05 2.98600e-01
2.12650e+05 2.98900e-01
2.12710e+05 2.99200e-01
2.12770e+05 2.99400e-01
2.12830e+05 2.99700e-01
2.12880e+05 3.00000e-01
2.12940e+05 3.00300e-01
2.13000e+05 3.00600e-01
2.13060e+05 3.00900e-01
2.13120e+05 3.01200e-01
2.13170e+05 3.01500e-01
2.13230e+05 3.01800e-01
2.13290e+05 3.02200e-01
2.13350e+05 3.02500e-01
2.13410e+05 3.02800e-01
2.13460e+05 3.03100e-01
2.13520e+05 3.03500e-01
2.13580e+05 3.03800e-01
2.13640e+05 3.04100e-01
2.13700e+05 3.04400e-01
2.13750e+05 3.04800e-01
2.13810e+05 3.05100e-01
2.13870e+05 3.05400e-01
2.13930e+05 3.05800e-01
2.13990e+05 3.06100e-01
2.14040e+05 3.06400e-01
2.14100e+05 3.06700e-01
2.14160e+05 3.07000e-01
2.14220e+05 3.07400e-01
2.14280e+05 3.07700e-01
2.14330e+05 3.08000e-01
2.14390e+05 3.08300e-01
2.14450e+05 3.08600e-01
2.14510e+05 3.08800e-01
2.14570e+05 3.09100e-01
2.14620e+05 3.09400e-01
2.14680e+05 3.09700e-01
2.14740e+05 3.10000e-01
2.14800e+05 3.10200e-01
2.14860e+05 3.10500e-01
2.14910e+05 3.10700e-01
2.14970e+05 3.11000e-01
2.15030e+05 3.11100e-01
2.15090e+05 3.11200e-01
2.15150e+05 3.11200e-01
2.15200e+05 3.11200e-01
2.15260e+05 3.11200e-01
2.15320e+05 3.11200e-01
2.15380e+05 3.11300e-01
2.15440e+05 3.11300e-01
2.15490e+05 3.11300e-01
2.15550e+05 3.11200e-01
2.15610e+05 3.11200e-01
2.15670e+05 3.11200e-01
2.15730e+05 3.11200e-01
2.15780e+05 3.11200e-01
2.15840e+05 3.11100e-01
2.15900e+05 3.11100e-01
2.15960e+05 3.11000e-01
2.16020e+05 3.10900e-01
2.16070e+05 3.10900e-01
2.16130e+05 3.10800e-01
2.16190e+05 3.10700e-01
2.16250e+05 3.10600e-01
2.16310e+05 3.10500e-01
2.16360e+05 3.10400e-01
2.16420e+05 3.10300e-01
2.16480e+05 3.10200e-01
2.16540e+05 3.10100e-01
2.16600e+05 3.10100e-01
2.16650e+05 3.09900e-01
2.16710e+05 3.09800e-01
2.16770e+05 3.09700e-01
2.16830e+05 3.09600e-01
2.16890e+05 3.09500e-01
2.16940e+05 3.09500e-01
2.17000e+05 3.09400e-01
2.17060e+05 3.09300e-01
2.17120e+05 3.09200e-01
2.17180e+05 3.09200e-01
2.17230e+05 3.09100e-01
2.17290e+05 3.09100e-01
2.17350e+05 3.09100e-01
2.17410e+05 3.09100e-01
2.17470e+05 3.09100e-01
2.17520e+05 3.09100e-01
2.17580e+05 3.09100e-01
2.17640e+05 3.09200e-01
2.17700e+05 3.09200e-01
2.17760e+05 3.09300e-01
2.17810e+05 3.09400e-01
2.17870e+05 3.09500e-01
2.17930e+05 3.09600e-01
2.17990e+05 3.09700e-01
2.18050e+05 3.09800e-01
2.18100e+05 3.09900e-01
2.18160e+05 3.10000e-01
2.18220e+05 3.10200e-01
2.18280e+05 3.10300e-01
2.18340e+05 3.10400e-01
2.18390e+05 3.10600e-01
2.18450e+05 3.10700e-01
2.18510e+05 3.10800e-01
2.18570e+05 3.10900e-01
2.18630e+05 3.11000e-01
2.18680e+05 3.11200e-01
2.18740e+05 3.11300e-01
2.18800e+05 3.11400e-01
2.18860e+05 3.11400e-01
2.18920e+05 3.11500e-01
2.18970e+05 3.11600e-01
2.19030e+05 3.11600e-01
2.19090e+05 3.11700e-01
2.19150e+05 3.11700e-01
2.19210e+05 3.11800e-01
2.19260e+05 3.11800e-01
2.19320e+05 3.11800e-01
2.19380e+05 3.11800e-01
2.19440e+05 3.11800e-01
2.19500e+05 3.11800e-01
2.19550e+05 3.11700e-01
2.19610e+05 3.11700e-01
2.19670e+05 3.11700e-01
2.19730e+05 3.11600e-01
2.19790e+05 3.11600e-01
2.19840e+05 3.11600e-01
2.19900e+05 3.11500e-01
2.19960e+05 3.11500e-01
2.20020e+05 3.11400e-01
2.20080e+05 3.11300e-01
2.20130e+05 3.11100e-01
2.20190e+05 3.11000e-01
2.20250e+05 3.10900e-01
2.20310e+05 3.10700e-01
2.20370e+05 3.10600e-01
2.20420e+05 3.10500e-01
2.20480e+05 3.10300e-01
2.20540e+05 3.10200e-01
2.20600e+05 3.10100e-01
2.20660e+05 3.10000e-01
2.20710e+05 3.09800e-01
2.20770e+05 3.09700e-01
2.20830e+05 3.09500e-01
2.20890e+05 3.09400e-01
2.20950e+05 3.09200e-01
2.21000e+05 3.09100e-01
2.21060e+05 3.08900e-01
2.21120e+05 3.08800e-01
2.21180e+05 3.08600e-01
2.21240e+05 3.08400e-01
2.21290e+05 3.08200e-01
2.21350e+05 3.08100e-01
2.21410e+05 3.07900e-01
2.21470e+05 3.07700e-01
2.21530e+05 3.07500e-01
2.21580e+05 3.07300e-01
2.21640e+05 3.07100e-01
2.21700e+05 3.06900e-01
2.21760e+05 3.06600e-01
2.21820e+05 3.06400e-01
2.21870e+05 3.06200e-01
2.21930e+05 3.06000e-01
2.21990e+05 3.05800e-01
2.22050e+05 3.05500e-01
2.22110e+05 3.05300e-01
2.22160e+05 3.05100e-01
2.22220e+05 3.04800e-01
2.22280e+05 3.04600e-01
2.22340e+05 3.04400e-01
2.22400e+05 3.04100e-01
2.22450e+05 3.03900e-01
2.22510e+05 3.03700e-01
2.22570e+05 3.03500e-01
2.22630e+05 3.03200e-01
2.22690e+05 3.03000e-01
2.22740e+05 3.02800e-01
2.22800e+05 3.02600e-01
2.22860e+05 3.02400e-01
2.22920e+05 3.02200e-01
2.22980e+05 3.02000e-01
2.23030e+05 3.01800e-01
2.23090e+05 3.01600e-01
2.23150e+05 3.01400e-01
2.23210e+05 3.01200e-01
2.23270e+05 3.01100e-01
2.23320e+05 3.00900e-01
2.23380e+05 3.00700e-01
2.23440e+05 3.00500e-01
2.23500e+05 3.00400e-01
2.23560e+05 3.00200e-01
2.23610e+05 3.00000e-01
2.23670e+05 2.99900e-01
2.23730e+05 2.99700e-01
2.23790e+05 2.99500e-01
2.23850e+05 2.99400e-01
2.23900e+05 2.99200e-01
2.23960e+05 2.99100e-01
2.24020e+05 2.98900e-01
2.24080e+05 2.98800e-01
2.24140e+05 2.98600e-01
2.24190e+05 2.98500e-01
2.24250e+05 2.98400e-01
2.24310e+05 2.98200e-01
2.24370e+05 2.98100e-01
2.24430e+05 2.98000e-01
2.24480e+05 2.97800e-01
2.24540e+05 2.97700e-01
2.24600e+05 2.97600e-01
2.24660e+05 2.97500e-01
2.24720e+05 2.97400e-01
2.24770e+05 2.97200e-01
2.24830e+05 2.97100e-01
2.24890e+05 2.97000e-01
2.24950e+05 2.97000e-01
2.25010e+05 2.96900e-01
2.25060e+05 2.96800e-01
2.25120e+05 2.96700e-01
2.25180e+05 2.96600e-01
2.25240e+05 2.96500e-01
2.25300e+05 2.96500e-01
2.25350e+05 2.96400e-01
2.25410e+05 2.96300e-01
2.25470e+05 2.96200e-01
2.25530e+05 2.96200e-01
2.25590e+05 2.96100e-01
2.25640e+05 2.96100e-01
2.25700e+05 2.96000e-01
2.25760e+05 2.95900e-01
2.25820e+05 2.95800e-01
2.25880e+05 2.95800e-01
2.25930e+05 2.95700e-01
2.25990e+05 2.95600e-01
2.26050e+05 2.95500e-01
2.26110e+05 2.95400e-01
2.26170e+05 2.95300e-01
2.26220e+05 2.95100e-01
2.26280e+05 2.95000e-01
2.26340e+05 2.94800e-01
2.26400e+05 2.94700e-01
2.26460e+05 2.94500e-01
2.26510e+05 2.94200e-01
2.26570e+05 2.94000e-01
2.26630e+05 2.93800e-01
2.26690e+05 2.93500e-01
2.26750e+05 2.93300e-01
2.26800e+05 2.93000e-01
2.26860e+05 2.92600e-01
2.26920e+05 2.92200e-01
2.26980e+05 2.91900e-01
2.27040e+05 2.91500e-01
2.27090e+05 2.91000e-01
2.27150e+05 2.90600e-01
2.27210e+05 2.90100e-01
2.27270e+05 2.89500e-01
2.27330e+05 2.89000e-01
2.27380e+05 2.88400e-01
2.27440e+05 2.87800e-01
2.27500e+05 2.87100e-01
2.27560e+05 2.86400e-01
2.27620e+05 2.85700e-01
2.27670e+05 2.84900e-01
2.27730e+05 2.84100e-01
2.27790e+05 2.83300e-01
2.27850e+05 2.82400e-01
2.27910e+05 2.81500e-01
2.27960e+05 2.80600e-01
2.28020e+05 2.79700e-01
2.28080e+05 2.78600e-01
2.28140e+05 2.77600e-01
2.28200e+05 2.76600e-01
2.28250e+05 2.75400e-01
2.28310e+05 2.74200e-01
2.28370e+05 2.73100e-01
2.28430e+05 2.71900e-01
2.28490e+05 2.70600e-01
2.28540e+05 2.69300e-01
2.28600e+05 2.68000e-01
2.28660e+05 2.66600e-01
2.28720e+05 2.65200e-01
2.28780e+05 2.63900e-01
2.28830e+05 2.62400e-01
2.28890e+05 2.60900e-01
2.28950e+05 2.59400e-01
2.29010e+05 2.57800e-01
2.29070e+05 2.56200e-01
2.29120e+05 2.54600e-01
2.29180e+05 2.52900e-01
2.29240e+05 2.51200e-01
2.29300e+05 2.49500e-01
2.29360e+05 2.47700e-01
2.29410e+05 2.45900e-01
2.29470e+05 2.44100e-01
2.29530e+05 2.42200e-01
2.29590e+05 2.40400e-01
2.29650e+05 2.38400e-01
2.29700e+05 2.36400e-01
2.29760e+05 2.34400e-01
2.29820e+05 2.32400e-01
2.29880e+05 2.30300e-01
2.29940e+05 2.28200e-01
2.29990e+05 2.26100e-01
2.30050e+05 2.23900e-01
2.30110e+05 2.21600e-01
2.30170e+05 2.19400e-01
2.30230e+05 2.17100e-01
2.30280e+05 2.14700e-01
2.30340e+05 2.12300e-01
2.30400e+05 2.10000e-01
2.30460e+05 2.07500e-01
2.30520e+05 2.05100e-01
2.30570e+05 2.02700e-01
2.30630e+05 2.00200e-01
2.30690e+05 1.97700e-01
2.30750e+05 1.95200e-01
2.30810e+05 1.92600e-01
2.30860e+05 1.90100e-01
2.30920e+05 1.87500e-01
2.30980e+05 1.85000e-01
2.31040e+05 1.82400e-01
2.31100e+05 1.79800e-01
2.31150e+05 1.77300e-01
2.31210e+05 1.74700e-01
2.31270e+05 1.72100e-01
2.31330e+05 1.69500e-01
2.31390e+05 1.67000e-01
2.31440e+05 1.64400e-01
2.31500e+05 1.61800e-01
2.31560e+05 1.59300e-01
2.31620e+05 1.56800e-01
2.31680e+05 1.54300e-01
2.31730e+05 1.51800e-01
2.31790e+05 1.49300e-01
2.31850e+05 1.46800e-01
2.31910e+05 1.44400e-01
2.31970e+05 1.41900e-01
2.32020e+05 1.39500e-01
2.32080e+05 1.37200e-01
2.32140e+05 1.34800e-01
2.32200e+05 1.32400e-01
2.32260e+05 1.30100e-01
2.32310e+05 1.27900e-01
2.32370e+05 1.25600e-01
2.32430e+05 1.23300e-01
2.32490e+05 1.21100e-01
2.32550e+05 1.18900e-01
2.32600e+05 1.16800e-01
2.32660e+05 1.14600e-01
2.32720e+05 1.12500e-01
2.32780e+05 1.10400e-01
2.32840e+05 1.08300e-01
2.32890e+05 1.06300e-01
2.32950e+05 1.04300e-01
2.33010e+05 1.02300e-01
2.33070e+05 1.00300e-01
2.33130e+05 9.84000e-02
2.33180e+05 9.64000e-02
2.33240e+05 9.45000e-02
2.33300e+05 9.26000e-02
2.33360e+05 9.08000e-02
2.33420e+05 8.89000e-02
2.33470e+05 8.71000e-02
2.33530e+05 8.54000e-02
2.33590e+05 8.36000e-02
2.33650e+05 8.18000e-02
2.33710e+05 8.01000e-02
2.33760e+05 7.84000e-02
2.33820e+05 7.68000e-02
2.33880e+05 7.51000e-02
2.33940e+05 7.35000e-02
2.34000e+05 7.19000e-02
2.34050e+05 7.04000e-02
2.34110e+05 6.88000e-02
2.34170e+05 6.73000e-02
2.34230e+05 6.58000e-02
2.34290e+05 6.43000e-02
2.34340e+05 6.29000e-02
2.34400e+05 6.15000e-02
2.34460e+05 6.01000e-02
2.34520e+05 5.88000e-02
2.34580e+05 5.74000e-02
2.34630e+05 5.61000e-02
2.34690e+05 5.49000e-02
2.34750e+05 5.36000e-02
2.34810e+05 5.24000e-02
2.34870e+05 5.13000e-02
2.34920e+05 5.01000e-02
2.34980e+05 4.90000e-02
2.35040e+05 4.79000e-02
2.35100e+05 4.69000e-02
2.35160e+05 4.59000e-02
2.35210e+05 4.49000e-02
2.35270e+05 4.40000e-02
2.35330e+05 4.31000e-02
2.35390e+05 4.22000e-02
2.35450e+05 4.13000e-02
2.35500e+05 4.05000e-02
2.35560e+05 3.96000e-02
2.35620e+05 3.89000e-02
2.35680e+05 3.81000e-02
2.35740e+05 3.74000e-02
2.35790e+05 3.67000e-02
2.35850e+05 3.60000e-02
2.35910e+05 3.53000e-02
2.35970e+05 3.46000e-02
2.36030e+05 3.40000e-02
2.36080e+05 3.34000e-02
2.36140e+05 3.27000e-02
2.36200e+05 3.21000e-02
2.36260e+05 3.15000e-02
2.36320e+05 3.10000e-02
2.36370e+05 3.04000e-02
2.36430e+05 2.98000e-02
2.36490e+05 2.93000e-02
2.36550e+05 2.87000e-02
2.36610e+05 2.82000e-02
2.36660e+05 2.76000e-02
2.36720e+05 2.71000e-02
2.36780e+05 2.65000e-02
2.36840e+05 2.60000e-02
2.36900e+05 2.55000e-02
2.36950e+05 2.49000e-02
2.37010e+05 2.44000e-02
2.37070e+05 2.39000e-02
2.37130e+05 2.33000e-02
2.37190e+05 2.28000e-02
2.37240e+05 2.23000e-02
2.37300e+05 2.17000e-02
2.37360e+05 2.12000e-02
2.37420e+05 2.07000e-02
2.37480e+05 2.02000e-02
2.37530e+05 1.96000e-02
2.37590e+05 1.91000e-02
2.37650e+05 1.86000e-02
2.37710e+05 1.82000e-02
2.37770e+05 1.77000e-02
2.37820e+05 1.72000e-02
2.37880e+05 1.67000e-02
2.37940e+05 1.63000e-02
2.38000e+05 1.58000e-02
2.38060e+05 1.54000e-02
2.38110e+05 1.50000e-02
2.38170e+05 1.46000e-02
2.38230e+05 1.42000e-02
2.38290e+05 1.38000e-02
2.38350e+05 1.35000e-02
2.38400e+05 1.31000e-02
2.38460e+05 1.28000e-02
2.38520e+05 1.25000e-02
2.38580e+05 1.22000e-02
2.38640e+05 1.19000e-02
2.38690e+05 1.16000e-02
2.38750e+05 1.14000e-02
2.38810e+05 1.11000e-02
2.38870e+05 1.09000e-02
2.38930e+05 1.07000e-02
2.38980e+05 1.04000e-02
2.39040e+05 1.02000e-02
2.39100e+05 1.00000e-02
2.39160e+05 9.90000e-03
2.39220e+05 9.70000e-03
2.39270e+05 9.50000e-03
2.39330e+05 9.30000e-03
2.39390e+05 9.20000e-03
2.39450e+05 9.00000e-03
2.39510e+05 8.90000e-03
2.39560e+05 8.70000e-03
2.39620e+05 8.60000e-03
2.39680e+05 8.50000e-03
2.39740e+05 8.30000e-03
2.39800e+05 8.20000e-03
2.39850e+05 8.10000e-03
2.39910e+05 7.90000e-03
2.39970e+05 7.80000e-03
2.40030e+05 7.70000e-03
2.40090e+05 7.60000e-03
2.40140e+05 7.40000e-03
2.40200e+05 7.30000e-03
2.40260e+05 7.20000e-03
2.40320e+05 7.10000e-03
2.40380e+05 6.90000e-03
2.40430e+05 6.80000e-03
2.40490e+05 6.70000e-03
2.40550e+05 6.60000e-03
2.40610e+05 6.50000e-03
2.40670e+05 6.40000e-03
2.40720e+05 6.30000e-03
2.40780e+05 6.10000e-03
2.40840e+05 6.00000e-03
2.40900e+05 5.90000e-03
2.40960e+05 5.80000e-03
2.41010e+05 5.70000e-03
2.41070e+05 5.60000e-03
2.41130e+05 5.50000e-03
2.41190e+05 5.50000e-03
2.41250e+05 5.40000e-03
2.41300e+05 5.30000e-03
2.41360e+05 5.20000e-03
2.41420e+05 5.10000e-03
2.41480e+05 5.00000e-03
2.41540e+05 4.90000e-03
2.41590e+05 4.90000e-03
2.41650e+05 4.80000e-03
2.41710e+05 4.70000e-03
2.41770e+05 4.70000e-03
2.41830e+05 4.60000e-03
2.41880e+05 4.50000e-03
2.41940e+05 4.50000e-03
2.42000e+05 4.40000e-03
2.42060e+05 4.40000e-03
2.42120e+05 4.30000e-03
2.42170e+05 4.30000e-03
2.42230e+05 4.20000e-03
2.42290e+05 4.20000e-03
2.42350e+05 4.10000e-03
2.42410e+05 4.10000e-03
2.42460e+05 4.00000e-03
2.42520e+05 4.00000e-03
2.42580e+05 3.90000e-03
2.42640e+05 3.90000e-03
2.42700e+05 3.90000e-03
2.42750e+05 3.80000e-03
2.42810e+05 3.80000e-03
2.42870e+05 3.80000e-03
2.42930e+05 3.70000e-03
2.42990e+05 3.70000e-03
2.43040e+05 3.70000e-03
2.43100e+05 3.60000e-03
2.43160e+05 3.60000e-03
2.43220e+05 3.60000e-03
2.43280e+05 3.50000e-03
2.43330e+05 3.50000e-03
2.43390e+05 3.50000e-03
2.43450e+05 3.50000e-03
2.43510e+05 3.40000e-03
2.43570e+05 3.40000e-03
2.43620e+05 3.40000e-03
2.43680e+05 3.30000e-03
2.43740e+05 3.30000e-03
2.43800e+05 3.30000e-03
2.43860e+05 3.30000e-03
2.43910e+05 3.20000e-03
2.43970e+05 3.20000e-03
2.44030e+05 3.20000e-03
2.44090e+05 3.10000e-03
2.44150e+05 3.10000e-03
2.44200e+05 3.10000e-03
2.44260e+05 3.00000e-03
2.44320e+05 3.00000e-03
2.44380e+05 3.00000e-03
2.44440e+05 3.00000e-03
2.44490e+05 2.90000e-03
2.44550e+05 2.90000e-03
2.44610e+05 2.90000e-03
2.44670e+05 2.80000e-03
2.44730e+05 2.80000e-03
2.44780e+05 2.80000e-03
2.44840e+05 2.70000e-03
2.44900e+05 2.70000e-03
2.44960e+05 2.70000e-03
2.45020e+05 2.60000e-03
2.45070e+05 2.60000e-03
2.45130e+05 2.60000e-03
2.45190e+05 2.60000e-03
2.45250e+05 2.50000e-03
2.45310e+05 2.50000e-03
2.45360e+05 2.50000e-03
2.45420e+05 2.40000e-03
2.45480e+05 2.40000e-03
2.45540e+05 2.40000e-03
2.45600e+05 2.30000e-03
2.45650e+05 2.30000e-03
2.45710e+05 2.20000e-03
2.45770e+05 2.20000e-03
2.45830e+05 2.20000e-03
2.45890e+05 2.10000e-03
2.45940e+05 2.10000e-03
2.46000e+05 2.10000e-03
2.46060e+05 2.00000e-03
2.46120e+05 2.00000e-03
2.46180e+05 2.00000e-03
2.46230e+05 1.90000e-03
2.46290e+05 1.90000e-03
2.46350e+05 1.90000e-03
2.46410e+05 1.80000e-03
2.46470e+05 1.80000e-03
2.46520e+05 1.70000e-03
2.46580e+05 1.70000e-03
2.46640e+05 1.70000e-03
2.46700e+05 1.60000e-03
2.46760e+05 1.60000e-03
2.46810e+05 1.50000e-03
2.46870e+05 1.50000e-03
2.46930e+05 1.50000e-03
2.46990e+05 1.40000e-03
2.47050e+05 1.40000e-03
2.47100e+05 1.40000e-03
2.47160e+05 1.30000e-03
2.47220e+05 1.30000e-03
2.47280e+05 1.20000e-03
2.47340e+05 1.20000e-03
2.47390e+05 1.20000e-03
2.47450e+05 1.10000e-03
2.47510e+05 1.10000e-03
2.47570e+05 1.00000e-03
2.47630e+05 1.00000e-03
2.47680e+05 9.00000e-04
2.47740e+05 9.00000e-04
2.47800e+05 9.00000e-04
2.47860e+05 8.00000e-04
2.47920e+05 8.00000e-04
2.47970e+05 7.00000e-04
2.48030e+05 7.00000e-04
2.48090e+05 7.00000e-04
2.48150e+05 6.00000e-04
2.48210e+05 6.00000e-04
2.48260e+05 5.00000e-04
2.48320e+05 5.00000e-04
2.48380e+05 5.00000e-04
2.48440e+05 4.00000e-04
2.48500e+05 4.00000e-04
2.48550e+05 4.00000e-04
2.48610e+05 3.00000e-04
2.48670e+05 3.00000e-04
2.48730e+05 3.00000e-04
2.48790e+05 3.00000e-04
2.48840e+05 2.00000e-04
2.48900e+05 2.00000e-04
2.48960e+05 2.00000e-04
2.49020e+05 2.00000e-04
2.49080e+05 2.00000e-04
2.49130e+05 1.00000e-04
2.49190e+05 1.00000e-04
2.49250e+05 1.00000e-04
2.49310e+05 1.00000e-04
2.49370e+05 1.00000e-04
2.49420e+05 1.00000e-04
2.49480e+05 1.00000e-04
2.49540e+05 1.00000e-04
2.49600e+05 1.00000e-04
2.49660e+05 2.00000e-04
2.49710e+05 2.00000e-04
2.49770e+05 2.00000e-04
2.49830e+05 2.00000e-04
2.49890e+05 2.00000e-04
2.49950e+05 2.00000e-04
2.50000e+05 2.00000e-04
2.50060e+05 3.00000e-04
2.50120e+05 3.00000e-04
2.50180e+05 3.00000e-04
2.50240e+05 3.00000e-04
2.50290e+05 4.00000e-04
2.50350e+05 4.00000e-04
2.50410e+05 4.00000e-04
2.50470e+05 4.00000e-04
2.50530e+05 4.00000e-04
2.50580e+05 5.00000e-04
2.50640e+05 5.00000e-04
2.50700e+05 5.00000e-04
2.50760e+05 5.00000e-04
2.50820e+05 5.00000e-04
2.50870e+05 6.00000e-04
2.50930e+05 6.00000e-04
2.50990e+05 6.00000e-04
2.51050e+05 6.00000e-04
2.51110e+05 6.00000e-04
2.51160e+05 6.00000e-04
2.51220e+05 6.00000e-04
2.51280e+05 6.00000e-04
2.51340e+05 6.00000e-04
2.51400e+05 6.00000e-04
2.51450e+05 6.00000e-04
2.51510e+05 6.00000e-04
2.51570e+05 6.00000e-04
2.51630e+05 6.00000e-04
2.51690e+05 6.00000e-04
2.51740e+05 6.00000e-04
2.51800e+05 6.00000e-04
2.51860e+05 6.00000e-04
2.51920e+05 5.00000e-04
2.51980e+05 5.00000e-04
2.52030e+05 5.00000e-04
2.52090e+05 5.00000e-04
2.52150e+05 5.00000e-04
2.52210e+05 5.00000e-04
2.52270e+05 5.00000e-04
2.52320e+05 5.00000e-04
2.52380e+05 5.00000e-04
2.52440e+05 4.00000e-04
2.52500e+05 4.00000e-04
2.52560e+05 4.00000e-04
2.52610e+05 4.00000e-04
2.52670e+05 4.00000e-04
2.52730e+05 4.00000e-04
2.52790e+05 4.00000e-04
2.52850e+05 4.00000e-04
2.52900e+05 4.00000e-04
2.52960e+05 4.00000e-04
2.53020e+05 4.00000e-04
2.53080e+05 4.00000e-04
2.53140e+05 4.00000e-04
2.53190e+05 4.00000e-04
2.53250e+05 4.00000e-04
2.53310e+05 4.00000e-04
2.53370e+05 4.00000e-04
2.53430e+05 4.00000e-04
2.53480e+05 4.00000e-04
2.53540e+05 4.00000e-04
2.53600e+05 4.00000e-04
2.53660e+05 4.00000e-04
2.53720e+05 4.00000e-04
2.53770e+05 4.00000e-04
2.53830e+05 4.00000e-04
2.53890e+05 4.00000e-04
2.53950e+05 3.00000e-04
2.54010e+05 3.00000e-04
2.54060e+05 3.00000e-04
2.54120e+05 3.00000e-04
2.54180e+05 3.00000e-04
2.54240e+05 3.00000e-04
2.54300e+05 3.00000e-04
2.54350e+05 3.00000e-04
2.54410e+05 3.00000e-04
2.54470e+05 3.00000e-04
2.54530e+05 3.00000e-04
2.54590e+05 3.00000e-04
2.54640e+05 3.00000e-04
2.54700e+05 3.00000e-04
2.54760e+05 3.00000e-04
2.54820e+05 3.00000e-04
2.54880e+05 3.00000e-04
2.54930e+05 2.00000e-04
2.54990e+05 2.00000e-04
2.55050e+05 2.00000e-04
2.55110e+05 2.00000e-04
2.55170e+05 2.00000e-04
2.55220e+05 2.00000e-04
2.55280e+05 2.00000e-04
2.55340e+05 2.00000e-04
2.55400e+05 1.00000e-04
2.55460e+05 1.00000e-04
2.55510e+05 1.00000e-04
2.55570e+05 1.00000e-04
2.55630e+05 1.00000e-04
2.55690e+05 1.00000e-04
2.55750e+05 1.00000e-04
