# Filter name : JWST/MIRI.F770W
# Description : MIRI F770W filter
# Photometric system : MIRI
# FilterType : photon
# Band name : ------
# Observatory : JWST
# Instrument : MIRI
# Comments : nominal transmission of the JWST OTE is not included
# 
6.20800e+04 1.00000e-04
6.21400e+04 1.00000e-04
6.22000e+04 1.00000e-04
6.22600e+04 1.00000e-04
6.23200e+04 2.00000e-04
6.23700e+04 2.00000e-04
6.24300e+04 3.00000e-04
6.24900e+04 5.00000e-04
6.25500e+04 7.00000e-04
6.26100e+04 9.00000e-04
6.26600e+04 8.00000e-04
6.27200e+04 7.00000e-04
6.27800e+04 7.00000e-04
6.28400e+04 6.00000e-04
6.29000e+04 5.00000e-04
6.29500e+04 4.00000e-04
6.30100e+04 3.00000e-04
6.30700e+04 2.00000e-04
6.31300e+04 2.00000e-04
6.31900e+04 1.00000e-04
6.32400e+04 1.00000e-04
6.33000e+04 1.00000e-04
6.33600e+04 1.00000e-04
6.34200e+04 1.00000e-04
6.34800e+04 1.00000e-04
6.35300e+04 1.00000e-04
6.35900e+04 2.00000e-04
6.36500e+04 2.00000e-04
6.37100e+04 2.00000e-04
6.37700e+04 2.00000e-04
6.38200e+04 2.00000e-04
6.38800e+04 2.00000e-04
6.39400e+04 3.00000e-04
6.40000e+04 3.00000e-04
6.40600e+04 4.00000e-04
6.41100e+04 4.00000e-04
6.41700e+04 5.00000e-04
6.42300e+04 5.00000e-04
6.42900e+04 7.00000e-04
6.43500e+04 8.00000e-04
6.44000e+04 1.00000e-03
6.44600e+04 1.30000e-03
6.45200e+04 1.50000e-03
6.45800e+04 1.80000e-03
6.46400e+04 2.50000e-03
6.46900e+04 3.30000e-03
6.47500e+04 4.10000e-03
6.48100e+04 5.20000e-03
6.48700e+04 7.90000e-03
6.49300e+04 1.05000e-02
6.49800e+04 1.31000e-02
6.50400e+04 1.94000e-02
6.51000e+04 2.72000e-02
6.51600e+04 3.49000e-02
6.52200e+04 4.55000e-02
6.52700e+04 6.37000e-02
6.53300e+04 8.18000e-02
6.53900e+04 9.99000e-02
6.54500e+04 1.19200e-01
6.55100e+04 1.38800e-01
6.55600e+04 1.58400e-01
6.56200e+04 1.73400e-01
6.56800e+04 1.81200e-01
6.57400e+04 1.88900e-01
6.58000e+04 1.96600e-01
6.58500e+04 2.02400e-01
6.59100e+04 2.08100e-01
6.59700e+04 2.13700e-01
6.60300e+04 2.22200e-01
6.60900e+04 2.33700e-01
6.61400e+04 2.45200e-01
6.62000e+04 2.56800e-01
6.62600e+04 2.70700e-01
6.63200e+04 2.84700e-01
6.63800e+04 2.98600e-01
6.64300e+04 3.05300e-01
6.64900e+04 3.06900e-01
6.65500e+04 3.08500e-01
6.66100e+04 3.09500e-01
6.66700e+04 3.07300e-01
6.67200e+04 3.05000e-01
6.67800e+04 3.02700e-01
6.68400e+04 2.98300e-01
6.69000e+04 2.93000e-01
6.69600e+04 2.87600e-01
6.70100e+04 2.83200e-01
6.70700e+04 2.81700e-01
6.71300e+04 2.80200e-01
6.71900e+04 2.78700e-01
6.72500e+04 2.79200e-01
6.73000e+04 2.80200e-01
6.73600e+04 2.81300e-01
6.74200e+04 2.84000e-01
6.74800e+04 2.89900e-01
6.75400e+04 2.95800e-01
6.75900e+04 3.01700e-01
6.76500e+04 3.10200e-01
6.77100e+04 3.19000e-01
6.77700e+04 3.27700e-01
6.78300e+04 3.34900e-01
6.78800e+04 3.40300e-01
6.79400e+04 3.45700e-01
6.80000e+04 3.51000e-01
6.80600e+04 3.53600e-01
6.81200e+04 3.56200e-01
6.81700e+04 3.58800e-01
6.82300e+04 3.59400e-01
6.82900e+04 3.58400e-01
6.83500e+04 3.57400e-01
6.84100e+04 3.56500e-01
6.84600e+04 3.56900e-01
6.85200e+04 3.57300e-01
6.85800e+04 3.57600e-01
6.86400e+04 3.54300e-01
6.87000e+04 3.49100e-01
6.87500e+04 3.43900e-01
6.88100e+04 3.39400e-01
6.88700e+04 3.37700e-01
6.89300e+04 3.35900e-01
6.89900e+04 3.34200e-01
6.90400e+04 3.33100e-01
6.91000e+04 3.32200e-01
6.91600e+04 3.31400e-01
6.92200e+04 3.30900e-01
6.92800e+04 3.31400e-01
6.93300e+04 3.31900e-01
6.93900e+04 3.32400e-01
6.94500e+04 3.34500e-01
6.95100e+04 3.36800e-01
6.95700e+04 3.39100e-01
6.96200e+04 3.40600e-01
6.96800e+04 3.40600e-01
6.97400e+04 3.40700e-01
6.98000e+04 3.40800e-01
6.98600e+04 3.41900e-01
6.99100e+04 3.43000e-01
6.99700e+04 3.44100e-01
7.00300e+04 3.45500e-01
7.00900e+04 3.47300e-01
7.01500e+04 3.49100e-01
7.02000e+04 3.50900e-01
7.02600e+04 3.53800e-01
7.03200e+04 3.56600e-01
7.03800e+04 3.59400e-01
7.04400e+04 3.61200e-01
7.04900e+04 3.62300e-01
7.05500e+04 3.63500e-01
7.06100e+04 3.64500e-01
7.06700e+04 3.65400e-01
7.07300e+04 3.66300e-01
7.07800e+04 3.67100e-01
7.08400e+04 3.68100e-01
7.09000e+04 3.69100e-01
7.09600e+04 3.70000e-01
7.10200e+04 3.70900e-01
7.10700e+04 3.71300e-01
7.11300e+04 3.71800e-01
7.11900e+04 3.72300e-01
7.12500e+04 3.72000e-01
7.13100e+04 3.71600e-01
7.13600e+04 3.71200e-01
7.14200e+04 3.70800e-01
7.14800e+04 3.70400e-01
7.15400e+04 3.70000e-01
7.16000e+04 3.69600e-01
7.16500e+04 3.68300e-01
7.17100e+04 3.67000e-01
7.17700e+04 3.65600e-01
7.18300e+04 3.64900e-01
7.18900e+04 3.65000e-01
7.19400e+04 3.65100e-01
7.20000e+04 3.65200e-01
7.20600e+04 3.65800e-01
7.21200e+04 3.66400e-01
7.21800e+04 3.67100e-01
7.22300e+04 3.68000e-01
7.22900e+04 3.69100e-01
7.23500e+04 3.70200e-01
7.24100e+04 3.71300e-01
7.24700e+04 3.73000e-01
7.25200e+04 3.74700e-01
7.25800e+04 3.76400e-01
7.26400e+04 3.77600e-01
7.27000e+04 3.78700e-01
7.27600e+04 3.79800e-01
7.28100e+04 3.80400e-01
7.28700e+04 3.79600e-01
7.29300e+04 3.78700e-01
7.29900e+04 3.77900e-01
7.30500e+04 3.76800e-01
7.31000e+04 3.75600e-01
7.31600e+04 3.74400e-01
7.32200e+04 3.73300e-01
7.32800e+04 3.72400e-01
7.33400e+04 3.71400e-01
7.33900e+04 3.70500e-01
7.34500e+04 3.68600e-01
7.35100e+04 3.66500e-01
7.35700e+04 3.64500e-01
7.36300e+04 3.63200e-01
7.36800e+04 3.62700e-01
7.37400e+04 3.62200e-01
7.38000e+04 3.61700e-01
7.38600e+04 3.62300e-01
7.39200e+04 3.62900e-01
7.39700e+04 3.63500e-01
7.40300e+04 3.64700e-01
7.40900e+04 3.66200e-01
7.41500e+04 3.67800e-01
7.42100e+04 3.69500e-01
7.42600e+04 3.71600e-01
7.43200e+04 3.73800e-01
7.43800e+04 3.75900e-01
7.44400e+04 3.78300e-01
7.45000e+04 3.80900e-01
7.45500e+04 3.83400e-01
7.46100e+04 3.85500e-01
7.46700e+04 3.86200e-01
7.47300e+04 3.86900e-01
7.47900e+04 3.87600e-01
7.48400e+04 3.87200e-01
7.49000e+04 3.86400e-01
7.49600e+04 3.85700e-01
7.50200e+04 3.84700e-01
7.50800e+04 3.83300e-01
7.51300e+04 3.81900e-01
7.51900e+04 3.80500e-01
7.52500e+04 3.78600e-01
7.53100e+04 3.76600e-01
7.53700e+04 3.74600e-01
7.54200e+04 3.72700e-01
7.54800e+04 3.71000e-01
7.55400e+04 3.69300e-01
7.56000e+04 3.67600e-01
7.56600e+04 3.66600e-01
7.57100e+04 3.65600e-01
7.57700e+04 3.64600e-01
7.58300e+04 3.64000e-01
7.58900e+04 3.63700e-01
7.59500e+04 3.63400e-01
7.60000e+04 3.63200e-01
7.60600e+04 3.64000e-01
7.61200e+04 3.64700e-01
7.61800e+04 3.65400e-01
7.62400e+04 3.66500e-01
7.62900e+04 3.67900e-01
7.63500e+04 3.69200e-01
7.64100e+04 3.70600e-01
7.64700e+04 3.72300e-01
7.65300e+04 3.73900e-01
7.65800e+04 3.75600e-01
7.66400e+04 3.77200e-01
7.67000e+04 3.78700e-01
7.67600e+04 3.80200e-01
7.68200e+04 3.81600e-01
7.68700e+04 3.82700e-01
7.69300e+04 3.83900e-01
7.69900e+04 3.85000e-01
7.70500e+04 3.85600e-01
7.71100e+04 3.86100e-01
7.71600e+04 3.86500e-01
7.72200e+04 3.86900e-01
7.72800e+04 3.87000e-01
7.73400e+04 3.87100e-01
7.74000e+04 3.87200e-01
7.74500e+04 3.87300e-01
7.75100e+04 3.87400e-01
7.75700e+04 3.87400e-01
7.76300e+04 3.87400e-01
7.76900e+04 3.87400e-01
7.77400e+04 3.87400e-01
7.78000e+04 3.87400e-01
7.78600e+04 3.87500e-01
7.79200e+04 3.87600e-01
7.79800e+04 3.87800e-01
7.80300e+04 3.88000e-01
7.80900e+04 3.88300e-01
7.81500e+04 3.88700e-01
7.82100e+04 3.89000e-01
7.82700e+04 3.89300e-01
7.83200e+04 3.89600e-01
7.83800e+04 3.89900e-01
7.84400e+04 3.90100e-01
7.85000e+04 3.90300e-01
7.85600e+04 3.90500e-01
7.86100e+04 3.90500e-01
7.86700e+04 3.90200e-01
7.87300e+04 3.89900e-01
7.87900e+04 3.89700e-01
7.88500e+04 3.89100e-01
7.89000e+04 3.88500e-01
7.89600e+04 3.87900e-01
7.90200e+04 3.87200e-01
7.90800e+04 3.86400e-01
7.91400e+04 3.85600e-01
7.91900e+04 3.84800e-01
7.92500e+04 3.84200e-01
7.93100e+04 3.83600e-01
7.93700e+04 3.83000e-01
7.94300e+04 3.82600e-01
7.94800e+04 3.82400e-01
7.95400e+04 3.82200e-01
7.96000e+04 3.82000e-01
7.96600e+04 3.82300e-01
7.97200e+04 3.82600e-01
7.97700e+04 3.82900e-01
7.98300e+04 3.83600e-01
7.98900e+04 3.84400e-01
7.99500e+04 3.85300e-01
8.00100e+04 3.86200e-01
8.00600e+04 3.87300e-01
8.01200e+04 3.88300e-01
8.01800e+04 3.89400e-01
8.02400e+04 3.90500e-01
8.03000e+04 3.91500e-01
8.03500e+04 3.92600e-01
8.04100e+04 3.93600e-01
8.04700e+04 3.94300e-01
8.05300e+04 3.95000e-01
8.05900e+04 3.95800e-01
8.06400e+04 3.96200e-01
8.07000e+04 3.96400e-01
8.07600e+04 3.96700e-01
8.08200e+04 3.96800e-01
8.08800e+04 3.96500e-01
8.09300e+04 3.96300e-01
8.09900e+04 3.96000e-01
8.10500e+04 3.95400e-01
8.11100e+04 3.94800e-01
8.11700e+04 3.94100e-01
8.12200e+04 3.93400e-01
8.12800e+04 3.92700e-01
8.13400e+04 3.91900e-01
8.14000e+04 3.91200e-01
8.14600e+04 3.90600e-01
8.15100e+04 3.90000e-01
8.15700e+04 3.89400e-01
8.16300e+04 3.89000e-01
8.16900e+04 3.88700e-01
8.17500e+04 3.88500e-01
8.18000e+04 3.88300e-01
8.18600e+04 3.88400e-01
8.19200e+04 3.88600e-01
8.19800e+04 3.88800e-01
8.20400e+04 3.89100e-01
8.20900e+04 3.89600e-01
8.21500e+04 3.90000e-01
8.22100e+04 3.90500e-01
8.22700e+04 3.91000e-01
8.23300e+04 3.91500e-01
8.23800e+04 3.92000e-01
8.24400e+04 3.92400e-01
8.25000e+04 3.92800e-01
8.25600e+04 3.93100e-01
8.26200e+04 3.93400e-01
8.26700e+04 3.93300e-01
8.27300e+04 3.93300e-01
8.27900e+04 3.93200e-01
8.28500e+04 3.92800e-01
8.29100e+04 3.92300e-01
8.29600e+04 3.91800e-01
8.30200e+04 3.91100e-01
8.30800e+04 3.90300e-01
8.31400e+04 3.89500e-01
8.32000e+04 3.88600e-01
8.32500e+04 3.87600e-01
8.33100e+04 3.86600e-01
8.33700e+04 3.85500e-01
8.34300e+04 3.84500e-01
8.34900e+04 3.83600e-01
8.35400e+04 3.82800e-01
8.36000e+04 3.81900e-01
8.36600e+04 3.81300e-01
8.37200e+04 3.80600e-01
8.37800e+04 3.80000e-01
8.38300e+04 3.79600e-01
8.38900e+04 3.79400e-01
8.39500e+04 3.79100e-01
8.40100e+04 3.78900e-01
8.40700e+04 3.79100e-01
8.41200e+04 3.79300e-01
8.41800e+04 3.79500e-01
8.42400e+04 3.79900e-01
8.43000e+04 3.80400e-01
8.43600e+04 3.80900e-01
8.44100e+04 3.81500e-01
8.44700e+04 3.82000e-01
8.45300e+04 3.82600e-01
8.45900e+04 3.83200e-01
8.46500e+04 3.83700e-01
8.47000e+04 3.84300e-01
8.47600e+04 3.84800e-01
8.48200e+04 3.85300e-01
8.48800e+04 3.85600e-01
8.49400e+04 3.85900e-01
8.49900e+04 3.86200e-01
8.50500e+04 3.86100e-01
8.51100e+04 3.85800e-01
8.51700e+04 3.85600e-01
8.52300e+04 3.85200e-01
8.52800e+04 3.84700e-01
8.53400e+04 3.84100e-01
8.54000e+04 3.83600e-01
8.54600e+04 3.82700e-01
8.55200e+04 3.81800e-01
8.55700e+04 3.80900e-01
8.56300e+04 3.79900e-01
8.56900e+04 3.78800e-01
8.57500e+04 3.77600e-01
8.58100e+04 3.76500e-01
8.58600e+04 3.74900e-01
8.59200e+04 3.73300e-01
8.59800e+04 3.71800e-01
8.60400e+04 3.69400e-01
8.61000e+04 3.66600e-01
8.61500e+04 3.63800e-01
8.62100e+04 3.60200e-01
8.62700e+04 3.53200e-01
8.63300e+04 3.46200e-01
8.63900e+04 3.39200e-01
8.64400e+04 3.27300e-01
8.65000e+04 3.13700e-01
8.65600e+04 3.00200e-01
8.66200e+04 2.84700e-01
8.66800e+04 2.64800e-01
8.67300e+04 2.44900e-01
8.67900e+04 2.25000e-01
8.68500e+04 2.03500e-01
8.69100e+04 1.81800e-01
8.69700e+04 1.60100e-01
8.70200e+04 1.40200e-01
8.70800e+04 1.22800e-01
8.71400e+04 1.05400e-01
8.72000e+04 8.81000e-02
8.72600e+04 7.64000e-02
8.73100e+04 6.49000e-02
8.73700e+04 5.35000e-02
8.74300e+04 4.48000e-02
8.74900e+04 3.86000e-02
8.75500e+04 3.24000e-02
8.76000e+04 2.64000e-02
8.76600e+04 2.31000e-02
8.77200e+04 1.98000e-02
8.77800e+04 1.65000e-02
8.78400e+04 1.41000e-02
8.78900e+04 1.23000e-02
8.79500e+04 1.04000e-02
8.80100e+04 8.70000e-03
8.80700e+04 7.70000e-03
8.81300e+04 6.70000e-03
8.81800e+04 5.70000e-03
8.82400e+04 5.00000e-03
8.83000e+04 4.50000e-03
8.83600e+04 3.90000e-03
8.84200e+04 3.40000e-03
8.84700e+04 3.10000e-03
8.85300e+04 2.70000e-03
8.85900e+04 2.40000e-03
8.86500e+04 2.10000e-03
8.87100e+04 1.90000e-03
8.87600e+04 1.70000e-03
8.88200e+04 1.60000e-03
8.88800e+04 1.40000e-03
8.89400e+04 1.30000e-03
8.90000e+04 1.20000e-03
8.90500e+04 1.10000e-03
8.91100e+04 1.00000e-03
8.91700e+04 9.00000e-04
8.92300e+04 8.00000e-04
8.92900e+04 8.00000e-04
8.93400e+04 7.00000e-04
8.94000e+04 6.00000e-04
8.94600e+04 6.00000e-04
8.95200e+04 6.00000e-04
8.95800e+04 5.00000e-04
8.96300e+04 5.00000e-04
8.96900e+04 5.00000e-04
8.97500e+04 4.00000e-04
8.98100e+04 4.00000e-04
8.98700e+04 4.00000e-04
8.99200e+04 4.00000e-04
8.99800e+04 4.00000e-04
9.00400e+04 4.00000e-04
9.01000e+04 4.00000e-04
9.01600e+04 3.00000e-04
9.02100e+04 3.00000e-04
9.02700e+04 3.00000e-04
9.03300e+04 3.00000e-04
9.03900e+04 3.00000e-04
9.04500e+04 3.00000e-04
9.05000e+04 3.00000e-04
9.05600e+04 3.00000e-04
9.06200e+04 3.00000e-04
9.06800e+04 3.00000e-04
9.07400e+04 3.00000e-04
9.07900e+04 3.00000e-04
9.08500e+04 3.00000e-04
9.09100e+04 3.00000e-04
9.09700e+04 3.00000e-04
9.10300e+04 3.00000e-04
9.10800e+04 3.00000e-04
9.11400e+04 3.00000e-04
9.12000e+04 3.00000e-04
9.12600e+04 3.00000e-04
9.13200e+04 3.00000e-04
9.13700e+04 3.00000e-04
9.14300e+04 3.00000e-04
9.14900e+04 3.00000e-04
9.15500e+04 3.00000e-04
9.16100e+04 3.00000e-04
9.16600e+04 3.00000e-04
9.17200e+04 3.00000e-04
9.17800e+04 3.00000e-04
9.18400e+04 3.00000e-04
9.19000e+04 2.00000e-04
9.19500e+04 2.00000e-04
9.20100e+04 2.00000e-04
9.20700e+04 2.00000e-04
9.21300e+04 2.00000e-04
9.21900e+04 2.00000e-04
9.22400e+04 2.00000e-04
9.23000e+04 2.00000e-04
9.23600e+04 2.00000e-04
9.24200e+04 1.00000e-04
9.24800e+04 1.00000e-04
9.25300e+04 1.00000e-04
9.25900e+04 1.00000e-04
9.26500e+04 1.00000e-04
9.27100e+04 1.00000e-04
9.27700e+04 1.00000e-04
9.28200e+04 1.00000e-04
9.28800e+04 1.00000e-04
9.29400e+04 1.00000e-04
9.30000e+04 1.00000e-04
9.30600e+04 1.00000e-04
9.31100e+04 1.00000e-04
9.31700e+04 1.00000e-04
9.32300e+04 1.00000e-04
9.32900e+04 1.00000e-04
