# Filter name : JWST/NIRCam.F164N
# Description : NIRCam F164N filter
# Photometric system : NIRCam
# FilterType : photon
# Band name : ------
# Observatory : JWST
# Instrument : NIRCam
# Comments : includes NIRCam optics, DBS, QE and JWST Optical Telescope Element
# 
1.60940e+04 1.31894e-04
1.61040e+04 1.80643e-04
1.61140e+04 2.82778e-04
1.61240e+04 3.91389e-04
1.61340e+04 6.34029e-04
1.61440e+04 1.03662e-03
1.61540e+04 1.81898e-03
1.61640e+04 2.97595e-03
1.61740e+04 4.87449e-03
1.61840e+04 8.17524e-03
1.61940e+04 1.07449e-02
1.62040e+04 1.30522e-02
1.62140e+04 1.52163e-02
1.62240e+04 1.86037e-02
1.62340e+04 2.08216e-02
1.62440e+04 2.02447e-02
1.62540e+04 2.48270e-02
1.62640e+04 2.85572e-02
1.62740e+04 3.54254e-02
1.62840e+04 3.71807e-02
1.62940e+04 4.74915e-02
1.63040e+04 6.00472e-02
1.63140e+04 7.12850e-02
1.63240e+04 9.16878e-02
1.63340e+04 1.19545e-01
1.63440e+04 1.60767e-01
1.63540e+04 2.13657e-01
1.63640e+04 2.72929e-01
1.63740e+04 3.36978e-01
1.63840e+04 3.70779e-01
1.63940e+04 3.97567e-01
1.64040e+04 4.20973e-01
1.64140e+04 4.20406e-01
1.64240e+04 4.19744e-01
1.64340e+04 4.17256e-01
1.64440e+04 4.21542e-01
1.64540e+04 4.30780e-01
1.64640e+04 4.24106e-01
1.64740e+04 4.16873e-01
1.64840e+04 4.17405e-01
1.64940e+04 3.82757e-01
1.65040e+04 3.62442e-01
1.65140e+04 3.17987e-01
1.65240e+04 2.70840e-01
1.65340e+04 2.10229e-01
1.65440e+04 1.66600e-01
1.65540e+04 1.32709e-01
1.65640e+04 1.00947e-01
1.65740e+04 8.25025e-02
1.65840e+04 6.66722e-02
1.65940e+04 5.67399e-02
1.66040e+04 5.06122e-02
1.66140e+04 4.35872e-02
1.66240e+04 3.49235e-02
1.66340e+04 2.96522e-02
1.66440e+04 2.97128e-02
1.66540e+04 2.49716e-02
1.66640e+04 2.18161e-02
1.66740e+04 1.81107e-02
1.66840e+04 1.32569e-02
1.66940e+04 1.06076e-02
1.67040e+04 7.09955e-03
1.67140e+04 4.99041e-03
1.67240e+04 2.97306e-03
1.67340e+04 1.83477e-03
1.67440e+04 1.11767e-03
1.67540e+04 6.33319e-04
1.67640e+04 4.33937e-04
1.67740e+04 2.83229e-04
1.67840e+04 2.14783e-04
1.67940e+04 1.49246e-04
1.68040e+04 1.14780e-04
