# Filter name : JWST/NIRCam.F460M
# Description : NIRCam F460M filter
# Photometric system : NIRCam
# FilterType : photon
# Band name : ------
# Observatory : JWST
# Instrument : NIRCam
# Comments : includes NIRCam optics, DBS, QE and JWST Optical Telescope Element
# 
4.39285e+04 1.00253e-04
4.39420e+04 1.05907e-04
4.39556e+04 1.13925e-04
4.39691e+04 1.21765e-04
4.39826e+04 1.30352e-04
4.39961e+04 1.39975e-04
4.40096e+04 1.51276e-04
4.40231e+04 1.61004e-04
4.40366e+04 1.70039e-04
4.40501e+04 1.78695e-04
4.40637e+04 1.89221e-04
4.40772e+04 2.00250e-04
4.40907e+04 2.12072e-04
4.41042e+04 2.24847e-04
4.41177e+04 2.39062e-04
4.41312e+04 2.53844e-04
4.41447e+04 2.69617e-04
4.41582e+04 2.87483e-04
4.41718e+04 3.08894e-04
4.41853e+04 3.32563e-04
4.41988e+04 3.57873e-04
4.42123e+04 3.83870e-04
4.42258e+04 4.10955e-04
4.42393e+04 4.39057e-04
4.42528e+04 4.67588e-04
4.42663e+04 4.98639e-04
4.42799e+04 5.32519e-04
4.42934e+04 5.69603e-04
4.43069e+04 6.09326e-04
4.43204e+04 6.52518e-04
4.43339e+04 6.99459e-04
4.43474e+04 7.50533e-04
4.43609e+04 8.05481e-04
4.43744e+04 8.65082e-04
4.43880e+04 9.30110e-04
4.44015e+04 1.00058e-03
4.44150e+04 1.07618e-03
4.44285e+04 1.15747e-03
4.44420e+04 1.24572e-03
4.44555e+04 1.34099e-03
4.44690e+04 1.44421e-03
4.44825e+04 1.55644e-03
4.44961e+04 1.68095e-03
4.45096e+04 1.81648e-03
4.45231e+04 1.96385e-03
4.45366e+04 2.12443e-03
4.45501e+04 2.30145e-03
4.45636e+04 2.49603e-03
4.45771e+04 2.71047e-03
4.45906e+04 2.94600e-03
4.46041e+04 3.20448e-03
4.46177e+04 3.48853e-03
4.46312e+04 3.80352e-03
4.46447e+04 4.15010e-03
4.46582e+04 4.53181e-03
4.46717e+04 4.95482e-03
4.46852e+04 5.42620e-03
4.46987e+04 5.94949e-03
4.47122e+04 6.53200e-03
4.47258e+04 7.18029e-03
4.47393e+04 7.90084e-03
4.47528e+04 8.70290e-03
4.47663e+04 9.61373e-03
4.47798e+04 1.06286e-02
4.47933e+04 1.17578e-02
4.48068e+04 1.30252e-02
4.48203e+04 1.44495e-02
4.48339e+04 1.60466e-02
4.48474e+04 1.78580e-02
4.48609e+04 1.98994e-02
4.48744e+04 2.21926e-02
4.48879e+04 2.47778e-02
4.49014e+04 2.77096e-02
4.49149e+04 3.10195e-02
4.49284e+04 3.47587e-02
4.49420e+04 3.90037e-02
4.49555e+04 4.38035e-02
4.49690e+04 4.92247e-02
4.49825e+04 5.53564e-02
4.49960e+04 6.22710e-02
4.50095e+04 7.00476e-02
4.50230e+04 7.87792e-02
4.50365e+04 8.85150e-02
4.50501e+04 9.93425e-02
4.50636e+04 1.11355e-01
4.50771e+04 1.24401e-01
4.50906e+04 1.38610e-01
4.51041e+04 1.54021e-01
4.51176e+04 1.70224e-01
4.51311e+04 1.87217e-01
4.51446e+04 2.05040e-01
4.51582e+04 2.23082e-01
4.51717e+04 2.41036e-01
4.51852e+04 2.59131e-01
4.51987e+04 2.76764e-01
4.52122e+04 2.93319e-01
4.52257e+04 3.09389e-01
4.52392e+04 3.24580e-01
4.52527e+04 3.37975e-01
4.52663e+04 3.50576e-01
4.52798e+04 3.62266e-01
4.52933e+04 3.71889e-01
4.53068e+04 3.80676e-01
4.53203e+04 3.88566e-01
4.53338e+04 3.94843e-01
4.53473e+04 4.00265e-01
4.53608e+04 4.04944e-01
4.53744e+04 4.08532e-01
4.53879e+04 4.11460e-01
4.54014e+04 4.13895e-01
4.54149e+04 4.15653e-01
4.54284e+04 4.17001e-01
4.54419e+04 4.18084e-01
4.54554e+04 4.18837e-01
4.54689e+04 4.19346e-01
4.54825e+04 4.19740e-01
4.54960e+04 4.20032e-01
4.55095e+04 4.20242e-01
4.55230e+04 4.20419e-01
4.55365e+04 4.20563e-01
4.55500e+04 4.20744e-01
4.55635e+04 4.20934e-01
4.55770e+04 4.21130e-01
4.55905e+04 4.21347e-01
4.56041e+04 4.21592e-01
4.56176e+04 4.22222e-01
4.56311e+04 4.22614e-01
4.56446e+04 4.22902e-01
4.56581e+04 4.23199e-01
4.56716e+04 4.23534e-01
4.56851e+04 4.23852e-01
4.56986e+04 4.24148e-01
4.57122e+04 4.24528e-01
4.57257e+04 4.25174e-01
4.57392e+04 4.25433e-01
4.57527e+04 4.25613e-01
4.57662e+04 4.25774e-01
4.57797e+04 4.25916e-01
4.57932e+04 4.26023e-01
4.58067e+04 4.26083e-01
4.58203e+04 4.26098e-01
4.58338e+04 4.26072e-01
4.58473e+04 4.26019e-01
4.58608e+04 4.25939e-01
4.58743e+04 4.25776e-01
4.58878e+04 4.25600e-01
4.59013e+04 4.25412e-01
4.59148e+04 4.25168e-01
4.59284e+04 4.24891e-01
4.59419e+04 4.24580e-01
4.59554e+04 4.24274e-01
4.59689e+04 4.23950e-01
4.59824e+04 4.23608e-01
4.59959e+04 4.23228e-01
4.60094e+04 4.22861e-01
4.60229e+04 4.22506e-01
4.60365e+04 4.22138e-01
4.60500e+04 4.21765e-01
4.60635e+04 4.21386e-01
4.60770e+04 4.21042e-01
4.60905e+04 4.20691e-01
4.61040e+04 4.20346e-01
4.61175e+04 4.20049e-01
4.61310e+04 4.19769e-01
4.61446e+04 4.19516e-01
4.61581e+04 4.19257e-01
4.61716e+04 4.19003e-01
4.61851e+04 4.18760e-01
4.61986e+04 4.18544e-01
4.62121e+04 4.18267e-01
4.62256e+04 4.17965e-01
4.62391e+04 4.17678e-01
4.62527e+04 4.17400e-01
4.62662e+04 4.17142e-01
4.62797e+04 4.16863e-01
4.62932e+04 4.16578e-01
4.63067e+04 4.16309e-01
4.63202e+04 4.16042e-01
4.63337e+04 4.15768e-01
4.63472e+04 4.15455e-01
4.63608e+04 4.15151e-01
4.63743e+04 4.14852e-01
4.63878e+04 4.14547e-01
4.64013e+04 4.14216e-01
4.64148e+04 4.13866e-01
4.64283e+04 4.13523e-01
4.64418e+04 4.13165e-01
4.64553e+04 4.12793e-01
4.64688e+04 4.12387e-01
4.64824e+04 4.11983e-01
4.64959e+04 4.11589e-01
4.65094e+04 4.11160e-01
4.65229e+04 4.11159e-01
4.65364e+04 4.10677e-01
4.65499e+04 4.10203e-01
4.65634e+04 4.09723e-01
4.65769e+04 4.09209e-01
4.65905e+04 4.08678e-01
4.66040e+04 4.08141e-01
4.66175e+04 4.07624e-01
4.66310e+04 4.07084e-01
4.66445e+04 4.06526e-01
4.66580e+04 4.05954e-01
4.66715e+04 4.05387e-01
4.66850e+04 4.04825e-01
4.66986e+04 4.04226e-01
4.67121e+04 4.03622e-01
4.67256e+04 4.03021e-01
4.67391e+04 4.02432e-01
4.67526e+04 4.01836e-01
4.67661e+04 4.01208e-01
4.67796e+04 4.00581e-01
4.67931e+04 3.99954e-01
4.68067e+04 3.99324e-01
4.68202e+04 3.98666e-01
4.68337e+04 3.97988e-01
4.68472e+04 3.97315e-01
4.68607e+04 3.96640e-01
4.68742e+04 3.95959e-01
4.68877e+04 3.95240e-01
4.69012e+04 3.94513e-01
4.69148e+04 3.93788e-01
4.69283e+04 3.93036e-01
4.69418e+04 3.92265e-01
4.69553e+04 3.91439e-01
4.69688e+04 3.90602e-01
4.69823e+04 3.90200e-01
4.69958e+04 3.89278e-01
4.70093e+04 3.88316e-01
4.70229e+04 3.87293e-01
4.70364e+04 3.86205e-01
4.70499e+04 3.85068e-01
4.70634e+04 3.83818e-01
4.70769e+04 3.82455e-01
4.70904e+04 3.81024e-01
4.71039e+04 3.79447e-01
4.71174e+04 3.77775e-01
4.71310e+04 3.75971e-01
4.71445e+04 3.73890e-01
4.71580e+04 3.71681e-01
4.71715e+04 3.69250e-01
4.71850e+04 3.66487e-01
4.71985e+04 3.63547e-01
4.72120e+04 3.60144e-01
4.72255e+04 3.56435e-01
4.72391e+04 3.52507e-01
4.72526e+04 3.47905e-01
4.72661e+04 3.43051e-01
4.72796e+04 3.37780e-01
4.72931e+04 3.31916e-01
4.73066e+04 3.25796e-01
4.73201e+04 3.18982e-01
4.73336e+04 3.11719e-01
4.73471e+04 3.04455e-01
4.73607e+04 2.96146e-01
4.73742e+04 2.87532e-01
4.73877e+04 2.78481e-01
4.74012e+04 2.68848e-01
4.74147e+04 2.59129e-01
4.74282e+04 2.48844e-01
4.74417e+04 2.38340e-01
4.74552e+04 2.27835e-01
4.74688e+04 2.16822e-01
4.74823e+04 2.05980e-01
4.74958e+04 1.95095e-01
4.75093e+04 1.84141e-01
4.75228e+04 1.73502e-01
4.75363e+04 1.62848e-01
4.75498e+04 1.52511e-01
4.75633e+04 1.42540e-01
4.75769e+04 1.32738e-01
4.75904e+04 1.23445e-01
4.76039e+04 1.14519e-01
4.76174e+04 1.06008e-01
4.76309e+04 9.80105e-02
4.76444e+04 9.03785e-02
4.76579e+04 8.32638e-02
4.76714e+04 7.66167e-02
4.76850e+04 7.03926e-02
4.76985e+04 6.46356e-02
4.77120e+04 5.92802e-02
4.77255e+04 5.43387e-02
4.77390e+04 4.97890e-02
4.77525e+04 4.55881e-02
4.77660e+04 4.17368e-02
4.77795e+04 3.82029e-02
4.77931e+04 3.49680e-02
4.78066e+04 3.20075e-02
4.78201e+04 2.92991e-02
4.78336e+04 2.68257e-02
4.78471e+04 2.45678e-02
4.78606e+04 2.25119e-02
4.78741e+04 2.06335e-02
4.78876e+04 1.89213e-02
4.79012e+04 1.73583e-02
4.79147e+04 1.59307e-02
4.79282e+04 1.46329e-02
4.79417e+04 1.34460e-02
4.79552e+04 1.23649e-02
4.79687e+04 1.13783e-02
4.79822e+04 1.04753e-02
4.79957e+04 9.65343e-03
4.80093e+04 8.89977e-03
4.80228e+04 8.21106e-03
4.80363e+04 7.58145e-03
4.80498e+04 7.00308e-03
4.80633e+04 6.47337e-03
4.80768e+04 5.98557e-03
4.80903e+04 5.54319e-03
4.81038e+04 5.13379e-03
4.81174e+04 4.75736e-03
4.81309e+04 4.41553e-03
4.81444e+04 4.10031e-03
4.81579e+04 3.81013e-03
4.81714e+04 3.54293e-03
4.81849e+04 3.29549e-03
4.81984e+04 3.06712e-03
4.82119e+04 2.85597e-03
4.82255e+04 2.66086e-03
4.82390e+04 2.48244e-03
4.82525e+04 2.31715e-03
4.82660e+04 2.16451e-03
4.82795e+04 2.02259e-03
4.82930e+04 1.89065e-03
4.83065e+04 1.77027e-03
4.83200e+04 1.65851e-03
4.83335e+04 1.55527e-03
4.83471e+04 1.45828e-03
4.83606e+04 1.36713e-03
4.83741e+04 1.28299e-03
4.83876e+04 1.20465e-03
4.84011e+04 1.13279e-03
4.84146e+04 1.06574e-03
4.84281e+04 1.00320e-03
4.84416e+04 9.45266e-04
4.84552e+04 8.91000e-04
4.84687e+04 8.40306e-04
4.84822e+04 7.92858e-04
4.84957e+04 7.48518e-04
4.85092e+04 7.07109e-04
4.85227e+04 6.68078e-04
4.85362e+04 6.30460e-04
4.85497e+04 5.95332e-04
4.85633e+04 5.62687e-04
4.85768e+04 5.32514e-04
4.85903e+04 5.04208e-04
4.86038e+04 4.75616e-04
4.86173e+04 4.49055e-04
4.86308e+04 4.24665e-04
4.86443e+04 4.03980e-04
4.86578e+04 3.85513e-04
4.86714e+04 3.67299e-04
4.86849e+04 3.49591e-04
4.86984e+04 3.31860e-04
4.87119e+04 3.15739e-04
4.87254e+04 3.00922e-04
4.87389e+04 2.87025e-04
4.87524e+04 2.73884e-04
4.87659e+04 2.61807e-04
4.87795e+04 2.50472e-04
4.87930e+04 2.39680e-04
4.88065e+04 2.28447e-04
4.88200e+04 2.17620e-04
4.88335e+04 2.07883e-04
4.88470e+04 1.99294e-04
4.88605e+04 1.92076e-04
4.88740e+04 1.84306e-04
4.88876e+04 1.76514e-04
4.89011e+04 1.67768e-04
4.89146e+04 1.59696e-04
4.89281e+04 1.52587e-04
4.89416e+04 1.46305e-04
4.89551e+04 1.40665e-04
4.89686e+04 1.35120e-04
4.89821e+04 1.29657e-04
4.89957e+04 1.23708e-04
4.90092e+04 1.17984e-04
4.90227e+04 1.12548e-04
4.90362e+04 1.07727e-04
4.90497e+04 1.03278e-04
