# Filter name : JWST/NIRCam.F480M
# Description : NIRCam F480M filter
# Photometric system : NIRCam
# FilterType : photon
# Band name : ------
# Observatory : JWST
# Instrument : NIRCam
# Comments : includes NIRCam optics, DBS, QE and JWST Optical Telescope Element
# 
4.48879e+04 1.03210e-04
4.49014e+04 1.08246e-04
4.49149e+04 1.11698e-04
4.49284e+04 1.13345e-04
4.49420e+04 1.17792e-04
4.49555e+04 1.18586e-04
4.49690e+04 1.18236e-04
4.49825e+04 1.19574e-04
4.49960e+04 1.27985e-04
4.50095e+04 1.35586e-04
4.50230e+04 1.36602e-04
4.50365e+04 1.40817e-04
4.50501e+04 1.47789e-04
4.50636e+04 1.56993e-04
4.50771e+04 1.59127e-04
4.50906e+04 1.64739e-04
4.51041e+04 1.74889e-04
4.51176e+04 1.86217e-04
4.51311e+04 1.93053e-04
4.51446e+04 1.99964e-04
4.51582e+04 2.15071e-04
4.51717e+04 2.28130e-04
4.51852e+04 2.37456e-04
4.51987e+04 2.41592e-04
4.52122e+04 2.56138e-04
4.52257e+04 2.73841e-04
4.52392e+04 2.89596e-04
4.52527e+04 3.01911e-04
4.52663e+04 3.19682e-04
4.52798e+04 3.45350e-04
4.52933e+04 3.64302e-04
4.53068e+04 3.83932e-04
4.53203e+04 4.05663e-04
4.53338e+04 4.40335e-04
4.53473e+04 4.70473e-04
4.53608e+04 4.96685e-04
4.53744e+04 5.23140e-04
4.53879e+04 5.59658e-04
4.54014e+04 6.01727e-04
4.54149e+04 6.38258e-04
4.54284e+04 6.78743e-04
4.54419e+04 7.25015e-04
4.54554e+04 7.80971e-04
4.54689e+04 8.31432e-04
4.54825e+04 8.83381e-04
4.54960e+04 9.42023e-04
4.55095e+04 1.00739e-03
4.55230e+04 1.07346e-03
4.55365e+04 1.13477e-03
4.55500e+04 1.20832e-03
4.55635e+04 1.28897e-03
4.55770e+04 1.37575e-03
4.55905e+04 1.45551e-03
4.56041e+04 1.54388e-03
4.56176e+04 1.64718e-03
4.56311e+04 1.75522e-03
4.56446e+04 1.86423e-03
4.56581e+04 1.97293e-03
4.56716e+04 2.10288e-03
4.56851e+04 2.23888e-03
4.56986e+04 2.37960e-03
4.57122e+04 2.51784e-03
4.57257e+04 2.67575e-03
4.57392e+04 2.85228e-03
4.57527e+04 3.03272e-03
4.57662e+04 3.21888e-03
4.57797e+04 3.41092e-03
4.57932e+04 3.63421e-03
4.58067e+04 3.86795e-03
4.58203e+04 4.11229e-03
4.58338e+04 4.36840e-03
4.58473e+04 4.65099e-03
4.58608e+04 4.96210e-03
4.58743e+04 5.28023e-03
4.58878e+04 5.61861e-03
4.59013e+04 5.97886e-03
4.59148e+04 6.38184e-03
4.59284e+04 6.80343e-03
4.59419e+04 7.24389e-03
4.59554e+04 7.72049e-03
4.59689e+04 8.23957e-03
4.59824e+04 8.80557e-03
4.59959e+04 9.39197e-03
4.60094e+04 1.00218e-02
4.60229e+04 1.06996e-02
4.60365e+04 1.14418e-02
4.60500e+04 1.22278e-02
4.60635e+04 1.30570e-02
4.60770e+04 1.39609e-02
4.60905e+04 1.49360e-02
4.61040e+04 1.59905e-02
4.61175e+04 1.71028e-02
4.61310e+04 1.82990e-02
4.61446e+04 1.95937e-02
4.61581e+04 2.09916e-02
4.61716e+04 2.24844e-02
4.61851e+04 2.40705e-02
4.61986e+04 2.57950e-02
4.62121e+04 2.76476e-02
4.62256e+04 2.96394e-02
4.62391e+04 3.17597e-02
4.62527e+04 3.40341e-02
4.62662e+04 3.64956e-02
4.62797e+04 3.91315e-02
4.62932e+04 4.19508e-02
4.63067e+04 4.49524e-02
4.63202e+04 4.81880e-02
4.63337e+04 5.16628e-02
4.63472e+04 5.53658e-02
4.63608e+04 5.93084e-02
4.63743e+04 6.35135e-02
4.63878e+04 6.80265e-02
4.64013e+04 7.28278e-02
4.64148e+04 7.79383e-02
4.64283e+04 8.33274e-02
4.64418e+04 8.90684e-02
4.64553e+04 9.51803e-02
4.64688e+04 1.01592e-01
4.64824e+04 1.08370e-01
4.64959e+04 1.15507e-01
4.65094e+04 1.23003e-01
4.65229e+04 1.31034e-01
4.65364e+04 1.39253e-01
4.65499e+04 1.47779e-01
4.65634e+04 1.56703e-01
4.65769e+04 1.65931e-01
4.65905e+04 1.75428e-01
4.66040e+04 1.85276e-01
4.66175e+04 1.95250e-01
4.66310e+04 2.05495e-01
4.66445e+04 2.16057e-01
4.66580e+04 2.26491e-01
4.66715e+04 2.37132e-01
4.66850e+04 2.47880e-01
4.66986e+04 2.58419e-01
4.67121e+04 2.69032e-01
4.67256e+04 2.79451e-01
4.67391e+04 2.89518e-01
4.67526e+04 2.99522e-01
4.67661e+04 3.09061e-01
4.67796e+04 3.18166e-01
4.67931e+04 3.27048e-01
4.68067e+04 3.35134e-01
4.68202e+04 3.42840e-01
4.68337e+04 3.50200e-01
4.68472e+04 3.56612e-01
4.68607e+04 3.62691e-01
4.68742e+04 3.68236e-01
4.68877e+04 3.73063e-01
4.69012e+04 3.77552e-01
4.69148e+04 3.81411e-01
4.69283e+04 3.84745e-01
4.69418e+04 3.87771e-01
4.69553e+04 3.90205e-01
4.69688e+04 3.92312e-01
4.69823e+04 3.94593e-01
4.69958e+04 3.95923e-01
4.70093e+04 3.97078e-01
4.70229e+04 3.97984e-01
4.70364e+04 3.98593e-01
4.70499e+04 3.99072e-01
4.70634e+04 3.99342e-01
4.70769e+04 3.99489e-01
4.70904e+04 3.99560e-01
4.71039e+04 3.99500e-01
4.71174e+04 3.99423e-01
4.71310e+04 3.99290e-01
4.71445e+04 3.99105e-01
4.71580e+04 3.98898e-01
4.71715e+04 3.98652e-01
4.71850e+04 3.98387e-01
4.71985e+04 3.98115e-01
4.72120e+04 3.97795e-01
4.72255e+04 3.97458e-01
4.72391e+04 3.97112e-01
4.72526e+04 3.96762e-01
4.72661e+04 3.96420e-01
4.72796e+04 3.96088e-01
4.72931e+04 3.95755e-01
4.73066e+04 3.95426e-01
4.73201e+04 3.95113e-01
4.73336e+04 3.94821e-01
4.73471e+04 3.94852e-01
4.73607e+04 3.94695e-01
4.73742e+04 3.94419e-01
4.73877e+04 3.94149e-01
4.74012e+04 3.93894e-01
4.74147e+04 3.93643e-01
4.74282e+04 3.93375e-01
4.74417e+04 3.93104e-01
4.74552e+04 3.92831e-01
4.74688e+04 3.92549e-01
4.74823e+04 3.92255e-01
4.74958e+04 3.91940e-01
4.75093e+04 3.91622e-01
4.75228e+04 3.91305e-01
4.75363e+04 3.90987e-01
4.75498e+04 3.90656e-01
4.75633e+04 3.90314e-01
4.75769e+04 3.89982e-01
4.75904e+04 3.89654e-01
4.76039e+04 3.89332e-01
4.76174e+04 3.89001e-01
4.76309e+04 3.88651e-01
4.76444e+04 3.88310e-01
4.76579e+04 3.87977e-01
4.76714e+04 3.87651e-01
4.76850e+04 3.87308e-01
4.76985e+04 3.86964e-01
4.77120e+04 3.86630e-01
4.77255e+04 3.86297e-01
4.77390e+04 3.85966e-01
4.77525e+04 3.85632e-01
4.77660e+04 3.85311e-01
4.77795e+04 3.85014e-01
4.77931e+04 3.84726e-01
4.78066e+04 3.84439e-01
4.78201e+04 3.84161e-01
4.78336e+04 3.83902e-01
4.78471e+04 3.83669e-01
4.78606e+04 3.83441e-01
4.78741e+04 3.83217e-01
4.78876e+04 3.83003e-01
4.79012e+04 3.82807e-01
4.79147e+04 3.82631e-01
4.79282e+04 3.82441e-01
4.79417e+04 3.82251e-01
4.79552e+04 3.82060e-01
4.79687e+04 3.81881e-01
4.79822e+04 3.81711e-01
4.79957e+04 3.81522e-01
4.80093e+04 3.81339e-01
4.80228e+04 3.81164e-01
4.80363e+04 3.81004e-01
4.80498e+04 3.80851e-01
4.80633e+04 3.80675e-01
4.80768e+04 3.80501e-01
4.80903e+04 3.80747e-01
4.81038e+04 3.80576e-01
4.81174e+04 3.80398e-01
4.81309e+04 3.80184e-01
4.81444e+04 3.79971e-01
4.81579e+04 3.79760e-01
4.81714e+04 3.79542e-01
4.81849e+04 3.79315e-01
4.81984e+04 3.79043e-01
4.82119e+04 3.78776e-01
4.82255e+04 3.78509e-01
4.82390e+04 3.78229e-01
4.82525e+04 3.77940e-01
4.82660e+04 3.77617e-01
4.82795e+04 3.77304e-01
4.82930e+04 3.77001e-01
4.83065e+04 3.76693e-01
4.83200e+04 3.76378e-01
4.83335e+04 3.76040e-01
4.83471e+04 3.75710e-01
4.83606e+04 3.75388e-01
4.83741e+04 3.75058e-01
4.83876e+04 3.74722e-01
4.84011e+04 3.74364e-01
4.84146e+04 3.74012e-01
4.84281e+04 3.73670e-01
4.84416e+04 3.73303e-01
4.84552e+04 3.72926e-01
4.84687e+04 3.72525e-01
4.84822e+04 3.72131e-01
4.84957e+04 3.71744e-01
4.85092e+04 3.71338e-01
4.85227e+04 3.70924e-01
4.85362e+04 3.70500e-01
4.85497e+04 3.70080e-01
4.85633e+04 3.69670e-01
4.85768e+04 3.69230e-01
4.85903e+04 3.68779e-01
4.86038e+04 3.68315e-01
4.86173e+04 3.67845e-01
4.86308e+04 3.67370e-01
4.86443e+04 3.66846e-01
4.86578e+04 3.66298e-01
4.86714e+04 3.65729e-01
4.86849e+04 3.65156e-01
4.86984e+04 3.64574e-01
4.87119e+04 3.63951e-01
4.87254e+04 3.63301e-01
4.87389e+04 3.62649e-01
4.87524e+04 3.61995e-01
4.87659e+04 3.61572e-01
4.87795e+04 3.61053e-01
4.87930e+04 3.60208e-01
4.88065e+04 3.59381e-01
4.88200e+04 3.58562e-01
4.88335e+04 3.57751e-01
4.88470e+04 3.56935e-01
4.88605e+04 3.56113e-01
4.88740e+04 3.55327e-01
4.88876e+04 3.54557e-01
4.89011e+04 3.53800e-01
4.89146e+04 3.53043e-01
4.89281e+04 3.52290e-01
4.89416e+04 3.51581e-01
4.89551e+04 3.50902e-01
4.89686e+04 3.50248e-01
4.89821e+04 3.49602e-01
4.89957e+04 3.48983e-01
4.90092e+04 3.48401e-01
4.90227e+04 3.47866e-01
4.90362e+04 3.47337e-01
4.90497e+04 3.46809e-01
4.90632e+04 3.46286e-01
4.90767e+04 3.45770e-01
4.90902e+04 3.45271e-01
4.91038e+04 3.44724e-01
4.91173e+04 3.44142e-01
4.91308e+04 3.43471e-01
4.91443e+04 3.42765e-01
4.91578e+04 3.41942e-01
4.91713e+04 3.41006e-01
4.91848e+04 3.39904e-01
4.91983e+04 3.38609e-01
4.92118e+04 3.37225e-01
4.92254e+04 3.35529e-01
4.92389e+04 3.33722e-01
4.92524e+04 3.31555e-01
4.92659e+04 3.29182e-01
4.92794e+04 3.26604e-01
4.92929e+04 3.23690e-01
4.93064e+04 3.20697e-01
4.93199e+04 3.17185e-01
4.93335e+04 3.13607e-01
4.93470e+04 3.09758e-01
4.93605e+04 3.05741e-01
4.93740e+04 3.01627e-01
4.93875e+04 2.97214e-01
4.94010e+04 2.92835e-01
4.94145e+04 2.88397e-01
4.94280e+04 2.84053e-01
4.94416e+04 2.79495e-01
4.94551e+04 2.74937e-01
4.94686e+04 2.70452e-01
4.94821e+04 2.66021e-01
4.94956e+04 2.61766e-01
4.95091e+04 2.57573e-01
4.95226e+04 2.53536e-01
4.95361e+04 2.49597e-01
4.95497e+04 2.45831e-01
4.95632e+04 2.42242e-01
4.95767e+04 2.38776e-01
4.95902e+04 2.35470e-01
4.96037e+04 2.32247e-01
4.96172e+04 2.29181e-01
4.96307e+04 2.26258e-01
4.96442e+04 2.23431e-01
4.96578e+04 2.20701e-01
4.96713e+04 2.18005e-01
4.96848e+04 2.15401e-01
4.96983e+04 2.12847e-01
4.97118e+04 2.10351e-01
4.97253e+04 2.07839e-01
4.97388e+04 2.05325e-01
4.97523e+04 2.02812e-01
4.97659e+04 2.00274e-01
4.97794e+04 1.97777e-01
4.97929e+04 1.95105e-01
4.98064e+04 1.92442e-01
4.98199e+04 1.89643e-01
4.98334e+04 1.86804e-01
4.98469e+04 1.83899e-01
4.98604e+04 1.80822e-01
4.98740e+04 1.77704e-01
4.98875e+04 1.74345e-01
4.99010e+04 1.70992e-01
4.99145e+04 1.67426e-01
4.99280e+04 1.63801e-01
4.99415e+04 1.59991e-01
4.99550e+04 1.56059e-01
4.99685e+04 1.52069e-01
4.99821e+04 1.47897e-01
4.99956e+04 1.43773e-01
5.00091e+04 1.39351e-01
5.00226e+04 1.35002e-01
5.00361e+04 1.30514e-01
5.00496e+04 1.26039e-01
5.00631e+04 1.21538e-01
5.00766e+04 1.16964e-01
5.00901e+04 1.12563e-01
5.01037e+04 1.07970e-01
5.01172e+04 1.03517e-01
5.01307e+04 9.90158e-02
5.01442e+04 9.46428e-02
5.01577e+04 9.02711e-02
5.01712e+04 8.60186e-02
5.01847e+04 8.18767e-02
5.01982e+04 7.78333e-02
5.02118e+04 7.39453e-02
5.02253e+04 7.01088e-02
5.02388e+04 6.64489e-02
5.02523e+04 6.29004e-02
5.02658e+04 5.95217e-02
5.02793e+04 5.62688e-02
5.02928e+04 5.31509e-02
5.03063e+04 5.01596e-02
5.03199e+04 4.73218e-02
5.03334e+04 4.46384e-02
5.03469e+04 4.20821e-02
5.03604e+04 3.96671e-02
5.03739e+04 3.73440e-02
5.03874e+04 3.51591e-02
5.04009e+04 3.31047e-02
5.04144e+04 3.11671e-02
5.04280e+04 2.93382e-02
5.04415e+04 2.76046e-02
5.04550e+04 2.59666e-02
5.04685e+04 2.44427e-02
5.04820e+04 2.30131e-02
5.04955e+04 2.16617e-02
5.05090e+04 2.03880e-02
5.05225e+04 1.91786e-02
5.05361e+04 1.80506e-02
5.05496e+04 1.70063e-02
5.05631e+04 1.60215e-02
5.05766e+04 1.50931e-02
5.05901e+04 1.42142e-02
5.06036e+04 1.33851e-02
5.06171e+04 1.26264e-02
5.06306e+04 1.19146e-02
5.06442e+04 1.12428e-02
5.06577e+04 1.06084e-02
5.06712e+04 1.00076e-02
5.06847e+04 9.44902e-03
5.06982e+04 8.93490e-03
5.07117e+04 8.44477e-03
5.07252e+04 7.97823e-03
5.07387e+04 7.53830e-03
5.07523e+04 7.12316e-03
5.07658e+04 6.74796e-03
5.07793e+04 6.40168e-03
5.07928e+04 6.05772e-03
5.08063e+04 5.73237e-03
5.08198e+04 5.42654e-03
5.08333e+04 5.14279e-03
5.08468e+04 4.88468e-03
5.08604e+04 4.63419e-03
5.08739e+04 4.39114e-03
5.08874e+04 4.16401e-03
5.09009e+04 3.95035e-03
5.09144e+04 3.75778e-03
5.09279e+04 3.57732e-03
5.09414e+04 3.39398e-03
5.09549e+04 3.22009e-03
5.09684e+04 3.06027e-03
5.09820e+04 2.91070e-03
5.09955e+04 2.77536e-03
