# Filter name : JWST/NIRCam.F250M
# Description : NIRCam F250M filter
# Photometric system : NIRCam
# FilterType : photon
# Band name : ------
# Observatory : JWST
# Instrument : NIRCam
# Comments : includes NIRCam optics, DBS, QE and JWST Optical Telescope Element
# 
2.37551e+04 1.07045e-04
2.37671e+04 1.45178e-04
2.37791e+04 1.85769e-04
2.37911e+04 2.40840e-04
2.38031e+04 3.12019e-04
2.38152e+04 3.98983e-04
2.38272e+04 5.06634e-04
2.38392e+04 6.40750e-04
2.38512e+04 8.09355e-04
2.38632e+04 1.01700e-03
2.38752e+04 1.28451e-03
2.38872e+04 1.62052e-03
2.38992e+04 2.04708e-03
2.39112e+04 2.59079e-03
2.39232e+04 3.28686e-03
2.39353e+04 4.19312e-03
2.39473e+04 5.37280e-03
2.39593e+04 6.91475e-03
2.39713e+04 8.95136e-03
2.39833e+04 1.16533e-02
2.39953e+04 1.52514e-02
2.40073e+04 2.00345e-02
2.40193e+04 2.63824e-02
2.40313e+04 3.47689e-02
2.40433e+04 4.57316e-02
2.40553e+04 5.98474e-02
2.40674e+04 7.76469e-02
2.40794e+04 9.95236e-02
2.40914e+04 1.25582e-01
2.41034e+04 1.55405e-01
2.41154e+04 1.87978e-01
2.41274e+04 2.21705e-01
2.41394e+04 2.54570e-01
2.41514e+04 2.84486e-01
2.41634e+04 3.09842e-01
2.41754e+04 3.29849e-01
2.41875e+04 3.44519e-01
2.41995e+04 3.54576e-01
2.42115e+04 3.61288e-01
2.42235e+04 3.65878e-01
2.42355e+04 3.68541e-01
2.42475e+04 3.70314e-01
2.42595e+04 3.71653e-01
2.42715e+04 3.72821e-01
2.42835e+04 3.73969e-01
2.42955e+04 3.75193e-01
2.43076e+04 3.76513e-01
2.43196e+04 3.77895e-01
2.43316e+04 3.79286e-01
2.43436e+04 3.80640e-01
2.43556e+04 3.81931e-01
2.43676e+04 3.83136e-01
2.43796e+04 3.84285e-01
2.43916e+04 3.85290e-01
2.44036e+04 3.86145e-01
2.44156e+04 3.86837e-01
2.44276e+04 3.87415e-01
2.44397e+04 3.87864e-01
2.44517e+04 3.88204e-01
2.44637e+04 3.88444e-01
2.44757e+04 3.88357e-01
2.44877e+04 3.88259e-01
2.44997e+04 3.88088e-01
2.45117e+04 3.87843e-01
2.45237e+04 3.87571e-01
2.45357e+04 3.87272e-01
2.45477e+04 3.86963e-01
2.45598e+04 3.86806e-01
2.45718e+04 3.86651e-01
2.45838e+04 3.86512e-01
2.45958e+04 3.86392e-01
2.46078e+04 3.86257e-01
2.46198e+04 3.86125e-01
2.46318e+04 3.86038e-01
2.46438e+04 3.86001e-01
2.46558e+04 3.86005e-01
2.46678e+04 3.86050e-01
2.46798e+04 3.86159e-01
2.46919e+04 3.86439e-01
2.47039e+04 3.86710e-01
2.47159e+04 3.87099e-01
2.47279e+04 3.87563e-01
2.47399e+04 3.88512e-01
2.47519e+04 3.89231e-01
2.47639e+04 3.89949e-01
2.47759e+04 3.90717e-01
2.47879e+04 3.91508e-01
2.47999e+04 3.92366e-01
2.48120e+04 3.93029e-01
2.48240e+04 3.93499e-01
2.48360e+04 3.94308e-01
2.48480e+04 3.95018e-01
2.48600e+04 3.95722e-01
2.48720e+04 3.96382e-01
2.48840e+04 3.96948e-01
2.48960e+04 3.97422e-01
2.49080e+04 3.97814e-01
2.49200e+04 3.98099e-01
2.49321e+04 3.98377e-01
2.49441e+04 3.98617e-01
2.49561e+04 3.98741e-01
2.49681e+04 3.98799e-01
2.49801e+04 3.98731e-01
2.49921e+04 3.98555e-01
2.50041e+04 3.98328e-01
2.50161e+04 3.98025e-01
2.50281e+04 3.97631e-01
2.50401e+04 3.97208e-01
2.50521e+04 3.96743e-01
2.50642e+04 3.96238e-01
2.50762e+04 3.95731e-01
2.50882e+04 3.95237e-01
2.51002e+04 3.94727e-01
2.51122e+04 3.94248e-01
2.51242e+04 3.93876e-01
2.51362e+04 3.93604e-01
2.51482e+04 3.93369e-01
2.51602e+04 3.93194e-01
2.51722e+04 3.93052e-01
2.51843e+04 3.92945e-01
2.51963e+04 3.92896e-01
2.52083e+04 3.92899e-01
2.52203e+04 3.92929e-01
2.52323e+04 3.93004e-01
2.52443e+04 3.93107e-01
2.52563e+04 3.93218e-01
2.52683e+04 3.93360e-01
2.52803e+04 3.93524e-01
2.52923e+04 3.93660e-01
2.53044e+04 3.93821e-01
2.53164e+04 3.94028e-01
2.53284e+04 3.94315e-01
2.53404e+04 3.94600e-01
2.53524e+04 3.94874e-01
2.53644e+04 3.95095e-01
2.53764e+04 3.95297e-01
2.53884e+04 3.95485e-01
2.54004e+04 3.95623e-01
2.54124e+04 3.95719e-01
2.54244e+04 3.95792e-01
2.54365e+04 3.95815e-01
2.54485e+04 3.95803e-01
2.54605e+04 3.95773e-01
2.54725e+04 3.95685e-01
2.54845e+04 3.95567e-01
2.54965e+04 3.95422e-01
2.55085e+04 3.95191e-01
2.55205e+04 3.94974e-01
2.55325e+04 3.94782e-01
2.55445e+04 3.94463e-01
2.55566e+04 3.94060e-01
2.55686e+04 3.93571e-01
2.55806e+04 3.92954e-01
2.55926e+04 3.92239e-01
2.56046e+04 3.91434e-01
2.56166e+04 3.90512e-01
2.56286e+04 3.89524e-01
2.56406e+04 3.88517e-01
2.56526e+04 3.87437e-01
2.56646e+04 3.86403e-01
2.56767e+04 3.85458e-01
2.56887e+04 3.84588e-01
2.57007e+04 3.83973e-01
2.57127e+04 3.83967e-01
2.57247e+04 3.83839e-01
2.57367e+04 3.84132e-01
2.57487e+04 3.84719e-01
2.57607e+04 3.85522e-01
2.57727e+04 3.86444e-01
2.57847e+04 3.87090e-01
2.57967e+04 3.87614e-01
2.58088e+04 3.87396e-01
2.58208e+04 3.85817e-01
2.58328e+04 3.82365e-01
2.58448e+04 3.76469e-01
2.58568e+04 3.67363e-01
2.58688e+04 3.54829e-01
2.58808e+04 3.38600e-01
2.58928e+04 3.18626e-01
2.59048e+04 2.95261e-01
2.59168e+04 2.69093e-01
2.59289e+04 2.40771e-01
2.59409e+04 2.11495e-01
2.59529e+04 1.81672e-01
2.59649e+04 1.53537e-01
2.59769e+04 1.27952e-01
2.59889e+04 1.05071e-01
2.60009e+04 8.52662e-02
2.60129e+04 6.85904e-02
2.60249e+04 5.48441e-02
2.60369e+04 4.37742e-02
2.60490e+04 3.49595e-02
2.60610e+04 2.78677e-02
2.60730e+04 2.23317e-02
2.60850e+04 1.79562e-02
2.60970e+04 1.44816e-02
2.61090e+04 1.17388e-02
2.61210e+04 9.55625e-03
2.61330e+04 7.80662e-03
2.61450e+04 6.41752e-03
2.61570e+04 5.29072e-03
2.61690e+04 4.38844e-03
2.61811e+04 3.65894e-03
2.61931e+04 3.05666e-03
2.62051e+04 2.57316e-03
2.62171e+04 2.17032e-03
2.62291e+04 1.83642e-03
2.62411e+04 1.57054e-03
2.62531e+04 1.34532e-03
2.62651e+04 1.15871e-03
2.62771e+04 1.00350e-03
2.62891e+04 8.66369e-04
2.63012e+04 7.57953e-04
2.63132e+04 6.64461e-04
2.63252e+04 5.81108e-04
2.63372e+04 5.21327e-04
2.63492e+04 4.59942e-04
2.63612e+04 4.07772e-04
2.63732e+04 3.66687e-04
2.63852e+04 3.28487e-04
2.63972e+04 3.02875e-04
2.64092e+04 2.74869e-04
2.64213e+04 2.47124e-04
2.64333e+04 2.31262e-04
2.64453e+04 2.11020e-04
2.64573e+04 1.92723e-04
2.64693e+04 1.79200e-04
2.64813e+04 1.63120e-04
2.64933e+04 1.53746e-04
2.65053e+04 1.38720e-04
2.65173e+04 1.30200e-04
2.65293e+04 1.26668e-04
2.65413e+04 1.12803e-04
2.65534e+04 1.06621e-04
2.65654e+04 1.01511e-04
