# Filter name : JWST/NIRCam.F150W2
# Description : NIRCam F150W2 filter
# Photometric system : NIRCam
# FilterType : photon
# Band name : ------
# Observatory : JWST
# Instrument : NIRCam
# Comments : includes NIRCam optics, DBS, QE and JWST Optical Telescope Element
# 
9.22000e+03 5.71418e-04
9.23000e+03 6.47327e-04
9.24000e+03 7.66054e-04
9.25000e+03 8.53317e-04
9.26000e+03 8.61670e-04
9.27000e+03 9.87578e-04
9.28000e+03 1.12447e-03
9.29000e+03 1.24343e-03
9.30000e+03 1.27515e-03
9.31000e+03 1.36398e-03
9.32000e+03 1.54040e-03
9.33000e+03 1.70559e-03
9.34000e+03 1.78869e-03
9.35000e+03 1.83500e-03
9.36000e+03 1.93462e-03
9.37000e+03 2.05859e-03
9.38000e+03 2.15732e-03
9.39000e+03 2.23874e-03
9.40000e+03 2.26787e-03
9.41000e+03 2.26867e-03
9.42000e+03 2.27156e-03
9.43000e+03 2.31001e-03
9.44000e+03 2.27512e-03
9.45000e+03 2.23144e-03
9.46000e+03 2.17543e-03
9.47000e+03 2.10915e-03
9.48000e+03 2.01797e-03
9.49000e+03 1.94135e-03
9.50000e+03 1.85740e-03
9.51000e+03 1.76654e-03
9.52000e+03 1.71605e-03
9.53000e+03 1.64825e-03
9.54000e+03 1.54633e-03
9.55000e+03 1.48429e-03
9.56000e+03 1.44583e-03
9.57000e+03 1.39829e-03
9.58000e+03 1.35044e-03
9.59000e+03 1.34238e-03
9.60000e+03 1.33296e-03
9.61000e+03 1.36753e-03
9.62000e+03 1.45439e-03
9.63000e+03 1.56185e-03
9.64000e+03 1.62518e-03
9.65000e+03 1.74067e-03
9.66000e+03 1.91211e-03
9.67000e+03 2.11781e-03
9.68000e+03 2.33938e-03
9.69000e+03 2.63663e-03
9.70000e+03 3.05437e-03
9.71000e+03 3.52707e-03
9.72000e+03 4.08593e-03
9.73000e+03 4.78281e-03
9.74000e+03 5.64694e-03
9.75000e+03 6.62465e-03
9.76000e+03 7.87900e-03
9.77000e+03 9.36066e-03
9.78000e+03 1.11271e-02
9.79000e+03 1.31484e-02
9.80000e+03 1.57258e-02
9.81000e+03 1.85516e-02
9.82000e+03 2.18960e-02
9.83000e+03 2.56667e-02
9.84000e+03 2.99526e-02
9.85000e+03 3.50523e-02
9.86000e+03 4.04010e-02
9.87000e+03 4.62096e-02
9.88000e+03 5.23904e-02
9.89000e+03 5.97454e-02
9.90000e+03 6.74261e-02
9.91000e+03 7.53459e-02
9.92000e+03 8.47337e-02
9.93000e+03 9.37999e-02
9.94000e+03 1.02863e-01
9.95000e+03 1.11801e-01
9.96000e+03 1.22667e-01
9.97000e+03 1.33355e-01
9.98000e+03 1.44136e-01
9.99000e+03 1.54884e-01
1.00000e+04 1.64669e-01
1.00100e+04 1.74201e-01
1.00200e+04 1.83834e-01
1.00300e+04 1.93596e-01
1.00400e+04 2.03387e-01
1.00500e+04 2.12138e-01
1.00600e+04 2.20220e-01
1.00700e+04 2.26666e-01
1.00800e+04 2.33667e-01
1.00900e+04 2.40028e-01
1.01000e+04 2.46148e-01
1.01100e+04 2.52517e-01
1.01200e+04 2.58666e-01
1.01300e+04 2.63874e-01
1.01400e+04 2.68395e-01
1.01500e+04 2.72745e-01
1.01600e+04 2.75612e-01
1.01700e+04 2.78584e-01
1.01800e+04 2.82135e-01
1.01900e+04 2.85800e-01
1.02000e+04 2.89156e-01
1.02100e+04 2.92237e-01
1.02200e+04 2.95182e-01
1.02300e+04 2.96474e-01
1.02400e+04 2.98149e-01
1.02500e+04 2.98929e-01
1.02600e+04 2.99814e-01
1.02700e+04 3.00842e-01
1.02800e+04 3.02431e-01
1.02900e+04 3.04141e-01
1.03000e+04 3.04930e-01
1.03100e+04 3.05735e-01
1.03200e+04 3.06569e-01
1.03300e+04 3.06936e-01
1.03400e+04 3.07671e-01
1.03500e+04 3.08227e-01
1.03600e+04 3.08956e-01
1.03700e+04 3.10140e-01
1.03800e+04 3.10529e-01
1.03900e+04 3.10791e-01
1.04000e+04 3.09972e-01
1.04100e+04 3.10107e-01
1.04200e+04 3.10037e-01
1.04300e+04 3.11025e-01
1.04400e+04 3.11955e-01
1.04500e+04 3.12693e-01
1.04600e+04 3.12476e-01
1.04700e+04 3.12512e-01
1.04800e+04 3.13549e-01
1.04900e+04 3.13433e-01
1.05000e+04 3.13093e-01
1.05100e+04 3.13345e-01
1.05200e+04 3.14730e-01
1.05300e+04 3.15794e-01
1.05400e+04 3.15867e-01
1.05500e+04 3.16015e-01
1.05600e+04 3.14751e-01
1.05700e+04 3.14056e-01
1.05800e+04 3.13780e-01
1.05900e+04 3.14174e-01
1.06000e+04 3.15079e-01
1.06100e+04 3.15414e-01
1.06200e+04 3.16364e-01
1.06300e+04 3.16826e-01
1.06400e+04 3.17492e-01
1.06500e+04 3.17466e-01
1.06600e+04 3.18532e-01
1.06700e+04 3.19484e-01
1.06800e+04 3.20600e-01
1.06900e+04 3.21657e-01
1.07000e+04 3.21309e-01
1.07100e+04 3.21185e-01
1.07200e+04 3.21884e-01
1.07300e+04 3.22405e-01
1.07400e+04 3.22990e-01
1.07500e+04 3.23847e-01
1.07600e+04 3.25818e-01
1.07700e+04 3.26575e-01
1.07800e+04 3.27171e-01
1.07900e+04 3.28549e-01
1.08000e+04 3.29247e-01
1.08100e+04 3.29797e-01
1.08200e+04 3.30388e-01
1.08300e+04 3.30745e-01
1.08400e+04 3.31033e-01
1.08500e+04 3.31897e-01
1.08600e+04 3.33219e-01
1.08700e+04 3.34566e-01
1.08800e+04 3.34652e-01
1.08900e+04 3.34452e-01
1.09000e+04 3.34220e-01
1.09100e+04 3.34966e-01
1.09200e+04 3.36972e-01
1.09300e+04 3.38273e-01
1.09400e+04 3.38790e-01
1.09500e+04 3.38134e-01
1.09600e+04 3.38251e-01
1.09700e+04 3.38390e-01
1.09800e+04 3.38670e-01
1.09900e+04 3.39074e-01
1.10000e+04 3.39744e-01
1.10100e+04 3.40529e-01
1.10200e+04 3.40601e-01
1.10300e+04 3.40364e-01
1.10400e+04 3.40770e-01
1.10500e+04 3.40651e-01
1.10600e+04 3.40413e-01
1.10700e+04 3.40479e-01
1.10800e+04 3.42041e-01
1.10900e+04 3.41754e-01
1.11000e+04 3.41413e-01
1.11100e+04 3.41552e-01
1.11200e+04 3.42003e-01
1.11300e+04 3.41746e-01
1.11400e+04 3.41763e-01
1.11500e+04 3.42839e-01
1.11600e+04 3.43468e-01
1.11700e+04 3.43720e-01
1.11800e+04 3.44348e-01
1.11900e+04 3.44607e-01
1.12000e+04 3.44040e-01
1.12100e+04 3.43034e-01
1.12200e+04 3.43162e-01
1.12300e+04 3.42818e-01
1.12400e+04 3.43052e-01
1.12500e+04 3.44512e-01
1.12600e+04 3.45855e-01
1.12700e+04 3.45727e-01
1.12800e+04 3.45241e-01
1.12900e+04 3.45126e-01
1.13000e+04 3.46661e-01
1.13100e+04 3.48074e-01
1.13200e+04 3.49181e-01
1.13300e+04 3.49035e-01
1.13400e+04 3.49228e-01
1.13500e+04 3.49664e-01
1.13600e+04 3.50150e-01
1.13700e+04 3.50629e-01
1.13800e+04 3.51497e-01
1.13900e+04 3.51410e-01
1.14000e+04 3.52074e-01
1.14100e+04 3.53707e-01
1.14200e+04 3.55340e-01
1.14300e+04 3.55816e-01
1.14400e+04 3.55265e-01
1.14500e+04 3.55192e-01
1.14600e+04 3.55428e-01
1.14700e+04 3.56705e-01
1.14800e+04 3.58346e-01
1.14900e+04 3.58376e-01
1.15000e+04 3.58401e-01
1.15100e+04 3.58470e-01
1.15200e+04 3.59592e-01
1.15300e+04 3.59778e-01
1.15400e+04 3.59898e-01
1.15500e+04 3.60718e-01
1.15600e+04 3.60915e-01
1.15700e+04 3.62168e-01
1.15800e+04 3.62910e-01
1.15900e+04 3.63552e-01
1.16000e+04 3.63356e-01
1.16100e+04 3.62883e-01
1.16200e+04 3.63363e-01
1.16300e+04 3.64129e-01
1.16400e+04 3.65073e-01
1.16500e+04 3.65390e-01
1.16600e+04 3.65272e-01
1.16700e+04 3.64882e-01
1.16800e+04 3.64540e-01
1.16900e+04 3.64242e-01
1.17000e+04 3.63704e-01
1.17100e+04 3.63283e-01
1.17200e+04 3.62487e-01
1.17300e+04 3.62396e-01
1.17400e+04 3.61723e-01
1.17500e+04 3.61390e-01
1.17600e+04 3.59241e-01
1.17700e+04 3.57148e-01
1.17800e+04 3.54880e-01
1.17900e+04 3.52094e-01
1.18000e+04 3.49005e-01
1.18100e+04 3.45548e-01
1.18200e+04 3.41469e-01
1.18300e+04 3.35536e-01
1.18400e+04 3.27882e-01
1.18500e+04 3.20414e-01
1.18600e+04 3.11940e-01
1.18700e+04 3.02452e-01
1.18800e+04 2.91802e-01
1.18900e+04 2.81742e-01
1.19000e+04 2.72264e-01
1.19100e+04 2.61559e-01
1.19200e+04 2.50611e-01
1.19300e+04 2.40452e-01
1.19400e+04 2.31238e-01
1.19500e+04 2.23379e-01
1.19600e+04 2.17038e-01
1.19700e+04 2.12545e-01
1.19800e+04 2.11109e-01
1.19900e+04 2.11979e-01
1.20000e+04 2.13660e-01
1.20100e+04 2.16552e-01
1.20200e+04 2.21341e-01
1.20300e+04 2.28325e-01
1.20400e+04 2.36530e-01
1.20500e+04 2.45486e-01
1.20600e+04 2.55864e-01
1.20700e+04 2.66552e-01
1.20800e+04 2.77329e-01
1.20900e+04 2.88728e-01
1.21000e+04 3.01092e-01
1.21100e+04 3.12435e-01
1.21200e+04 3.22436e-01
1.21300e+04 3.32241e-01
1.21400e+04 3.40879e-01
1.21500e+04 3.48123e-01
1.21600e+04 3.54135e-01
1.21700e+04 3.59986e-01
1.21800e+04 3.65443e-01
1.21900e+04 3.69613e-01
1.22000e+04 3.72130e-01
1.22100e+04 3.73490e-01
1.22200e+04 3.75281e-01
1.22300e+04 3.76748e-01
1.22400e+04 3.77041e-01
1.22500e+04 3.77277e-01
1.22600e+04 3.77872e-01
1.22700e+04 3.78642e-01
1.22800e+04 3.78908e-01
1.22900e+04 3.78783e-01
1.23000e+04 3.78169e-01
1.23100e+04 3.77522e-01
1.23200e+04 3.77823e-01
1.23300e+04 3.78504e-01
1.23400e+04 3.78996e-01
1.23500e+04 3.78931e-01
1.23600e+04 3.78822e-01
1.23700e+04 3.79551e-01
1.23800e+04 3.79450e-01
1.23900e+04 3.79259e-01
1.24000e+04 3.79208e-01
1.24100e+04 3.79776e-01
1.24200e+04 3.80923e-01
1.24300e+04 3.81276e-01
1.24400e+04 3.81444e-01
1.24500e+04 3.80864e-01
1.24600e+04 3.80875e-01
1.24700e+04 3.80629e-01
1.24800e+04 3.80791e-01
1.24900e+04 3.81215e-01
1.25000e+04 3.81834e-01
1.25100e+04 3.82028e-01
1.25200e+04 3.82021e-01
1.25300e+04 3.82238e-01
1.25400e+04 3.81847e-01
1.25500e+04 3.81761e-01
1.25600e+04 3.81582e-01
1.25700e+04 3.81540e-01
1.25800e+04 3.81638e-01
1.25900e+04 3.82518e-01
1.26000e+04 3.82973e-01
1.26100e+04 3.83048e-01
1.26200e+04 3.82902e-01
1.26300e+04 3.82538e-01
1.26400e+04 3.82452e-01
1.26500e+04 3.82870e-01
1.26600e+04 3.83238e-01
1.26700e+04 3.83534e-01
1.26800e+04 3.83083e-01
1.26900e+04 3.82359e-01
1.27000e+04 3.81649e-01
1.27100e+04 3.81642e-01
1.27200e+04 3.81530e-01
1.27300e+04 3.81314e-01
1.27400e+04 3.81201e-01
1.27500e+04 3.81637e-01
1.27600e+04 3.81716e-01
1.27700e+04 3.82025e-01
1.27800e+04 3.82047e-01
1.27900e+04 3.81532e-01
1.28000e+04 3.81115e-01
1.28100e+04 3.82163e-01
1.28200e+04 3.82808e-01
1.28300e+04 3.83482e-01
1.28400e+04 3.83770e-01
1.28500e+04 3.84069e-01
1.28600e+04 3.83715e-01
1.28700e+04 3.83208e-01
1.28800e+04 3.82899e-01
1.28900e+04 3.82765e-01
1.29000e+04 3.82422e-01
1.29100e+04 3.82145e-01
1.29200e+04 3.82864e-01
1.29300e+04 3.83647e-01
1.29400e+04 3.83584e-01
1.29500e+04 3.82890e-01
1.29600e+04 3.82448e-01
1.29700e+04 3.83671e-01
1.29800e+04 3.85875e-01
1.29900e+04 3.88569e-01
1.30000e+04 3.89120e-01
1.30100e+04 3.88986e-01
1.30200e+04 3.88043e-01
1.30300e+04 3.87800e-01
1.30400e+04 3.87736e-01
1.30500e+04 3.88357e-01
1.30600e+04 3.88658e-01
1.30700e+04 3.89057e-01
1.30800e+04 3.89572e-01
1.30900e+04 3.90176e-01
1.31000e+04 3.90332e-01
1.31100e+04 3.90840e-01
1.31200e+04 3.90970e-01
1.31300e+04 3.91517e-01
1.31400e+04 3.91587e-01
1.31500e+04 3.92509e-01
1.31600e+04 3.93127e-01
1.31700e+04 3.92893e-01
1.31800e+04 3.92275e-01
1.31900e+04 3.92662e-01
1.32000e+04 3.93190e-01
1.32100e+04 3.93232e-01
1.32200e+04 3.92433e-01
1.32300e+04 3.92665e-01
1.32400e+04 3.94409e-01
1.32500e+04 3.95660e-01
1.32600e+04 3.95417e-01
1.32700e+04 3.94792e-01
1.32800e+04 3.94180e-01
1.32900e+04 3.93843e-01
1.33000e+04 3.94477e-01
1.33100e+04 3.95366e-01
1.33200e+04 3.96012e-01
1.33300e+04 3.95706e-01
1.33400e+04 3.95000e-01
1.33500e+04 3.94691e-01
1.33600e+04 3.94811e-01
1.33700e+04 3.95688e-01
1.33800e+04 3.96238e-01
1.33900e+04 3.96292e-01
1.34000e+04 3.96434e-01
1.34100e+04 3.97302e-01
1.34200e+04 3.97816e-01
1.34300e+04 3.97971e-01
1.34400e+04 3.97812e-01
1.34500e+04 3.97534e-01
1.34600e+04 3.98032e-01
1.34700e+04 3.98428e-01
1.34800e+04 3.99539e-01
1.34900e+04 4.00274e-01
1.35000e+04 3.99726e-01
1.35100e+04 3.99219e-01
1.35200e+04 3.98718e-01
1.35300e+04 3.98903e-01
1.35400e+04 4.00117e-01
1.35500e+04 4.00812e-01
1.35600e+04 4.01023e-01
1.35700e+04 4.01137e-01
1.35800e+04 4.01545e-01
1.35900e+04 4.01090e-01
1.36000e+04 3.99954e-01
1.36100e+04 3.99198e-01
1.36200e+04 3.99651e-01
1.36300e+04 4.00383e-01
1.36400e+04 4.00854e-01
1.36500e+04 4.00785e-01
1.36600e+04 3.99679e-01
1.36700e+04 3.97714e-01
1.36800e+04 3.96389e-01
1.36900e+04 3.95947e-01
1.37000e+04 3.96879e-01
1.37100e+04 3.96827e-01
1.37200e+04 3.95811e-01
1.37300e+04 3.94331e-01
1.37400e+04 3.92782e-01
1.37500e+04 3.91626e-01
1.37600e+04 3.91125e-01
1.37700e+04 3.90436e-01
1.37800e+04 3.89075e-01
1.37900e+04 3.87850e-01
1.38000e+04 3.87160e-01
1.38100e+04 3.86241e-01
1.38200e+04 3.85693e-01
1.38300e+04 3.84514e-01
1.38400e+04 3.83360e-01
1.38500e+04 3.83498e-01
1.38600e+04 3.84052e-01
1.38700e+04 3.84465e-01
1.38800e+04 3.83942e-01
1.38900e+04 3.83571e-01
1.39000e+04 3.84471e-01
1.39100e+04 3.84980e-01
1.39200e+04 3.85027e-01
1.39300e+04 3.85905e-01
1.39400e+04 3.87191e-01
1.39500e+04 3.88534e-01
1.39600e+04 3.88622e-01
1.39700e+04 3.88952e-01
1.39800e+04 3.90736e-01
1.39900e+04 3.91649e-01
1.40000e+04 3.92415e-01
1.40100e+04 3.93358e-01
1.40200e+04 3.94173e-01
1.40300e+04 3.94652e-01
1.40400e+04 3.95292e-01
1.40500e+04 3.95738e-01
1.40600e+04 3.95949e-01
1.40700e+04 3.96139e-01
1.40800e+04 3.97040e-01
1.40900e+04 3.98131e-01
1.41000e+04 3.99204e-01
1.41100e+04 4.00161e-01
1.41200e+04 4.01275e-01
1.41300e+04 4.01933e-01
1.41400e+04 4.02606e-01
1.41500e+04 4.02162e-01
1.41600e+04 4.02478e-01
1.41700e+04 4.03546e-01
1.41800e+04 4.04416e-01
1.41900e+04 4.04311e-01
1.42000e+04 4.03225e-01
1.42100e+04 4.03009e-01
1.42200e+04 4.02231e-01
1.42300e+04 4.01152e-01
1.42400e+04 3.99287e-01
1.42500e+04 3.97502e-01
1.42600e+04 3.95530e-01
1.42700e+04 3.93139e-01
1.42800e+04 3.89739e-01
1.42900e+04 3.85779e-01
1.43000e+04 3.82491e-01
1.43100e+04 3.78258e-01
1.43200e+04 3.72937e-01
1.43300e+04 3.67680e-01
1.43400e+04 3.62235e-01
1.43500e+04 3.56172e-01
1.43600e+04 3.49130e-01
1.43700e+04 3.43306e-01
1.43800e+04 3.36246e-01
1.43900e+04 3.28637e-01
1.44000e+04 3.19515e-01
1.44100e+04 3.11865e-01
1.44200e+04 3.04912e-01
1.44300e+04 2.96706e-01
1.44400e+04 2.87992e-01
1.44500e+04 2.79531e-01
1.44600e+04 2.71232e-01
1.44700e+04 2.64243e-01
1.44800e+04 2.57655e-01
1.44900e+04 2.52245e-01
1.45000e+04 2.46795e-01
1.45100e+04 2.42360e-01
1.45200e+04 2.38667e-01
1.45300e+04 2.35157e-01
1.45400e+04 2.33070e-01
1.45500e+04 2.32598e-01
1.45600e+04 2.33804e-01
1.45700e+04 2.35192e-01
1.45800e+04 2.38018e-01
1.45900e+04 2.42386e-01
1.46000e+04 2.48101e-01
1.46100e+04 2.54343e-01
1.46200e+04 2.61048e-01
1.46300e+04 2.69350e-01
1.46400e+04 2.78407e-01
1.46500e+04 2.90005e-01
1.46600e+04 3.01125e-01
1.46700e+04 3.12483e-01
1.46800e+04 3.21660e-01
1.46900e+04 3.31586e-01
1.47000e+04 3.41466e-01
1.47100e+04 3.51990e-01
1.47200e+04 3.62765e-01
1.47300e+04 3.72943e-01
1.47400e+04 3.82410e-01
1.47500e+04 3.89942e-01
1.47600e+04 3.97127e-01
1.47700e+04 4.02228e-01
1.47800e+04 4.06906e-01
1.47900e+04 4.10579e-01
1.48000e+04 4.14668e-01
1.48100e+04 4.17683e-01
1.48200e+04 4.20151e-01
1.48300e+04 4.22328e-01
1.48400e+04 4.24694e-01
1.48500e+04 4.24860e-01
1.48600e+04 4.25321e-01
1.48700e+04 4.24691e-01
1.48800e+04 4.25232e-01
1.48900e+04 4.25931e-01
1.49000e+04 4.27334e-01
1.49100e+04 4.27975e-01
1.49200e+04 4.28099e-01
1.49300e+04 4.27625e-01
1.49400e+04 4.26521e-01
1.49500e+04 4.26364e-01
1.49600e+04 4.25986e-01
1.49700e+04 4.27071e-01
1.49800e+04 4.28136e-01
1.49900e+04 4.28736e-01
1.50000e+04 4.28263e-01
1.50100e+04 4.28269e-01
1.50200e+04 4.28184e-01
1.50300e+04 4.27961e-01
1.50400e+04 4.27974e-01
1.50500e+04 4.28932e-01
1.50600e+04 4.30766e-01
1.50700e+04 4.30874e-01
1.50800e+04 4.31261e-01
1.50900e+04 4.31636e-01
1.51000e+04 4.31549e-01
1.51100e+04 4.32086e-01
1.51200e+04 4.32244e-01
1.51300e+04 4.32810e-01
1.51400e+04 4.33349e-01
1.51500e+04 4.33885e-01
1.51600e+04 4.34438e-01
1.51700e+04 4.34703e-01
1.51800e+04 4.34483e-01
1.51900e+04 4.33673e-01
1.52000e+04 4.32933e-01
1.52100e+04 4.32640e-01
1.52200e+04 4.33041e-01
1.52300e+04 4.34427e-01
1.52400e+04 4.35392e-01
1.52500e+04 4.35029e-01
1.52600e+04 4.34779e-01
1.52700e+04 4.35261e-01
1.52800e+04 4.36294e-01
1.52900e+04 4.36409e-01
1.53000e+04 4.37007e-01
1.53100e+04 4.36903e-01
1.53200e+04 4.38072e-01
1.53300e+04 4.38022e-01
1.53400e+04 4.37479e-01
1.53500e+04 4.37118e-01
1.53600e+04 4.36889e-01
1.53700e+04 4.37243e-01
1.53800e+04 4.37996e-01
1.53900e+04 4.38701e-01
1.54000e+04 4.38655e-01
1.54100e+04 4.38222e-01
1.54200e+04 4.37658e-01
1.54300e+04 4.36187e-01
1.54400e+04 4.35280e-01
1.54500e+04 4.34916e-01
1.54600e+04 4.36107e-01
1.54700e+04 4.36769e-01
1.54800e+04 4.37130e-01
1.54900e+04 4.37288e-01
1.55000e+04 4.36821e-01
1.55100e+04 4.35905e-01
1.55200e+04 4.35741e-01
1.55300e+04 4.36202e-01
1.55400e+04 4.36266e-01
1.55500e+04 4.36957e-01
1.55600e+04 4.37484e-01
1.55700e+04 4.37002e-01
1.55800e+04 4.35471e-01
1.55900e+04 4.34165e-01
1.56000e+04 4.34045e-01
1.56100e+04 4.34430e-01
1.56200e+04 4.34872e-01
1.56300e+04 4.35402e-01
1.56400e+04 4.36869e-01
1.56500e+04 4.36831e-01
1.56600e+04 4.35255e-01
1.56700e+04 4.34225e-01
1.56800e+04 4.33999e-01
1.56900e+04 4.34425e-01
1.57000e+04 4.34807e-01
1.57100e+04 4.35325e-01
1.57200e+04 4.36218e-01
1.57300e+04 4.36457e-01
1.57400e+04 4.36177e-01
1.57500e+04 4.35447e-01
1.57600e+04 4.35469e-01
1.57700e+04 4.35797e-01
1.57800e+04 4.36399e-01
1.57900e+04 4.37347e-01
1.58000e+04 4.38264e-01
1.58100e+04 4.38951e-01
1.58200e+04 4.37286e-01
1.58300e+04 4.36156e-01
1.58400e+04 4.36428e-01
1.58500e+04 4.37668e-01
1.58600e+04 4.37543e-01
1.58700e+04 4.36972e-01
1.58800e+04 4.37122e-01
1.58900e+04 4.36691e-01
1.59000e+04 4.36258e-01
1.59100e+04 4.35271e-01
1.59200e+04 4.35439e-01
1.59300e+04 4.35677e-01
1.59400e+04 4.36041e-01
1.59500e+04 4.36118e-01
1.59600e+04 4.36289e-01
1.59700e+04 4.37197e-01
1.59800e+04 4.36705e-01
1.59900e+04 4.36344e-01
1.60000e+04 4.36063e-01
1.60100e+04 4.36538e-01
1.60200e+04 4.37806e-01
1.60300e+04 4.39684e-01
1.60400e+04 4.41554e-01
1.60500e+04 4.40853e-01
1.60600e+04 4.39961e-01
1.60700e+04 4.39026e-01
1.60800e+04 4.38849e-01
1.60900e+04 4.39143e-01
1.61000e+04 4.40032e-01
1.61100e+04 4.40635e-01
1.61200e+04 4.39822e-01
1.61300e+04 4.40098e-01
1.61400e+04 4.40858e-01
1.61500e+04 4.41318e-01
1.61600e+04 4.39853e-01
1.61700e+04 4.39141e-01
1.61800e+04 4.39675e-01
1.61900e+04 4.40790e-01
1.62000e+04 4.41349e-01
1.62100e+04 4.41111e-01
1.62200e+04 4.39727e-01
1.62300e+04 4.38503e-01
1.62400e+04 4.37407e-01
1.62500e+04 4.38241e-01
1.62600e+04 4.39595e-01
1.62700e+04 4.40651e-01
1.62800e+04 4.40038e-01
1.62900e+04 4.40521e-01
1.63000e+04 4.39993e-01
1.63100e+04 4.37612e-01
1.63200e+04 4.35896e-01
1.63300e+04 4.36076e-01
1.63400e+04 4.37475e-01
1.63500e+04 4.38509e-01
1.63600e+04 4.40338e-01
1.63700e+04 4.40487e-01
1.63800e+04 4.40365e-01
1.63900e+04 4.39696e-01
1.64000e+04 4.40316e-01
1.64100e+04 4.41487e-01
1.64200e+04 4.42648e-01
1.64300e+04 4.42527e-01
1.64400e+04 4.42770e-01
1.64500e+04 4.42775e-01
1.64600e+04 4.43026e-01
1.64700e+04 4.42796e-01
1.64800e+04 4.43110e-01
1.64900e+04 4.42444e-01
1.65000e+04 4.42983e-01
1.65100e+04 4.44235e-01
1.65200e+04 4.45700e-01
1.65300e+04 4.45657e-01
1.65400e+04 4.44618e-01
1.65500e+04 4.44138e-01
1.65600e+04 4.43869e-01
1.65700e+04 4.43814e-01
1.65800e+04 4.43816e-01
1.65900e+04 4.44756e-01
1.66000e+04 4.45870e-01
1.66100e+04 4.45539e-01
1.66200e+04 4.44981e-01
1.66300e+04 4.44861e-01
1.66400e+04 4.43902e-01
1.66500e+04 4.43422e-01
1.66600e+04 4.43493e-01
1.66700e+04 4.44431e-01
1.66800e+04 4.44250e-01
1.66900e+04 4.44089e-01
1.67000e+04 4.42683e-01
1.67100e+04 4.41256e-01
1.67200e+04 4.39546e-01
1.67300e+04 4.39410e-01
1.67400e+04 4.41239e-01
1.67500e+04 4.42843e-01
1.67600e+04 4.43723e-01
1.67700e+04 4.43522e-01
1.67800e+04 4.43040e-01
1.67900e+04 4.42900e-01
1.68000e+04 4.44041e-01
1.68100e+04 4.43585e-01
1.68200e+04 4.42316e-01
1.68300e+04 4.42478e-01
1.68400e+04 4.43268e-01
1.68500e+04 4.44313e-01
1.68600e+04 4.43768e-01
1.68700e+04 4.42535e-01
1.68800e+04 4.41367e-01
1.68900e+04 4.41860e-01
1.69000e+04 4.42169e-01
1.69100e+04 4.42899e-01
1.69200e+04 4.43874e-01
1.69300e+04 4.45534e-01
1.69400e+04 4.45567e-01
1.69500e+04 4.45734e-01
1.69600e+04 4.44630e-01
1.69700e+04 4.45058e-01
1.69800e+04 4.45107e-01
1.69900e+04 4.45723e-01
1.70000e+04 4.46323e-01
1.70100e+04 4.47673e-01
1.70200e+04 4.47620e-01
1.70300e+04 4.46242e-01
1.70400e+04 4.44675e-01
1.70500e+04 4.43859e-01
1.70600e+04 4.44689e-01
1.70700e+04 4.45117e-01
1.70800e+04 4.45383e-01
1.70900e+04 4.45558e-01
1.71000e+04 4.45084e-01
1.71100e+04 4.44884e-01
1.71200e+04 4.44247e-01
1.71300e+04 4.43488e-01
1.71400e+04 4.43140e-01
1.71500e+04 4.43790e-01
1.71600e+04 4.44776e-01
1.71700e+04 4.45123e-01
1.71800e+04 4.46419e-01
1.71900e+04 4.46333e-01
1.72000e+04 4.45823e-01
1.72100e+04 4.44413e-01
1.72200e+04 4.45155e-01
1.72300e+04 4.45824e-01
1.72400e+04 4.46395e-01
1.72500e+04 4.47412e-01
1.72600e+04 4.48952e-01
1.72700e+04 4.50073e-01
1.72800e+04 4.48532e-01
1.72900e+04 4.47170e-01
1.73000e+04 4.45947e-01
1.73100e+04 4.46434e-01
1.73200e+04 4.46914e-01
1.73300e+04 4.47511e-01
1.73400e+04 4.47556e-01
1.73500e+04 4.47010e-01
1.73600e+04 4.46659e-01
1.73700e+04 4.46069e-01
1.73800e+04 4.46660e-01
1.73900e+04 4.47098e-01
1.74000e+04 4.47592e-01
1.74100e+04 4.47674e-01
1.74200e+04 4.48033e-01
1.74300e+04 4.48934e-01
1.74400e+04 4.48647e-01
1.74500e+04 4.47907e-01
1.74600e+04 4.47194e-01
1.74700e+04 4.47110e-01
1.74800e+04 4.47129e-01
1.74900e+04 4.48092e-01
1.75000e+04 4.49805e-01
1.75100e+04 4.50068e-01
1.75200e+04 4.49375e-01
1.75300e+04 4.48554e-01
1.75400e+04 4.48082e-01
1.75500e+04 4.48666e-01
1.75600e+04 4.49187e-01
1.75700e+04 4.50282e-01
1.75800e+04 4.49959e-01
1.75900e+04 4.50386e-01
1.76000e+04 4.50456e-01
1.76100e+04 4.49777e-01
1.76200e+04 4.48584e-01
1.76300e+04 4.48520e-01
1.76400e+04 4.49453e-01
1.76500e+04 4.50577e-01
1.76600e+04 4.51374e-01
1.76700e+04 4.51704e-01
1.76800e+04 4.50492e-01
1.76900e+04 4.49624e-01
1.77000e+04 4.48704e-01
1.77100e+04 4.49393e-01
1.77200e+04 4.49686e-01
1.77300e+04 4.49365e-01
1.77400e+04 4.50040e-01
1.77500e+04 4.52434e-01
1.77600e+04 4.57096e-01
1.77700e+04 4.55435e-01
1.77800e+04 4.51926e-01
1.77900e+04 4.48966e-01
1.78000e+04 4.51067e-01
1.78100e+04 4.52141e-01
1.78200e+04 4.53350e-01
1.78300e+04 4.54308e-01
1.78400e+04 4.54160e-01
1.78500e+04 4.52865e-01
1.78600e+04 4.52045e-01
1.78700e+04 4.52257e-01
1.78800e+04 4.52892e-01
1.78900e+04 4.53626e-01
1.79000e+04 4.54042e-01
1.79100e+04 4.54032e-01
1.79200e+04 4.53337e-01
1.79300e+04 4.52066e-01
1.79400e+04 4.51310e-01
1.79500e+04 4.51193e-01
1.79600e+04 4.50534e-01
1.79700e+04 4.50967e-01
1.79800e+04 4.51878e-01
1.79900e+04 4.53497e-01
1.80000e+04 4.53515e-01
1.80100e+04 4.53423e-01
1.80200e+04 4.53203e-01
1.80300e+04 4.52945e-01
1.80400e+04 4.52963e-01
1.80500e+04 4.53348e-01
1.80600e+04 4.54590e-01
1.80700e+04 4.55486e-01
1.80800e+04 4.55805e-01
1.80900e+04 4.55499e-01
1.81000e+04 4.55402e-01
1.81100e+04 4.55143e-01
1.81200e+04 4.55215e-01
1.81300e+04 4.56086e-01
1.81400e+04 4.58009e-01
1.81500e+04 4.58890e-01
1.81600e+04 4.58693e-01
1.81700e+04 4.58221e-01
1.81800e+04 4.57142e-01
1.81900e+04 4.55585e-01
1.82000e+04 4.54528e-01
1.82100e+04 4.54486e-01
1.82200e+04 4.55247e-01
1.82300e+04 4.55584e-01
1.82400e+04 4.55797e-01
1.82500e+04 4.55398e-01
1.82600e+04 4.54748e-01
1.82700e+04 4.53854e-01
1.82800e+04 4.53624e-01
1.82900e+04 4.53454e-01
1.83000e+04 4.53876e-01
1.83100e+04 4.54740e-01
1.83200e+04 4.55972e-01
1.83300e+04 4.55744e-01
1.83400e+04 4.54914e-01
1.83500e+04 4.54555e-01
1.83600e+04 4.54624e-01
1.83700e+04 4.54776e-01
1.83800e+04 4.55424e-01
1.83900e+04 4.57385e-01
1.84000e+04 4.57711e-01
1.84100e+04 4.56776e-01
1.84200e+04 4.55058e-01
1.84300e+04 4.54127e-01
1.84400e+04 4.53970e-01
1.84500e+04 4.54903e-01
1.84600e+04 4.56181e-01
1.84700e+04 4.56652e-01
1.84800e+04 4.56798e-01
1.84900e+04 4.56549e-01
1.85000e+04 4.55708e-01
1.85100e+04 4.54665e-01
1.85200e+04 4.54293e-01
1.85300e+04 4.54550e-01
1.85400e+04 4.55346e-01
1.85500e+04 4.56708e-01
1.85600e+04 4.56386e-01
1.85700e+04 4.55441e-01
1.85800e+04 4.54230e-01
1.85900e+04 4.53880e-01
1.86000e+04 4.53761e-01
1.86100e+04 4.53464e-01
1.86200e+04 4.54197e-01
1.86300e+04 4.55222e-01
1.86400e+04 4.56483e-01
1.86500e+04 4.56232e-01
1.86600e+04 4.55028e-01
1.86700e+04 4.53437e-01
1.86800e+04 4.53186e-01
1.86900e+04 4.54738e-01
1.87000e+04 4.55350e-01
1.87100e+04 4.55616e-01
1.87200e+04 4.55271e-01
1.87300e+04 4.56280e-01
1.87400e+04 4.57043e-01
1.87500e+04 4.56936e-01
1.87600e+04 4.56302e-01
1.87700e+04 4.56613e-01
1.87800e+04 4.57148e-01
1.87900e+04 4.57881e-01
1.88000e+04 4.58384e-01
1.88100e+04 4.57537e-01
1.88200e+04 4.55627e-01
1.88300e+04 4.54143e-01
1.88400e+04 4.54220e-01
1.88500e+04 4.54890e-01
1.88600e+04 4.55685e-01
1.88700e+04 4.56451e-01
1.88800e+04 4.56214e-01
1.88900e+04 4.55905e-01
1.89000e+04 4.54999e-01
1.89100e+04 4.54005e-01
1.89200e+04 4.54226e-01
1.89300e+04 4.54092e-01
1.89400e+04 4.54142e-01
1.89500e+04 4.55099e-01
1.89600e+04 4.56093e-01
1.89700e+04 4.56733e-01
1.89800e+04 4.55795e-01
1.89900e+04 4.54598e-01
1.90000e+04 4.53740e-01
1.90100e+04 4.54611e-01
1.90200e+04 4.55114e-01
1.90300e+04 4.55395e-01
1.90400e+04 4.55806e-01
1.90500e+04 4.56094e-01
1.90600e+04 4.55506e-01
1.90700e+04 4.55014e-01
1.90800e+04 4.55169e-01
1.90900e+04 4.56227e-01
1.91000e+04 4.57550e-01
1.91100e+04 4.58675e-01
1.91200e+04 4.59365e-01
1.91300e+04 4.59607e-01
1.91400e+04 4.58933e-01
1.91500e+04 4.58020e-01
1.91600e+04 4.56632e-01
1.91700e+04 4.56404e-01
1.91800e+04 4.57576e-01
1.91900e+04 4.58207e-01
1.92000e+04 4.58552e-01
1.92100e+04 4.57856e-01
1.92200e+04 4.57733e-01
1.92300e+04 4.56961e-01
1.92400e+04 4.56631e-01
1.92500e+04 4.55706e-01
1.92600e+04 4.55432e-01
1.92700e+04 4.56487e-01
1.92800e+04 4.57382e-01
1.92900e+04 4.57420e-01
1.93000e+04 4.56917e-01
1.93100e+04 4.56101e-01
1.93200e+04 4.54809e-01
1.93300e+04 4.53521e-01
1.93400e+04 4.54109e-01
1.93500e+04 4.55330e-01
1.93600e+04 4.56600e-01
1.93700e+04 4.56533e-01
1.93800e+04 4.56839e-01
1.93900e+04 4.56402e-01
1.94000e+04 4.56113e-01
1.94100e+04 4.55846e-01
1.94200e+04 4.56940e-01
1.94300e+04 4.58249e-01
1.94400e+04 4.59377e-01
1.94500e+04 4.60293e-01
1.94600e+04 4.61036e-01
1.94700e+04 4.60559e-01
1.94800e+04 4.59291e-01
1.94900e+04 4.58240e-01
1.95000e+04 4.58527e-01
1.95100e+04 4.59591e-01
1.95200e+04 4.60354e-01
1.95300e+04 4.60113e-01
1.95400e+04 4.59798e-01
1.95500e+04 4.59324e-01
1.95600e+04 4.59115e-01
1.95700e+04 4.58685e-01
1.95800e+04 4.57585e-01
1.95900e+04 4.55984e-01
1.96000e+04 4.54904e-01
1.96100e+04 4.55431e-01
1.96200e+04 4.57387e-01
1.96300e+04 4.59001e-01
1.96400e+04 4.59566e-01
1.96500e+04 4.59226e-01
1.96600e+04 4.59895e-01
1.96700e+04 4.61098e-01
1.96800e+04 4.61937e-01
1.96900e+04 4.61521e-01
1.97000e+04 4.60586e-01
1.97100e+04 4.60666e-01
1.97200e+04 4.60256e-01
1.97300e+04 4.60406e-01
1.97400e+04 4.60008e-01
1.97500e+04 4.60292e-01
1.97600e+04 4.60641e-01
1.97700e+04 4.60997e-01
1.97800e+04 4.61606e-01
1.97900e+04 4.62335e-01
1.98000e+04 4.62192e-01
1.98100e+04 4.61982e-01
1.98200e+04 4.61830e-01
1.98300e+04 4.62155e-01
1.98400e+04 4.62456e-01
1.98500e+04 4.63138e-01
1.98600e+04 4.63602e-01
1.98700e+04 4.64336e-01
1.98800e+04 4.63965e-01
1.98900e+04 4.64197e-01
1.99000e+04 4.63751e-01
1.99100e+04 4.64062e-01
1.99200e+04 4.64279e-01
1.99300e+04 4.64281e-01
1.99400e+04 4.63716e-01
1.99500e+04 4.61637e-01
1.99600e+04 4.59643e-01
1.99700e+04 4.58011e-01
1.99800e+04 4.60042e-01
1.99900e+04 4.61641e-01
2.00000e+04 4.62206e-01
2.00100e+04 4.61529e-01
2.00200e+04 4.61141e-01
2.00300e+04 4.60616e-01
2.00400e+04 4.60409e-01
2.00500e+04 4.60778e-01
2.00600e+04 4.60903e-01
2.00700e+04 4.61908e-01
2.00800e+04 4.62040e-01
2.00900e+04 4.62273e-01
2.01000e+04 4.61540e-01
2.01100e+04 4.60542e-01
2.01200e+04 4.60122e-01
2.01300e+04 4.60202e-01
2.01400e+04 4.60740e-01
2.01500e+04 4.60166e-01
2.01600e+04 4.60206e-01
2.01700e+04 4.60286e-01
2.01800e+04 4.60307e-01
2.01900e+04 4.59602e-01
2.02000e+04 4.58307e-01
2.02100e+04 4.58394e-01
2.02200e+04 4.59902e-01
2.02300e+04 4.60799e-01
2.02400e+04 4.60640e-01
2.02500e+04 4.59336e-01
2.02600e+04 4.59265e-01
2.02700e+04 4.59487e-01
2.02800e+04 4.59248e-01
2.02900e+04 4.58730e-01
2.03000e+04 4.59725e-01
2.03100e+04 4.61062e-01
2.03200e+04 4.61623e-01
2.03300e+04 4.60930e-01
2.03400e+04 4.60272e-01
2.03500e+04 4.60461e-01
2.03600e+04 4.60511e-01
2.03700e+04 4.60356e-01
2.03800e+04 4.60478e-01
2.03900e+04 4.61367e-01
2.04000e+04 4.60549e-01
2.04100e+04 4.59473e-01
2.04200e+04 4.59085e-01
2.04300e+04 4.59278e-01
2.04400e+04 4.59277e-01
2.04500e+04 4.59201e-01
2.04600e+04 4.58730e-01
2.04700e+04 4.59030e-01
2.04800e+04 4.58984e-01
2.04900e+04 4.58799e-01
2.05000e+04 4.59064e-01
2.05100e+04 4.58482e-01
2.05200e+04 4.57773e-01
2.05300e+04 4.57272e-01
2.05400e+04 4.57959e-01
2.05500e+04 4.58377e-01
2.05600e+04 4.59244e-01
2.05700e+04 4.59460e-01
2.05800e+04 4.60391e-01
2.05900e+04 4.60667e-01
2.06000e+04 4.59893e-01
2.06100e+04 4.59811e-01
2.06200e+04 4.59617e-01
2.06300e+04 4.60849e-01
2.06400e+04 4.60869e-01
2.06500e+04 4.60455e-01
2.06600e+04 4.59812e-01
2.06700e+04 4.59496e-01
2.06800e+04 4.59349e-01
2.06900e+04 4.58922e-01
2.07000e+04 4.59817e-01
2.07100e+04 4.60553e-01
2.07200e+04 4.62685e-01
2.07300e+04 4.63061e-01
2.07400e+04 4.63196e-01
2.07500e+04 4.63993e-01
2.07600e+04 4.63947e-01
2.07700e+04 4.62849e-01
2.07800e+04 4.61167e-01
2.07900e+04 4.61715e-01
2.08000e+04 4.63160e-01
2.08100e+04 4.64608e-01
2.08200e+04 4.64838e-01
2.08300e+04 4.65285e-01
2.08400e+04 4.65841e-01
2.08500e+04 4.64964e-01
2.08600e+04 4.65351e-01
2.08700e+04 4.65383e-01
2.08800e+04 4.66385e-01
2.08900e+04 4.64980e-01
2.09000e+04 4.63231e-01
2.09100e+04 4.62038e-01
2.09200e+04 4.62514e-01
2.09300e+04 4.63388e-01
2.09400e+04 4.63711e-01
2.09500e+04 4.62453e-01
2.09600e+04 4.61915e-01
2.09700e+04 4.62974e-01
2.09800e+04 4.63891e-01
2.09900e+04 4.63597e-01
2.10000e+04 4.62623e-01
2.10100e+04 4.62034e-01
2.10200e+04 4.61595e-01
2.10300e+04 4.60862e-01
2.10400e+04 4.60195e-01
2.10500e+04 4.61282e-01
2.10600e+04 4.61550e-01
2.10700e+04 4.61287e-01
2.10800e+04 4.61305e-01
2.10900e+04 4.61538e-01
2.11000e+04 4.61908e-01
2.11100e+04 4.60898e-01
2.11200e+04 4.59719e-01
2.11300e+04 4.59834e-01
2.11400e+04 4.60798e-01
2.11500e+04 4.60484e-01
2.11600e+04 4.60639e-01
2.11700e+04 4.60745e-01
2.11800e+04 4.61347e-01
2.11900e+04 4.62137e-01
2.12000e+04 4.63053e-01
2.12100e+04 4.63928e-01
2.12200e+04 4.64552e-01
2.12300e+04 4.63995e-01
2.12400e+04 4.63903e-01
2.12500e+04 4.65114e-01
2.12600e+04 4.66591e-01
2.12700e+04 4.66641e-01
2.12800e+04 4.65655e-01
2.12900e+04 4.65205e-01
2.13000e+04 4.66419e-01
2.13100e+04 4.67463e-01
2.13200e+04 4.67351e-01
2.13300e+04 4.66615e-01
2.13400e+04 4.65431e-01
2.13500e+04 4.66016e-01
2.13600e+04 4.65706e-01
2.13700e+04 4.65353e-01
2.13800e+04 4.64816e-01
2.13900e+04 4.63748e-01
2.14000e+04 4.62534e-01
2.14100e+04 4.61703e-01
2.14200e+04 4.62149e-01
2.14300e+04 4.62055e-01
2.14400e+04 4.61800e-01
2.14500e+04 4.60838e-01
2.14600e+04 4.60819e-01
2.14700e+04 4.61020e-01
2.14800e+04 4.61389e-01
2.14900e+04 4.62709e-01
2.15000e+04 4.62333e-01
2.15100e+04 4.61472e-01
2.15200e+04 4.60048e-01
2.15300e+04 4.59272e-01
2.15400e+04 4.59001e-01
2.15500e+04 4.59196e-01
2.15600e+04 4.59727e-01
2.15700e+04 4.58826e-01
2.15800e+04 4.58043e-01
2.15900e+04 4.58367e-01
2.16000e+04 4.59145e-01
2.16100e+04 4.59311e-01
2.16200e+04 4.58334e-01
2.16300e+04 4.58310e-01
2.16400e+04 4.57902e-01
2.16500e+04 4.56492e-01
2.16600e+04 4.55137e-01
2.16700e+04 4.55328e-01
2.16800e+04 4.55700e-01
2.16900e+04 4.54880e-01
2.17000e+04 4.54057e-01
2.17100e+04 4.53575e-01
2.17200e+04 4.54362e-01
2.17300e+04 4.54214e-01
2.17400e+04 4.54256e-01
2.17500e+04 4.53505e-01
2.17600e+04 4.51530e-01
2.17700e+04 4.49176e-01
2.17800e+04 4.47338e-01
2.17900e+04 4.45740e-01
2.18000e+04 4.43962e-01
2.18100e+04 4.42628e-01
2.18200e+04 4.41727e-01
2.18300e+04 4.40519e-01
2.18400e+04 4.38658e-01
2.18500e+04 4.35286e-01
2.18600e+04 4.32655e-01
2.18700e+04 4.29567e-01
2.18800e+04 4.28091e-01
2.18900e+04 4.25242e-01
2.19000e+04 4.23693e-01
2.19100e+04 4.20241e-01
2.19200e+04 4.18146e-01
2.19300e+04 4.15226e-01
2.19400e+04 4.12704e-01
2.19500e+04 4.09139e-01
2.19600e+04 4.06486e-01
2.19700e+04 4.03876e-01
2.19800e+04 4.00265e-01
2.19900e+04 3.96344e-01
2.20000e+04 3.93569e-01
2.20100e+04 3.90001e-01
2.20200e+04 3.85904e-01
2.20300e+04 3.81343e-01
2.20400e+04 3.77907e-01
2.20500e+04 3.75284e-01
2.20600e+04 3.73410e-01
2.20700e+04 3.71235e-01
2.20800e+04 3.68977e-01
2.20900e+04 3.65964e-01
2.21000e+04 3.63738e-01
2.21100e+04 3.62248e-01
2.21200e+04 3.61884e-01
2.21300e+04 3.61607e-01
2.21400e+04 3.60756e-01
2.21500e+04 3.59437e-01
2.21600e+04 3.59102e-01
2.21700e+04 3.59562e-01
2.21800e+04 3.60175e-01
2.21900e+04 3.60188e-01
2.22000e+04 3.60423e-01
2.22100e+04 3.60989e-01
2.22200e+04 3.61114e-01
2.22300e+04 3.62835e-01
2.22400e+04 3.63807e-01
2.22500e+04 3.64425e-01
2.22600e+04 3.64148e-01
2.22700e+04 3.64355e-01
2.22800e+04 3.65041e-01
2.22900e+04 3.66427e-01
2.23000e+04 3.68118e-01
2.23100e+04 3.69212e-01
2.23200e+04 3.70039e-01
2.23300e+04 3.71331e-01
2.23400e+04 3.72772e-01
2.23500e+04 3.73909e-01
2.23600e+04 3.75321e-01
2.23700e+04 3.75953e-01
2.23800e+04 3.76412e-01
2.23900e+04 3.77625e-01
2.24000e+04 3.79409e-01
2.24100e+04 3.79205e-01
2.24200e+04 3.78057e-01
2.24300e+04 3.77580e-01
2.24400e+04 3.78765e-01
2.24500e+04 3.80357e-01
2.24600e+04 3.81563e-01
2.24700e+04 3.81722e-01
2.24800e+04 3.80660e-01
2.24900e+04 3.80346e-01
2.25000e+04 3.80693e-01
2.25100e+04 3.82298e-01
2.25200e+04 3.82197e-01
2.25300e+04 3.81745e-01
2.25400e+04 3.81503e-01
2.25500e+04 3.82135e-01
2.25600e+04 3.83190e-01
2.25700e+04 3.83729e-01
2.25800e+04 3.83879e-01
2.25900e+04 3.84083e-01
2.26000e+04 3.84797e-01
2.26100e+04 3.85327e-01
2.26200e+04 3.86597e-01
2.26300e+04 3.87227e-01
2.26400e+04 3.87183e-01
2.26500e+04 3.87044e-01
2.26600e+04 3.88605e-01
2.26700e+04 3.89600e-01
2.26800e+04 3.90311e-01
2.26900e+04 3.91304e-01
2.27000e+04 3.93119e-01
2.27100e+04 3.95045e-01
2.27200e+04 3.97103e-01
2.27300e+04 3.98208e-01
2.27400e+04 3.98876e-01
2.27500e+04 3.99647e-01
2.27600e+04 4.00575e-01
2.27700e+04 4.01666e-01
2.27800e+04 4.02357e-01
2.27900e+04 4.02987e-01
2.28000e+04 4.03101e-01
2.28100e+04 4.03573e-01
2.28200e+04 4.05331e-01
2.28300e+04 4.07588e-01
2.28400e+04 4.09464e-01
2.28500e+04 4.09747e-01
2.28600e+04 4.09997e-01
2.28700e+04 4.10719e-01
2.28800e+04 4.12186e-01
2.28900e+04 4.13260e-01
2.29000e+04 4.14046e-01
2.29100e+04 4.14084e-01
2.29200e+04 4.13940e-01
2.29300e+04 4.14671e-01
2.29400e+04 4.16796e-01
2.29500e+04 4.18355e-01
2.29600e+04 4.18444e-01
2.29700e+04 4.18198e-01
2.29800e+04 4.18171e-01
2.29900e+04 4.19757e-01
2.30000e+04 4.20758e-01
2.30100e+04 4.20496e-01
2.30200e+04 4.19345e-01
2.30300e+04 4.18703e-01
2.30400e+04 4.19192e-01
2.30500e+04 4.19555e-01
2.30600e+04 4.19234e-01
2.30700e+04 4.18156e-01
2.30800e+04 4.17420e-01
2.30900e+04 4.17169e-01
2.31000e+04 4.16455e-01
2.31100e+04 4.14890e-01
2.31200e+04 4.12360e-01
2.31300e+04 4.08370e-01
2.31400e+04 4.03870e-01
2.31500e+04 3.98925e-01
2.31600e+04 3.95142e-01
2.31700e+04 3.90786e-01
2.31800e+04 3.84931e-01
2.31900e+04 3.77540e-01
2.32000e+04 3.69437e-01
2.32100e+04 3.61048e-01
2.32200e+04 3.52827e-01
2.32300e+04 3.43957e-01
2.32400e+04 3.33387e-01
2.32500e+04 3.22316e-01
2.32600e+04 3.11793e-01
2.32700e+04 3.01280e-01
2.32800e+04 2.91266e-01
2.32900e+04 2.80827e-01
2.33000e+04 2.70269e-01
2.33100e+04 2.58997e-01
2.33200e+04 2.48978e-01
2.33300e+04 2.39107e-01
2.33400e+04 2.28793e-01
2.33500e+04 2.17788e-01
2.33600e+04 2.07173e-01
2.33700e+04 1.97702e-01
2.33800e+04 1.89110e-01
2.33900e+04 1.81422e-01
2.34000e+04 1.74574e-01
2.34100e+04 1.68801e-01
2.34200e+04 1.64262e-01
2.34300e+04 1.60709e-01
2.34400e+04 1.58250e-01
2.34500e+04 1.56232e-01
2.34600e+04 1.54940e-01
2.34700e+04 1.54019e-01
2.34800e+04 1.53767e-01
2.34900e+04 1.53511e-01
2.35000e+04 1.52819e-01
2.35100e+04 1.51822e-01
2.35200e+04 1.50255e-01
2.35300e+04 1.48558e-01
2.35400e+04 1.46234e-01
2.35500e+04 1.43532e-01
2.35600e+04 1.40057e-01
2.35700e+04 1.35723e-01
2.35800e+04 1.30835e-01
2.35900e+04 1.25327e-01
2.36000e+04 1.19443e-01
2.36100e+04 1.12653e-01
2.36200e+04 1.05281e-01
2.36300e+04 9.72066e-02
2.36400e+04 8.91304e-02
2.36500e+04 8.10662e-02
2.36600e+04 7.29642e-02
2.36700e+04 6.49289e-02
2.36800e+04 5.70279e-02
2.36900e+04 4.95261e-02
2.37000e+04 4.26128e-02
2.37100e+04 3.64114e-02
2.37200e+04 3.09247e-02
2.37300e+04 2.61153e-02
2.37400e+04 2.21110e-02
2.37500e+04 2.03084e-02
2.37600e+04 1.87366e-02
2.37700e+04 1.74840e-02
2.37800e+04 1.65572e-02
2.37900e+04 1.58987e-02
2.38000e+04 1.54694e-02
2.38100e+04 1.37928e-02
2.38200e+04 1.24420e-02
2.38300e+04 1.13210e-02
2.38400e+04 1.03282e-02
2.38500e+04 9.50481e-03
2.38600e+04 8.76872e-03
2.38700e+04 8.11216e-03
2.38800e+04 7.50601e-03
2.38900e+04 6.90398e-03
2.39000e+04 6.34104e-03
2.39100e+04 5.82074e-03
2.39200e+04 5.34397e-03
2.39300e+04 4.89315e-03
2.39400e+04 4.45435e-03
2.39500e+04 4.02715e-03
2.39600e+04 3.63524e-03
2.39700e+04 3.28656e-03
2.39800e+04 2.96866e-03
2.39900e+04 2.67027e-03
2.40000e+04 2.39048e-03
2.40100e+04 2.13020e-03
2.40200e+04 1.89543e-03
2.40300e+04 1.68292e-03
2.40400e+04 1.49141e-03
2.40500e+04 1.31243e-03
2.40600e+04 1.15253e-03
2.40700e+04 1.01036e-03
2.40800e+04 8.86148e-04
2.40900e+04 7.75146e-04
2.41000e+04 6.76611e-04
2.41100e+04 5.88205e-04
2.41200e+04 5.09899e-04
2.41300e+04 4.42325e-04
2.41400e+04 3.84397e-04
2.41500e+04 3.34341e-04
2.41600e+04 2.90650e-04
2.41700e+04 2.52158e-04
2.41800e+04 2.18954e-04
2.41900e+04 1.90262e-04
2.42000e+04 1.65795e-04
2.42100e+04 1.44785e-04
2.42200e+04 1.26832e-04
2.42300e+04 1.11202e-04
