# Filter name : JWST/NIRCam.F335M
# Description : NIRCam F335M filter
# Photometric system : NIRCam
# FilterType : photon
# Band name : ------
# Observatory : JWST
# Instrument : NIRCam
# Comments : includes NIRCam optics, DBS, QE and JWST Optical Telescope Element
# 
3.02811e+04 1.03407e-04
3.02946e+04 1.09283e-04
3.03081e+04 1.13567e-04
3.03216e+04 1.15691e-04
3.03351e+04 1.18311e-04
3.03487e+04 1.22004e-04
3.03622e+04 1.26757e-04
3.03757e+04 1.32526e-04
3.03892e+04 1.35679e-04
3.04027e+04 1.41945e-04
3.04162e+04 1.46414e-04
3.04297e+04 1.54716e-04
3.04432e+04 1.61179e-04
3.04568e+04 1.71459e-04
3.04703e+04 1.81116e-04
3.04838e+04 1.92842e-04
3.04973e+04 2.01595e-04
3.05108e+04 2.11621e-04
3.05243e+04 2.23182e-04
3.05378e+04 2.36563e-04
3.05513e+04 2.50351e-04
3.05649e+04 2.62829e-04
3.05784e+04 2.76805e-04
3.05919e+04 2.93885e-04
3.06054e+04 3.12040e-04
3.06189e+04 3.30380e-04
3.06324e+04 3.51539e-04
3.06459e+04 3.73864e-04
3.06594e+04 3.98220e-04
3.06730e+04 4.19386e-04
3.06865e+04 4.43469e-04
3.07000e+04 4.66322e-04
3.07135e+04 4.93477e-04
3.07270e+04 5.21088e-04
3.07405e+04 5.51405e-04
3.07540e+04 5.80250e-04
3.07675e+04 6.15582e-04
3.07811e+04 6.49162e-04
3.07946e+04 6.86516e-04
3.08081e+04 7.24162e-04
3.08216e+04 7.64462e-04
3.08351e+04 8.04225e-04
3.08486e+04 8.52350e-04
3.08621e+04 9.01227e-04
3.08756e+04 9.53044e-04
3.08892e+04 1.00449e-03
3.09027e+04 1.06327e-03
3.09162e+04 1.12563e-03
3.09297e+04 1.19481e-03
3.09432e+04 1.26599e-03
3.09567e+04 1.34177e-03
3.09702e+04 1.42373e-03
3.09837e+04 1.51704e-03
3.09972e+04 1.62115e-03
3.10108e+04 1.73011e-03
3.10243e+04 1.84157e-03
3.10378e+04 1.96774e-03
3.10513e+04 2.10454e-03
3.10648e+04 2.25172e-03
3.10783e+04 2.41665e-03
3.10918e+04 2.59929e-03
3.11053e+04 2.80014e-03
3.11189e+04 3.02045e-03
3.11324e+04 3.26256e-03
3.11459e+04 3.53920e-03
3.11594e+04 3.84765e-03
3.11729e+04 4.18903e-03
3.11864e+04 4.56609e-03
3.11999e+04 4.98622e-03
3.12134e+04 5.46902e-03
3.12270e+04 6.00581e-03
3.12405e+04 6.60500e-03
3.12540e+04 7.28266e-03
3.12675e+04 8.04363e-03
3.12810e+04 8.89940e-03
3.12945e+04 9.86172e-03
3.13080e+04 1.09457e-02
3.13215e+04 1.21715e-02
3.13351e+04 1.35585e-02
3.13486e+04 1.51220e-02
3.13621e+04 1.68941e-02
3.13756e+04 1.88957e-02
3.13891e+04 2.11624e-02
3.14026e+04 2.37202e-02
3.14161e+04 2.66184e-02
3.14296e+04 2.98833e-02
3.14432e+04 3.35626e-02
3.14567e+04 3.76838e-02
3.14702e+04 4.22917e-02
3.14837e+04 4.74621e-02
3.14972e+04 5.31393e-02
3.15107e+04 5.93593e-02
3.15242e+04 6.61542e-02
3.15377e+04 7.35023e-02
3.15513e+04 8.13769e-02
3.15648e+04 8.97572e-02
3.15783e+04 9.85211e-02
3.15918e+04 1.07648e-01
3.16053e+04 1.17016e-01
3.16188e+04 1.26517e-01
3.16323e+04 1.36158e-01
3.16458e+04 1.45696e-01
3.16594e+04 1.55230e-01
3.16729e+04 1.64624e-01
3.16864e+04 1.73854e-01
3.16999e+04 1.82973e-01
3.17134e+04 1.91976e-01
3.17269e+04 2.01045e-01
3.17404e+04 2.09899e-01
3.17539e+04 2.18535e-01
3.17675e+04 2.27114e-01
3.17810e+04 2.35534e-01
3.17945e+04 2.43878e-01
3.18080e+04 2.52073e-01
3.18215e+04 2.60075e-01
3.18350e+04 2.67978e-01
3.18485e+04 2.75691e-01
3.18620e+04 2.83232e-01
3.18755e+04 2.90614e-01
3.18891e+04 2.97726e-01
3.19026e+04 3.04634e-01
3.19161e+04 3.11313e-01
3.19296e+04 3.17712e-01
3.19431e+04 3.23879e-01
3.19566e+04 3.29756e-01
3.19701e+04 3.35376e-01
3.19836e+04 3.41155e-01
3.19972e+04 3.46233e-01
3.20107e+04 3.51047e-01
3.20242e+04 3.55602e-01
3.20377e+04 3.59880e-01
3.20512e+04 3.63940e-01
3.20647e+04 3.67763e-01
3.20782e+04 3.71358e-01
3.20917e+04 3.74757e-01
3.21053e+04 3.77923e-01
3.21188e+04 3.80892e-01
3.21323e+04 3.83271e-01
3.21458e+04 3.85874e-01
3.21593e+04 3.88334e-01
3.21728e+04 3.90633e-01
3.21863e+04 3.92772e-01
3.21998e+04 3.94780e-01
3.22134e+04 3.96951e-01
3.22269e+04 3.99156e-01
3.22404e+04 4.00954e-01
3.22539e+04 4.02640e-01
3.22674e+04 4.04217e-01
3.22809e+04 4.05719e-01
3.22944e+04 4.07146e-01
3.23079e+04 4.08365e-01
3.23215e+04 4.09419e-01
3.23350e+04 4.10418e-01
3.23485e+04 4.11356e-01
3.23620e+04 4.12258e-01
3.23755e+04 4.13097e-01
3.23890e+04 4.13898e-01
3.24025e+04 4.14637e-01
3.24160e+04 4.15294e-01
3.24296e+04 4.15914e-01
3.24431e+04 4.16662e-01
3.24566e+04 4.17571e-01
3.24701e+04 4.18106e-01
3.24836e+04 4.18613e-01
3.24971e+04 4.19074e-01
3.25106e+04 4.19615e-01
3.25241e+04 4.20172e-01
3.25377e+04 4.20728e-01
3.25512e+04 4.21263e-01
3.25647e+04 4.21788e-01
3.25782e+04 4.22296e-01
3.25917e+04 4.22810e-01
3.26052e+04 4.23289e-01
3.26187e+04 4.23711e-01
3.26322e+04 4.24129e-01
3.26458e+04 4.24537e-01
3.26593e+04 4.24952e-01
3.26728e+04 4.25511e-01
3.26863e+04 4.26299e-01
3.26998e+04 4.26725e-01
3.27133e+04 4.27055e-01
3.27268e+04 4.27373e-01
3.27403e+04 4.27697e-01
3.27539e+04 4.28029e-01
3.27674e+04 4.28377e-01
3.27809e+04 4.28740e-01
3.27944e+04 4.29111e-01
3.28079e+04 4.29491e-01
3.28214e+04 4.29869e-01
3.28349e+04 4.30258e-01
3.28484e+04 4.30647e-01
3.28619e+04 4.31058e-01
3.28755e+04 4.31471e-01
3.28890e+04 4.31893e-01
3.29025e+04 4.32832e-01
3.29160e+04 4.33271e-01
3.29295e+04 4.33714e-01
3.29430e+04 4.34151e-01
3.29565e+04 4.34593e-01
3.29700e+04 4.35026e-01
3.29836e+04 4.35479e-01
3.29971e+04 4.35920e-01
3.30106e+04 4.36244e-01
3.30241e+04 4.36543e-01
3.30376e+04 4.36848e-01
3.30511e+04 4.37153e-01
3.30646e+04 4.37446e-01
3.30781e+04 4.37741e-01
3.30917e+04 4.38025e-01
3.31052e+04 4.38292e-01
3.31187e+04 4.38971e-01
3.31322e+04 4.39283e-01
3.31457e+04 4.39524e-01
3.31592e+04 4.39760e-01
3.31727e+04 4.40000e-01
3.31862e+04 4.40235e-01
3.31998e+04 4.40474e-01
3.32133e+04 4.40652e-01
3.32268e+04 4.40842e-01
3.32403e+04 4.41043e-01
3.32538e+04 4.41259e-01
3.32673e+04 4.41490e-01
3.32808e+04 4.41722e-01
3.32943e+04 4.41956e-01
3.33079e+04 4.41862e-01
3.33214e+04 4.41553e-01
3.33349e+04 4.41260e-01
3.33484e+04 4.41426e-01
3.33619e+04 4.41246e-01
3.33754e+04 4.40989e-01
3.33889e+04 4.40749e-01
3.34024e+04 4.40302e-01
3.34160e+04 4.38910e-01
3.34295e+04 4.37508e-01
3.34430e+04 4.36121e-01
3.34565e+04 4.34749e-01
3.34700e+04 4.33387e-01
3.34835e+04 4.32031e-01
3.34970e+04 4.30673e-01
3.35105e+04 4.27778e-01
3.35241e+04 4.24438e-01
3.35376e+04 4.21100e-01
3.35511e+04 4.17746e-01
3.35646e+04 4.14382e-01
3.35781e+04 4.11014e-01
3.35916e+04 4.07638e-01
3.36051e+04 4.05748e-01
3.36186e+04 4.06268e-01
3.36322e+04 4.06775e-01
3.36457e+04 4.07265e-01
3.36592e+04 4.07744e-01
3.36727e+04 4.08214e-01
3.36862e+04 4.08674e-01
3.36997e+04 4.09126e-01
3.37132e+04 4.12931e-01
3.37267e+04 4.17117e-01
3.37402e+04 4.21622e-01
3.37538e+04 4.25472e-01
3.37673e+04 4.29309e-01
3.37808e+04 4.33137e-01
3.37943e+04 4.36964e-01
3.38078e+04 4.39226e-01
3.38213e+04 4.40351e-01
3.38348e+04 4.41474e-01
3.38483e+04 4.42602e-01
3.38619e+04 4.43721e-01
3.38754e+04 4.44830e-01
3.38889e+04 4.45942e-01
3.39024e+04 4.46790e-01
3.39159e+04 4.46456e-01
3.39294e+04 4.46124e-01
3.39429e+04 4.45793e-01
3.39564e+04 4.45466e-01
3.39700e+04 4.45131e-01
3.39835e+04 4.44801e-01
3.39970e+04 4.44477e-01
3.40105e+04 4.44129e-01
3.40240e+04 4.43778e-01
3.40375e+04 4.43431e-01
3.40510e+04 4.43099e-01
3.40645e+04 4.42774e-01
3.40781e+04 4.42468e-01
3.40916e+04 4.42253e-01
3.41051e+04 4.42468e-01
3.41186e+04 4.42374e-01
3.41321e+04 4.42284e-01
3.41456e+04 4.42198e-01
3.41591e+04 4.42561e-01
3.41726e+04 4.42516e-01
3.41862e+04 4.42429e-01
3.41997e+04 4.42332e-01
3.42132e+04 4.42593e-01
3.42267e+04 4.42851e-01
3.42402e+04 4.43096e-01
3.42537e+04 4.43321e-01
3.42672e+04 4.43529e-01
3.42807e+04 4.43734e-01
3.42943e+04 4.43926e-01
3.43078e+04 4.44023e-01
3.43213e+04 4.44064e-01
3.43348e+04 4.44096e-01
3.43483e+04 4.44067e-01
3.43618e+04 4.43944e-01
3.43753e+04 4.43750e-01
3.43888e+04 4.43535e-01
3.44024e+04 4.43272e-01
3.44159e+04 4.42833e-01
3.44294e+04 4.42379e-01
3.44429e+04 4.42428e-01
3.44564e+04 4.41947e-01
3.44699e+04 4.41447e-01
3.44834e+04 4.41108e-01
3.44969e+04 4.40926e-01
3.45105e+04 4.40621e-01
3.45240e+04 4.40383e-01
3.45375e+04 4.40153e-01
3.45510e+04 4.39947e-01
3.45645e+04 4.39773e-01
3.45780e+04 4.39634e-01
3.45915e+04 4.39531e-01
3.46050e+04 4.39602e-01
3.46185e+04 4.39959e-01
3.46321e+04 4.40372e-01
3.46456e+04 4.40843e-01
3.46591e+04 4.41378e-01
3.46726e+04 4.41975e-01
3.46861e+04 4.42640e-01
3.46996e+04 4.43371e-01
3.47131e+04 4.43868e-01
3.47266e+04 4.44425e-01
3.47402e+04 4.45035e-01
3.47537e+04 4.45699e-01
3.47672e+04 4.46780e-01
3.47807e+04 4.47670e-01
3.47942e+04 4.48656e-01
3.48077e+04 4.49912e-01
3.48212e+04 4.51015e-01
3.48347e+04 4.52081e-01
3.48483e+04 4.53089e-01
3.48618e+04 4.54019e-01
3.48753e+04 4.54828e-01
3.48888e+04 4.55498e-01
3.49023e+04 4.55984e-01
3.49158e+04 4.56353e-01
3.49293e+04 4.56476e-01
3.49428e+04 4.56303e-01
3.49564e+04 4.55806e-01
3.49699e+04 4.54925e-01
3.49834e+04 4.53620e-01
3.49969e+04 4.51825e-01
3.50104e+04 4.49468e-01
3.50239e+04 4.46578e-01
3.50374e+04 4.43138e-01
3.50509e+04 4.39121e-01
3.50645e+04 4.34534e-01
3.50780e+04 4.29740e-01
3.50915e+04 4.23978e-01
3.51050e+04 4.17772e-01
3.51185e+04 4.11005e-01
3.51320e+04 4.03479e-01
3.51455e+04 3.95466e-01
3.51590e+04 3.87045e-01
3.51726e+04 3.78278e-01
3.51861e+04 3.69118e-01
3.51996e+04 3.59606e-01
3.52131e+04 3.49755e-01
3.52266e+04 3.39678e-01
3.52401e+04 3.29447e-01
3.52536e+04 3.19107e-01
3.52671e+04 3.08737e-01
3.52807e+04 2.98371e-01
3.52942e+04 2.88033e-01
3.53077e+04 2.77793e-01
3.53212e+04 2.67677e-01
3.53347e+04 2.57745e-01
3.53482e+04 2.48264e-01
3.53617e+04 2.38817e-01
3.53752e+04 2.29587e-01
3.53888e+04 2.20614e-01
3.54023e+04 2.11910e-01
3.54158e+04 2.03451e-01
3.54293e+04 1.95483e-01
3.54428e+04 1.87630e-01
3.54563e+04 1.80054e-01
3.54698e+04 1.72771e-01
3.54833e+04 1.65780e-01
3.54968e+04 1.59057e-01
3.55104e+04 1.52608e-01
3.55239e+04 1.46575e-01
3.55374e+04 1.40613e-01
3.55509e+04 1.34901e-01
3.55644e+04 1.29411e-01
3.55779e+04 1.24143e-01
3.55914e+04 1.19088e-01
3.56049e+04 1.14230e-01
3.56185e+04 1.09574e-01
3.56320e+04 1.05085e-01
3.56455e+04 1.00756e-01
3.56590e+04 9.65919e-02
3.56725e+04 9.25671e-02
3.56860e+04 8.87509e-02
3.56995e+04 8.50430e-02
3.57130e+04 8.14025e-02
3.57266e+04 7.78879e-02
3.57401e+04 7.44834e-02
3.57536e+04 7.11939e-02
3.57671e+04 6.80175e-02
3.57806e+04 6.50046e-02
3.57941e+04 6.20199e-02
3.58076e+04 5.91246e-02
3.58211e+04 5.63193e-02
3.58347e+04 5.36194e-02
3.58482e+04 5.10552e-02
3.58617e+04 4.85414e-02
3.58752e+04 4.61090e-02
3.58887e+04 4.37604e-02
3.59022e+04 4.15064e-02
3.59157e+04 3.93342e-02
3.59292e+04 3.72479e-02
3.59428e+04 3.52547e-02
3.59563e+04 3.33393e-02
3.59698e+04 3.15126e-02
3.59833e+04 2.97722e-02
3.59968e+04 2.81077e-02
3.60103e+04 2.65273e-02
3.60238e+04 2.50235e-02
3.60373e+04 2.36165e-02
3.60509e+04 2.22730e-02
3.60644e+04 2.09877e-02
3.60779e+04 1.97777e-02
3.60914e+04 1.86365e-02
3.61049e+04 1.75500e-02
3.61184e+04 1.65323e-02
3.61319e+04 1.55737e-02
3.61454e+04 1.46711e-02
3.61590e+04 1.38267e-02
3.61725e+04 1.30283e-02
3.61860e+04 1.22819e-02
3.61995e+04 1.15947e-02
3.62130e+04 1.09318e-02
3.62265e+04 1.03135e-02
3.62400e+04 9.73281e-03
3.62535e+04 9.18921e-03
3.62671e+04 8.68648e-03
3.62806e+04 8.20576e-03
3.62941e+04 7.75496e-03
3.63076e+04 7.34029e-03
3.63211e+04 6.94762e-03
3.63346e+04 6.58355e-03
3.63481e+04 6.24180e-03
3.63616e+04 5.91597e-03
3.63752e+04 5.61296e-03
3.63887e+04 5.32819e-03
3.64022e+04 5.06588e-03
3.64157e+04 4.82401e-03
3.64292e+04 4.58804e-03
3.64427e+04 4.36760e-03
3.64562e+04 4.16391e-03
3.64697e+04 3.96873e-03
3.64832e+04 3.78921e-03
3.64968e+04 3.62090e-03
3.65103e+04 3.45833e-03
3.65238e+04 3.31067e-03
3.65373e+04 3.16729e-03
3.65508e+04 3.03334e-03
3.65643e+04 2.91151e-03
3.65778e+04 2.78989e-03
3.65913e+04 2.67793e-03
3.66049e+04 2.57617e-03
3.66184e+04 2.47647e-03
3.66319e+04 2.38401e-03
3.66454e+04 2.29383e-03
3.66589e+04 2.20639e-03
3.66724e+04 2.12831e-03
3.66859e+04 2.05165e-03
3.66994e+04 1.98138e-03
3.67130e+04 1.91694e-03
3.67265e+04 1.85112e-03
3.67400e+04 1.78894e-03
3.67535e+04 1.73071e-03
3.67670e+04 1.67201e-03
3.67805e+04 1.62120e-03
3.67940e+04 1.57327e-03
3.68075e+04 1.52416e-03
3.68211e+04 1.48149e-03
3.68346e+04 1.43843e-03
3.68481e+04 1.39729e-03
3.68616e+04 1.36260e-03
3.68751e+04 1.32023e-03
3.68886e+04 1.27776e-03
3.69021e+04 1.24402e-03
3.69156e+04 1.21064e-03
3.69292e+04 1.18064e-03
3.69427e+04 1.15333e-03
3.69562e+04 1.12131e-03
3.69697e+04 1.09326e-03
3.69832e+04 1.06546e-03
3.69967e+04 1.03492e-03
3.70102e+04 1.00851e-03
3.70237e+04 9.82137e-04
3.70373e+04 9.55129e-04
3.70508e+04 9.31590e-04
3.70643e+04 9.07212e-04
3.70778e+04 8.84091e-04
3.70913e+04 8.62784e-04
3.71048e+04 8.37595e-04
3.71183e+04 8.13107e-04
3.71318e+04 7.90301e-04
3.71454e+04 7.66147e-04
3.71589e+04 7.46008e-04
3.71724e+04 7.27761e-04
3.71859e+04 7.07146e-04
3.71994e+04 6.87816e-04
3.72129e+04 6.68358e-04
3.72264e+04 6.48994e-04
3.72399e+04 6.30904e-04
3.72535e+04 6.09415e-04
3.72670e+04 5.88537e-04
3.72805e+04 5.70953e-04
3.72940e+04 5.50760e-04
3.73075e+04 5.31367e-04
3.73210e+04 5.13970e-04
3.73345e+04 4.94200e-04
3.73480e+04 4.76856e-04
3.73615e+04 4.61009e-04
3.73751e+04 4.41593e-04
3.73886e+04 4.25717e-04
3.74021e+04 4.10690e-04
3.74156e+04 3.91858e-04
3.74291e+04 3.74675e-04
3.74426e+04 3.58482e-04
3.74561e+04 3.42322e-04
3.74696e+04 3.29540e-04
3.74832e+04 3.14502e-04
3.74967e+04 2.98209e-04
3.75102e+04 2.86366e-04
3.75237e+04 2.73558e-04
3.75372e+04 2.60361e-04
3.75507e+04 2.50067e-04
3.75642e+04 2.36565e-04
3.75777e+04 2.22757e-04
3.75913e+04 2.13665e-04
3.76048e+04 2.03623e-04
3.76183e+04 1.93356e-04
3.76318e+04 1.84965e-04
3.76453e+04 1.75153e-04
3.76588e+04 1.66969e-04
3.76723e+04 1.60572e-04
3.76858e+04 1.51013e-04
3.76994e+04 1.42293e-04
3.77129e+04 1.36521e-04
3.77264e+04 1.29964e-04
3.77399e+04 1.25032e-04
3.77534e+04 1.21435e-04
3.77669e+04 1.15335e-04
3.77804e+04 1.09710e-04
3.77939e+04 1.02984e-04
