# Filter name : JWST/NIRCam.F210M
# Description : NIRCam F210M filter
# Photometric system : NIRCam
# FilterType : photon
# Band name : ------
# Observatory : JWST
# Instrument : NIRCam
# Comments : includes NIRCam optics, DBS, QE and JWST Optical Telescope Element
# 
1.93160e+04 1.09809e-04
1.93260e+04 1.23901e-04
1.93360e+04 1.38587e-04
1.93460e+04 1.59532e-04
1.93560e+04 1.75511e-04
1.93660e+04 1.99329e-04
1.93760e+04 2.25057e-04
1.93860e+04 2.52080e-04
1.93960e+04 2.82056e-04
1.94060e+04 3.19693e-04
1.94160e+04 3.72243e-04
1.94260e+04 4.06764e-04
1.94360e+04 4.69472e-04
1.94460e+04 5.27106e-04
1.94560e+04 6.02724e-04
1.94660e+04 6.76585e-04
1.94760e+04 7.80766e-04
1.94860e+04 8.89104e-04
1.94960e+04 9.77173e-04
1.95060e+04 1.13259e-03
1.95160e+04 1.28295e-03
1.95260e+04 1.47581e-03
1.95360e+04 1.66336e-03
1.95460e+04 1.90215e-03
1.95560e+04 2.23705e-03
1.95660e+04 2.51087e-03
1.95760e+04 2.85024e-03
1.95860e+04 3.34784e-03
1.95960e+04 3.78190e-03
1.96060e+04 4.42214e-03
1.96160e+04 5.02456e-03
1.96260e+04 5.75125e-03
1.96360e+04 6.78493e-03
1.96460e+04 7.82947e-03
1.96560e+04 9.11984e-03
1.96660e+04 1.05141e-02
1.96760e+04 1.22745e-02
1.96860e+04 1.39336e-02
1.96960e+04 1.62748e-02
1.97060e+04 1.98021e-02
1.97160e+04 2.24180e-02
1.97260e+04 2.56824e-02
1.97360e+04 2.89650e-02
1.97460e+04 3.35482e-02
1.97560e+04 3.66636e-02
1.97660e+04 4.13056e-02
1.97760e+04 4.68874e-02
1.97860e+04 5.07039e-02
1.97960e+04 5.85027e-02
1.98060e+04 6.44675e-02
1.98160e+04 7.24178e-02
1.98260e+04 8.02413e-02
1.98360e+04 8.98391e-02
1.98460e+04 1.02103e-01
1.98560e+04 1.12551e-01
1.98660e+04 1.29992e-01
1.98760e+04 1.47531e-01
1.98860e+04 1.68016e-01
1.98960e+04 1.93468e-01
1.99060e+04 2.10080e-01
1.99160e+04 2.37135e-01
1.99260e+04 2.61985e-01
1.99360e+04 2.87332e-01
1.99460e+04 3.13346e-01
1.99560e+04 3.37201e-01
1.99660e+04 3.59763e-01
1.99760e+04 3.75925e-01
1.99860e+04 3.91364e-01
1.99960e+04 4.10302e-01
2.00060e+04 4.28063e-01
2.00160e+04 4.37317e-01
2.00260e+04 4.48012e-01
2.00360e+04 4.48893e-01
2.00460e+04 4.56332e-01
2.00560e+04 4.65990e-01
2.00660e+04 4.68812e-01
2.00760e+04 4.70801e-01
2.00860e+04 4.72248e-01
2.00960e+04 4.73578e-01
2.01060e+04 4.69278e-01
2.01160e+04 4.75577e-01
2.01260e+04 4.72535e-01
2.01360e+04 4.75134e-01
2.01460e+04 4.76857e-01
2.01560e+04 4.72806e-01
2.01660e+04 4.77408e-01
2.01760e+04 4.71463e-01
2.01860e+04 4.72460e-01
2.01960e+04 4.75418e-01
2.02060e+04 4.71791e-01
2.02160e+04 4.73883e-01
2.02260e+04 4.68479e-01
2.02360e+04 4.75932e-01
2.02460e+04 4.69413e-01
2.02560e+04 4.77565e-01
2.02660e+04 4.71834e-01
2.02760e+04 4.74663e-01
2.02860e+04 4.70730e-01
2.02960e+04 4.73137e-01
2.03060e+04 4.75065e-01
2.03160e+04 4.70081e-01
2.03260e+04 4.75894e-01
2.03360e+04 4.76201e-01
2.03460e+04 4.70723e-01
2.03560e+04 4.67144e-01
2.03660e+04 4.79981e-01
2.03760e+04 4.71614e-01
2.03860e+04 4.75775e-01
2.03960e+04 4.72260e-01
2.04060e+04 4.66249e-01
2.04160e+04 4.75910e-01
2.04260e+04 4.69922e-01
2.04360e+04 4.70479e-01
2.04460e+04 4.68998e-01
2.04560e+04 4.70195e-01
2.04660e+04 4.69589e-01
2.04760e+04 4.70896e-01
2.04860e+04 4.64538e-01
2.04960e+04 4.60009e-01
2.05060e+04 4.77126e-01
2.05160e+04 4.66287e-01
2.05260e+04 4.68443e-01
2.05360e+04 4.70020e-01
2.05460e+04 4.66118e-01
2.05560e+04 4.64207e-01
2.05660e+04 4.69040e-01
2.05760e+04 4.67215e-01
2.05860e+04 4.69365e-01
2.05960e+04 4.65249e-01
2.06060e+04 4.74595e-01
2.06160e+04 4.69210e-01
2.06260e+04 4.77338e-01
2.06360e+04 4.67179e-01
2.06460e+04 4.69378e-01
2.06560e+04 4.72839e-01
2.06660e+04 4.71604e-01
2.06760e+04 4.72690e-01
2.06860e+04 4.79016e-01
2.06960e+04 4.75584e-01
2.07060e+04 4.78311e-01
2.07160e+04 4.79745e-01
2.07260e+04 4.77052e-01
2.07360e+04 4.79914e-01
2.07460e+04 4.75945e-01
2.07560e+04 4.78644e-01
2.07660e+04 4.77011e-01
2.07760e+04 4.79176e-01
2.07860e+04 4.78342e-01
2.07960e+04 4.79005e-01
2.08060e+04 4.74771e-01
2.08160e+04 4.82992e-01
2.08260e+04 4.72557e-01
2.08360e+04 4.85895e-01
2.08460e+04 4.78365e-01
2.08560e+04 4.79064e-01
2.08660e+04 4.80131e-01
2.08760e+04 4.77210e-01
2.08860e+04 4.85406e-01
2.08960e+04 4.78572e-01
2.09060e+04 4.77415e-01
2.09160e+04 4.71317e-01
2.09260e+04 4.76015e-01
2.09360e+04 4.78876e-01
2.09460e+04 4.86877e-01
2.09560e+04 4.72393e-01
2.09660e+04 4.81516e-01
2.09760e+04 4.72436e-01
2.09860e+04 4.72871e-01
2.09960e+04 4.83503e-01
2.10060e+04 4.72518e-01
2.10160e+04 4.69611e-01
2.10260e+04 4.70355e-01
2.10360e+04 4.74917e-01
2.10460e+04 4.66425e-01
2.10560e+04 4.71947e-01
2.10660e+04 4.72537e-01
2.10760e+04 4.59180e-01
2.10860e+04 4.77249e-01
2.10960e+04 4.69442e-01
2.11060e+04 4.65149e-01
2.11160e+04 4.66655e-01
2.11260e+04 4.64113e-01
2.11360e+04 4.73627e-01
2.11460e+04 4.64682e-01
2.11560e+04 4.67442e-01
2.11660e+04 4.61861e-01
2.11760e+04 4.72352e-01
2.11860e+04 4.67585e-01
2.11960e+04 4.69698e-01
2.12060e+04 4.66351e-01
2.12160e+04 4.65794e-01
2.12260e+04 4.66280e-01
2.12360e+04 4.66506e-01
2.12460e+04 4.65231e-01
2.12560e+04 4.71460e-01
2.12660e+04 4.71072e-01
2.12760e+04 4.66571e-01
2.12860e+04 4.77417e-01
2.12960e+04 4.70861e-01
2.13060e+04 4.75956e-01
2.13160e+04 4.68830e-01
2.13260e+04 4.68499e-01
2.13360e+04 4.73796e-01
2.13460e+04 4.70192e-01
2.13560e+04 4.76370e-01
2.13660e+04 4.69429e-01
2.13760e+04 4.73048e-01
2.13860e+04 4.71058e-01
2.13960e+04 4.77677e-01
2.14060e+04 4.71229e-01
2.14160e+04 4.69842e-01
2.14260e+04 4.73212e-01
2.14360e+04 4.73027e-01
2.14460e+04 4.67603e-01
2.14560e+04 4.73585e-01
2.14660e+04 4.73910e-01
2.14760e+04 4.71808e-01
2.14860e+04 4.68532e-01
2.14960e+04 4.72372e-01
2.15060e+04 4.69437e-01
2.15160e+04 4.67791e-01
2.15260e+04 4.67379e-01
2.15360e+04 4.68506e-01
2.15460e+04 4.69438e-01
2.15560e+04 4.69303e-01
2.15660e+04 4.72856e-01
2.15760e+04 4.63864e-01
2.15860e+04 4.69397e-01
2.15960e+04 4.64124e-01
2.16060e+04 4.64848e-01
2.16160e+04 4.64287e-01
2.16260e+04 4.67146e-01
2.16360e+04 4.64041e-01
2.16460e+04 4.57084e-01
2.16560e+04 4.67414e-01
2.16660e+04 4.60532e-01
2.16760e+04 4.64546e-01
2.16860e+04 4.57930e-01
2.16960e+04 4.65549e-01
2.17060e+04 4.58989e-01
2.17160e+04 4.58174e-01
2.17260e+04 4.65489e-01
2.17360e+04 4.53961e-01
2.17460e+04 4.58788e-01
2.17560e+04 4.65801e-01
2.17660e+04 4.59758e-01
2.17760e+04 4.60438e-01
2.17860e+04 4.55790e-01
2.17960e+04 4.53639e-01
2.18060e+04 4.64169e-01
2.18160e+04 4.60083e-01
2.18260e+04 4.57516e-01
2.18360e+04 4.58215e-01
2.18460e+04 4.49569e-01
2.18560e+04 4.54308e-01
2.18660e+04 4.46233e-01
2.18760e+04 4.44244e-01
2.18860e+04 4.38204e-01
2.18960e+04 4.34937e-01
2.19060e+04 4.24172e-01
2.19160e+04 4.13054e-01
2.19260e+04 4.02359e-01
2.19360e+04 3.83628e-01
2.19460e+04 3.71795e-01
2.19560e+04 3.51162e-01
2.19660e+04 3.31452e-01
2.19760e+04 3.11606e-01
2.19860e+04 2.87800e-01
2.19960e+04 2.67186e-01
2.20060e+04 2.45532e-01
2.20160e+04 2.33650e-01
2.20260e+04 2.12839e-01
2.20360e+04 1.95696e-01
2.20460e+04 1.83197e-01
2.20560e+04 1.68410e-01
2.20660e+04 1.57294e-01
2.20760e+04 1.43142e-01
2.20860e+04 1.31645e-01
2.20960e+04 1.19712e-01
2.21060e+04 1.08804e-01
2.21160e+04 9.76941e-02
2.21260e+04 8.61173e-02
2.21360e+04 7.84852e-02
2.21460e+04 6.93395e-02
2.21560e+04 6.07143e-02
2.21660e+04 5.28593e-02
2.21760e+04 4.53659e-02
2.21860e+04 3.94603e-02
2.21960e+04 3.45849e-02
2.22060e+04 3.02540e-02
2.22160e+04 2.55585e-02
2.22260e+04 2.21622e-02
2.22360e+04 1.90073e-02
2.22460e+04 1.64652e-02
2.22560e+04 1.42655e-02
2.22660e+04 1.22529e-02
2.22760e+04 1.05362e-02
2.22860e+04 9.35342e-03
2.22960e+04 8.09621e-03
2.23060e+04 7.04854e-03
2.23160e+04 6.13861e-03
2.23260e+04 5.33480e-03
2.23360e+04 4.64954e-03
2.23460e+04 4.07360e-03
2.23560e+04 3.57946e-03
2.23660e+04 3.12289e-03
2.23760e+04 2.75724e-03
2.23860e+04 2.41381e-03
2.23960e+04 2.11115e-03
2.24060e+04 1.86987e-03
2.24160e+04 1.60839e-03
2.24260e+04 1.46802e-03
2.24360e+04 1.27275e-03
2.24460e+04 1.14150e-03
2.24560e+04 9.94275e-04
2.24660e+04 8.75963e-04
2.24760e+04 7.79507e-04
2.24860e+04 6.84544e-04
2.24960e+04 6.24195e-04
2.25060e+04 5.45730e-04
2.25160e+04 4.78559e-04
2.25260e+04 4.32707e-04
2.25360e+04 3.84218e-04
2.25460e+04 3.38210e-04
2.25560e+04 3.00437e-04
2.25660e+04 2.72234e-04
2.25760e+04 2.47157e-04
2.25860e+04 2.20616e-04
2.25960e+04 1.98178e-04
2.26060e+04 1.74360e-04
2.26160e+04 1.60227e-04
2.26260e+04 1.41885e-04
2.26360e+04 1.29832e-04
2.26460e+04 1.16240e-04
2.26560e+04 1.08889e-04
