# Filter name : JWST/NIRCam.F470N
# Description : NIRCam F470N filter
# Photometric system : NIRCam
# FilterType : photon
# Band name : ------
# Observatory : JWST
# Instrument : NIRCam
# Comments : includes NIRCam optics, DBS, QE and JWST Optical Telescope Element
# 
4.61986e+04 1.05082e-04
4.62121e+04 1.11768e-04
4.62256e+04 1.19298e-04
4.62391e+04 1.28891e-04
4.62527e+04 1.39871e-04
4.62662e+04 1.52236e-04
4.62797e+04 1.66345e-04
4.62932e+04 1.82483e-04
4.63067e+04 2.02077e-04
4.63202e+04 2.23580e-04
4.63337e+04 2.47444e-04
4.63472e+04 2.74629e-04
4.63608e+04 3.06904e-04
4.63743e+04 3.44836e-04
4.63878e+04 3.92118e-04
4.64013e+04 4.50875e-04
4.64148e+04 5.23499e-04
4.64283e+04 6.16008e-04
4.64418e+04 7.26451e-04
4.64553e+04 8.58879e-04
4.64688e+04 1.02229e-03
4.64824e+04 1.21874e-03
4.64959e+04 1.45535e-03
4.65094e+04 1.73404e-03
4.65229e+04 2.06656e-03
4.65364e+04 2.45724e-03
4.65499e+04 2.91514e-03
4.65634e+04 3.45337e-03
4.65769e+04 4.08025e-03
4.65905e+04 4.81797e-03
4.66040e+04 5.68643e-03
4.66175e+04 6.70500e-03
4.66310e+04 7.90399e-03
4.66445e+04 9.31658e-03
4.66580e+04 1.10092e-02
4.66715e+04 1.30398e-02
4.66850e+04 1.54910e-02
4.66986e+04 1.85317e-02
4.67121e+04 2.22828e-02
4.67256e+04 2.70064e-02
4.67391e+04 3.30727e-02
4.67526e+04 4.07568e-02
4.67661e+04 5.07279e-02
4.67796e+04 6.34849e-02
4.67931e+04 7.96770e-02
4.68067e+04 9.97065e-02
4.68202e+04 1.23537e-01
4.68337e+04 1.51693e-01
4.68472e+04 1.80004e-01
4.68607e+04 2.09472e-01
4.68742e+04 2.37150e-01
4.68877e+04 2.58311e-01
4.69012e+04 2.76415e-01
4.69148e+04 2.87648e-01
4.69283e+04 2.94246e-01
4.69418e+04 2.98276e-01
4.69553e+04 2.99158e-01
4.69688e+04 2.99545e-01
4.69823e+04 2.99858e-01
4.69958e+04 3.00184e-01
4.70093e+04 3.00758e-01
4.70229e+04 3.01693e-01
4.70364e+04 3.02782e-01
4.70499e+04 3.03789e-01
4.70634e+04 3.04413e-01
4.70769e+04 3.04384e-01
4.70904e+04 3.03943e-01
4.71039e+04 3.02553e-01
4.71174e+04 3.00861e-01
4.71310e+04 2.98839e-01
4.71445e+04 2.96876e-01
4.71580e+04 2.95183e-01
4.71715e+04 2.94019e-01
4.71850e+04 2.93503e-01
4.71985e+04 2.93199e-01
4.72120e+04 2.92714e-01
4.72255e+04 2.90678e-01
4.72391e+04 2.87438e-01
4.72526e+04 2.78164e-01
4.72661e+04 2.65547e-01
4.72796e+04 2.48039e-01
4.72931e+04 2.24041e-01
4.73066e+04 1.98798e-01
4.73201e+04 1.69830e-01
4.73336e+04 1.41538e-01
4.73471e+04 1.15985e-01
4.73607e+04 9.19123e-02
4.73742e+04 7.22363e-02
4.73877e+04 5.60776e-02
4.74012e+04 4.33395e-02
4.74147e+04 3.34854e-02
4.74282e+04 2.59764e-02
4.74417e+04 2.02779e-02
4.74552e+04 1.59046e-02
4.74688e+04 1.26395e-02
4.74823e+04 1.01008e-02
4.74958e+04 8.14595e-03
4.75093e+04 6.63449e-03
4.75228e+04 5.43138e-03
4.75363e+04 4.49631e-03
4.75498e+04 3.74560e-03
4.75633e+04 3.13822e-03
4.75769e+04 2.65276e-03
4.75904e+04 2.25104e-03
4.76039e+04 1.92354e-03
4.76174e+04 1.65303e-03
4.76309e+04 1.42477e-03
4.76444e+04 1.23253e-03
4.76579e+04 1.06805e-03
4.76714e+04 9.27506e-04
4.76850e+04 8.07287e-04
4.76985e+04 7.03241e-04
4.77120e+04 6.13333e-04
4.77255e+04 5.37816e-04
4.77390e+04 4.73594e-04
4.77525e+04 4.21701e-04
4.77660e+04 3.77045e-04
4.77795e+04 3.39478e-04
4.77931e+04 3.09240e-04
4.78066e+04 2.83385e-04
4.78201e+04 2.62023e-04
4.78336e+04 2.42267e-04
4.78471e+04 2.23970e-04
4.78606e+04 2.07100e-04
4.78741e+04 1.91178e-04
4.78876e+04 1.74663e-04
4.79012e+04 1.58565e-04
4.79147e+04 1.43122e-04
4.79282e+04 1.29159e-04
4.79417e+04 1.16253e-04
4.79552e+04 1.03776e-04
