# Filter name : JWST/NIRCam.F322W2
# Description : NIRCam F322W2 filter
# Photometric system : NIRCam
# FilterType : photon
# Band name : ------
# Observatory : JWST
# Instrument : NIRCam
# Comments : includes NIRCam optics, DBS, QE and JWST Optical Telescope Element
# 
2.33977e+04 1.28118e-04
2.34621e+04 1.14799e-04
2.34781e+04 1.74971e-04
2.34942e+04 1.73154e-04
2.35103e+04 1.66082e-04
2.35264e+04 1.69628e-04
2.35425e+04 2.07127e-04
2.35585e+04 2.56635e-04
2.35746e+04 3.17630e-04
2.35907e+04 3.71565e-04
2.36068e+04 4.37137e-04
2.36229e+04 5.08943e-04
2.36390e+04 5.94153e-04
2.36550e+04 7.05717e-04
2.36711e+04 9.00811e-04
2.36872e+04 1.15047e-03
2.37033e+04 1.41428e-03
2.37194e+04 1.67111e-03
2.37354e+04 1.97145e-03
2.37515e+04 2.44409e-03
2.37676e+04 3.05923e-03
2.37837e+04 3.80909e-03
2.37998e+04 4.59375e-03
2.38158e+04 5.53951e-03
2.38319e+04 6.70650e-03
2.38480e+04 8.19368e-03
2.38641e+04 1.00051e-02
2.38802e+04 1.20868e-02
2.38962e+04 1.44885e-02
2.39123e+04 1.73698e-02
2.39284e+04 2.05195e-02
2.39445e+04 2.42210e-02
2.39606e+04 2.85270e-02
2.39767e+04 3.30983e-02
2.39927e+04 3.84221e-02
2.40088e+04 4.43132e-02
2.40249e+04 5.05817e-02
2.40410e+04 5.77548e-02
2.40571e+04 6.56005e-02
2.40731e+04 7.42774e-02
2.40892e+04 8.41111e-02
2.41053e+04 9.43930e-02
2.41214e+04 1.05747e-01
2.41375e+04 1.18374e-01
2.41535e+04 1.31118e-01
2.41696e+04 1.45207e-01
2.41857e+04 1.60069e-01
2.42018e+04 1.74190e-01
2.42179e+04 1.89766e-01
2.42339e+04 2.04889e-01
2.42500e+04 2.18980e-01
2.42661e+04 2.34243e-01
2.42822e+04 2.48101e-01
2.42983e+04 2.61478e-01
2.43144e+04 2.76146e-01
2.43304e+04 2.88759e-01
2.43465e+04 3.01643e-01
2.43626e+04 3.15813e-01
2.43787e+04 3.26892e-01
2.43948e+04 3.38647e-01
2.44108e+04 3.50922e-01
2.44269e+04 3.59398e-01
2.44430e+04 3.68336e-01
2.44591e+04 3.76739e-01
2.44752e+04 3.81796e-01
2.44912e+04 3.86985e-01
2.45073e+04 3.91183e-01
2.45234e+04 3.93560e-01
2.45395e+04 3.95970e-01
2.45556e+04 3.97777e-01
2.45716e+04 3.98886e-01
2.45877e+04 4.00006e-01
2.46038e+04 4.00866e-01
2.46199e+04 4.01478e-01
2.46360e+04 4.02091e-01
2.46520e+04 4.02639e-01
2.46681e+04 4.03151e-01
2.46842e+04 4.03699e-01
2.47003e+04 4.04231e-01
2.47164e+04 4.04845e-01
2.47325e+04 4.05564e-01
2.47485e+04 4.06453e-01
2.47646e+04 4.06936e-01
2.47807e+04 4.07404e-01
2.47968e+04 4.07927e-01
2.48129e+04 4.08167e-01
2.48289e+04 4.08297e-01
2.48450e+04 4.08664e-01
2.48611e+04 4.09017e-01
2.48772e+04 4.09411e-01
2.48933e+04 4.09649e-01
2.49093e+04 4.09950e-01
2.49254e+04 4.10213e-01
2.49415e+04 4.10404e-01
2.49576e+04 4.10583e-01
2.49737e+04 4.10754e-01
2.49897e+04 4.10805e-01
2.49978e+04 4.02877e-01
2.50113e+04 4.02888e-01
2.50248e+04 4.02808e-01
2.50383e+04 4.02722e-01
2.50518e+04 4.02613e-01
2.50653e+04 4.02454e-01
2.50789e+04 4.02264e-01
2.50924e+04 4.02034e-01
2.51059e+04 4.01807e-01
2.51194e+04 4.01573e-01
2.51329e+04 4.01342e-01
2.51464e+04 4.01098e-01
2.51599e+04 4.00878e-01
2.51734e+04 4.00686e-01
2.51870e+04 4.00510e-01
2.52005e+04 4.00359e-01
2.52140e+04 4.00275e-01
2.52275e+04 4.00200e-01
2.52410e+04 4.00152e-01
2.52545e+04 4.00211e-01
2.52680e+04 4.00244e-01
2.52815e+04 4.00357e-01
2.52951e+04 4.00485e-01
2.53086e+04 4.00644e-01
2.53221e+04 4.00803e-01
2.53356e+04 4.01101e-01
2.53491e+04 4.01390e-01
2.53626e+04 4.01502e-01
2.53761e+04 4.01888e-01
2.53896e+04 4.02105e-01
2.54032e+04 4.02284e-01
2.54167e+04 4.02289e-01
2.54302e+04 4.02186e-01
2.54437e+04 4.02321e-01
2.54572e+04 4.02349e-01
2.54707e+04 4.02093e-01
2.54842e+04 4.01884e-01
2.54977e+04 4.01717e-01
2.55112e+04 4.01269e-01
2.55248e+04 4.00764e-01
2.55383e+04 4.00554e-01
2.55518e+04 4.00187e-01
2.55653e+04 3.99628e-01
2.55788e+04 3.99086e-01
2.55923e+04 3.98411e-01
2.56058e+04 3.97292e-01
2.56193e+04 3.96511e-01
2.56329e+04 3.96041e-01
2.56464e+04 3.95561e-01
2.56599e+04 3.95573e-01
2.56734e+04 3.95126e-01
2.56869e+04 3.94486e-01
2.57004e+04 3.93941e-01
2.57139e+04 3.94691e-01
2.57274e+04 3.94034e-01
2.57410e+04 3.94108e-01
2.57545e+04 3.94633e-01
2.57680e+04 3.94413e-01
2.57815e+04 3.94929e-01
2.57950e+04 3.95499e-01
2.58085e+04 3.95670e-01
2.58220e+04 3.96641e-01
2.58355e+04 3.96834e-01
2.58491e+04 3.98395e-01
2.58626e+04 3.99568e-01
2.58761e+04 4.00467e-01
2.58896e+04 4.01997e-01
2.59031e+04 4.03512e-01
2.59166e+04 4.04787e-01
2.59301e+04 4.05798e-01
2.59436e+04 4.05136e-01
2.59572e+04 4.07163e-01
2.59707e+04 4.09821e-01
2.59842e+04 4.11731e-01
2.59977e+04 4.12938e-01
2.60112e+04 4.13455e-01
2.60247e+04 4.14102e-01
2.60382e+04 4.14470e-01
2.60517e+04 4.14309e-01
2.60653e+04 4.15437e-01
2.60788e+04 4.15876e-01
2.60923e+04 4.16055e-01
2.61058e+04 4.16393e-01
2.61193e+04 4.16478e-01
2.61328e+04 4.16025e-01
2.61463e+04 4.15921e-01
2.61598e+04 4.15170e-01
2.61734e+04 4.14960e-01
2.61869e+04 4.16013e-01
2.62004e+04 4.14927e-01
2.62139e+04 4.15367e-01
2.62274e+04 4.15537e-01
2.62409e+04 4.15173e-01
2.62544e+04 4.14503e-01
2.62679e+04 4.13515e-01
2.62815e+04 4.13885e-01
2.62950e+04 4.12908e-01
2.63085e+04 4.12210e-01
2.63220e+04 4.12932e-01
2.63355e+04 4.12371e-01
2.63490e+04 4.12779e-01
2.63625e+04 4.12848e-01
2.63760e+04 4.12726e-01
2.63895e+04 4.12661e-01
2.64031e+04 4.12616e-01
2.64166e+04 4.12506e-01
2.64301e+04 4.12652e-01
2.64436e+04 4.12754e-01
2.64571e+04 4.12619e-01
2.64706e+04 4.13198e-01
2.64841e+04 4.13532e-01
2.64976e+04 4.13818e-01
2.65112e+04 4.13474e-01
2.65247e+04 4.13432e-01
2.65382e+04 4.14421e-01
2.65517e+04 4.14448e-01
2.65652e+04 4.14900e-01
2.65787e+04 4.15223e-01
2.65922e+04 4.14992e-01
2.66057e+04 4.15032e-01
2.66193e+04 4.14618e-01
2.66328e+04 4.14697e-01
2.66463e+04 4.13652e-01
2.66598e+04 4.13634e-01
2.66733e+04 4.13775e-01
2.66868e+04 4.14936e-01
2.67003e+04 4.13378e-01
2.67138e+04 4.14188e-01
2.67274e+04 4.14712e-01
2.67409e+04 4.14514e-01
2.67544e+04 4.13814e-01
2.67679e+04 4.13346e-01
2.67814e+04 4.13618e-01
2.67949e+04 4.13391e-01
2.68084e+04 4.14041e-01
2.68219e+04 4.13717e-01
2.68355e+04 4.12820e-01
2.68490e+04 4.12861e-01
2.68625e+04 4.12642e-01
2.68760e+04 4.13055e-01
2.68895e+04 4.12907e-01
2.69030e+04 4.12929e-01
2.69165e+04 4.12681e-01
2.69300e+04 4.11423e-01
2.69436e+04 4.11265e-01
2.69571e+04 4.11632e-01
2.69706e+04 4.12075e-01
2.69841e+04 4.12224e-01
2.69976e+04 4.12549e-01
2.70111e+04 4.12534e-01
2.70246e+04 4.12928e-01
2.70381e+04 4.13495e-01
2.70517e+04 4.13874e-01
2.70652e+04 4.14221e-01
2.70787e+04 4.14290e-01
2.70922e+04 4.14216e-01
2.71057e+04 4.14126e-01
2.71192e+04 4.15080e-01
2.71327e+04 4.15964e-01
2.71462e+04 4.15922e-01
2.71598e+04 4.16189e-01
2.71733e+04 4.16265e-01
2.71868e+04 4.16501e-01
2.72003e+04 4.15502e-01
2.72138e+04 4.16343e-01
2.72273e+04 4.17565e-01
2.72408e+04 4.16319e-01
2.72543e+04 4.16814e-01
2.72679e+04 4.17525e-01
2.72814e+04 4.17674e-01
2.72949e+04 4.17662e-01
2.73084e+04 4.17554e-01
2.73219e+04 4.17454e-01
2.73354e+04 4.16908e-01
2.73489e+04 4.15984e-01
2.73624e+04 4.16346e-01
2.73759e+04 4.16019e-01
2.73895e+04 4.14863e-01
2.74030e+04 4.14547e-01
2.74165e+04 4.15150e-01
2.74300e+04 4.15547e-01
2.74435e+04 4.15256e-01
2.74570e+04 4.14610e-01
2.74705e+04 4.14368e-01
2.74840e+04 4.14109e-01
2.74976e+04 4.13924e-01
2.75111e+04 4.13174e-01
2.75246e+04 4.12359e-01
2.75381e+04 4.11274e-01
2.75516e+04 4.09680e-01
2.75651e+04 4.09610e-01
2.75786e+04 4.09651e-01
2.75921e+04 4.09390e-01
2.76057e+04 4.09323e-01
2.76192e+04 4.08091e-01
2.76327e+04 4.08024e-01
2.76462e+04 4.08513e-01
2.76597e+04 4.08716e-01
2.76732e+04 4.08193e-01
2.76867e+04 4.08621e-01
2.77002e+04 4.08791e-01
2.77138e+04 4.08723e-01
2.77273e+04 4.09435e-01
2.77408e+04 4.10094e-01
2.77543e+04 4.10303e-01
2.77678e+04 4.10404e-01
2.77813e+04 4.11042e-01
2.77948e+04 4.12024e-01
2.78083e+04 4.12124e-01
2.78219e+04 4.12679e-01
2.78354e+04 4.13408e-01
2.78489e+04 4.14068e-01
2.78624e+04 4.13792e-01
2.78759e+04 4.14355e-01
2.78894e+04 4.15388e-01
2.79029e+04 4.16073e-01
2.79164e+04 4.16374e-01
2.79300e+04 4.16964e-01
2.79435e+04 4.17433e-01
2.79570e+04 4.17711e-01
2.79705e+04 4.18275e-01
2.79840e+04 4.19014e-01
2.79975e+04 4.19422e-01
2.80110e+04 4.19541e-01
2.80245e+04 4.19439e-01
2.80381e+04 4.19841e-01
2.80516e+04 4.19999e-01
2.80651e+04 4.20392e-01
2.80786e+04 4.20609e-01
2.80921e+04 4.20641e-01
2.81056e+04 4.20452e-01
2.81191e+04 4.20572e-01
2.81326e+04 4.20619e-01
2.81462e+04 4.20295e-01
2.81597e+04 4.20198e-01
2.81732e+04 4.20251e-01
2.81867e+04 4.20422e-01
2.82002e+04 4.20008e-01
2.82137e+04 4.19999e-01
2.82272e+04 4.19985e-01
2.82407e+04 4.19883e-01
2.82542e+04 4.19729e-01
2.82678e+04 4.19555e-01
2.82813e+04 4.19428e-01
2.82948e+04 4.19341e-01
2.83083e+04 4.19171e-01
2.83218e+04 4.18949e-01
2.83353e+04 4.18700e-01
2.83488e+04 4.18517e-01
2.83623e+04 4.18269e-01
2.83759e+04 4.17747e-01
2.83894e+04 4.17669e-01
2.84029e+04 4.17729e-01
2.84164e+04 4.17948e-01
2.84299e+04 4.17867e-01
2.84434e+04 4.17801e-01
2.84569e+04 4.17738e-01
2.84704e+04 4.17648e-01
2.84840e+04 4.17546e-01
2.84975e+04 4.17480e-01
2.85110e+04 4.17272e-01
2.85245e+04 4.16949e-01
2.85380e+04 4.16550e-01
2.85515e+04 4.16253e-01
2.85650e+04 4.16001e-01
2.85785e+04 4.15703e-01
2.85921e+04 4.15365e-01
2.86056e+04 4.14809e-01
2.86191e+04 4.14422e-01
2.86326e+04 4.14231e-01
2.86461e+04 4.14316e-01
2.86596e+04 4.14256e-01
2.86731e+04 4.14021e-01
2.86866e+04 4.13838e-01
2.87002e+04 4.13587e-01
2.87137e+04 4.13345e-01
2.87272e+04 4.13180e-01
2.87407e+04 4.13016e-01
2.87542e+04 4.12806e-01
2.87677e+04 4.12561e-01
2.87812e+04 4.12329e-01
2.87947e+04 4.12096e-01
2.88083e+04 4.11849e-01
2.88218e+04 4.11607e-01
2.88353e+04 4.11314e-01
2.88488e+04 4.11019e-01
2.88623e+04 4.10235e-01
2.88758e+04 4.09940e-01
2.88893e+04 4.09664e-01
2.89028e+04 4.09394e-01
2.89164e+04 4.09221e-01
2.89299e+04 4.09486e-01
2.89434e+04 4.09324e-01
2.89569e+04 4.09144e-01
2.89704e+04 4.08975e-01
2.89839e+04 4.08805e-01
2.89974e+04 4.08562e-01
2.90109e+04 4.08265e-01
2.90245e+04 4.08042e-01
2.90380e+04 4.07767e-01
2.90515e+04 4.07472e-01
2.90650e+04 4.07210e-01
2.90785e+04 4.06949e-01
2.90920e+04 4.06667e-01
2.91055e+04 4.06144e-01
2.91190e+04 4.05701e-01
2.91325e+04 4.05459e-01
2.91461e+04 4.05248e-01
2.91596e+04 4.05035e-01
2.91731e+04 4.04797e-01
2.91866e+04 4.04549e-01
2.92001e+04 4.04328e-01
2.92136e+04 4.03902e-01
2.92271e+04 4.03464e-01
2.92406e+04 4.03054e-01
2.92542e+04 4.02651e-01
2.92677e+04 4.02574e-01
2.92812e+04 4.02223e-01
2.92947e+04 4.01787e-01
2.93082e+04 4.01254e-01
2.93217e+04 4.00674e-01
2.93352e+04 4.00089e-01
2.93487e+04 3.99463e-01
2.93623e+04 3.98847e-01
2.93758e+04 3.97958e-01
2.93893e+04 3.97162e-01
2.94028e+04 3.96552e-01
2.94163e+04 3.95977e-01
2.94298e+04 3.95364e-01
2.94433e+04 3.95253e-01
2.94568e+04 3.94683e-01
2.94704e+04 3.94090e-01
2.94839e+04 3.93549e-01
2.94974e+04 3.92956e-01
2.95109e+04 3.92633e-01
2.95244e+04 3.91870e-01
2.95379e+04 3.91122e-01
2.95514e+04 3.90398e-01
2.95649e+04 3.89691e-01
2.95785e+04 3.88983e-01
2.95920e+04 3.88267e-01
2.96055e+04 3.87577e-01
2.96190e+04 3.86877e-01
2.96325e+04 3.86206e-01
2.96460e+04 3.85551e-01
2.96595e+04 3.84939e-01
2.96730e+04 3.84345e-01
2.96866e+04 3.83732e-01
2.97001e+04 3.83130e-01
2.97136e+04 3.82585e-01
2.97271e+04 3.82095e-01
2.97406e+04 3.81623e-01
2.97541e+04 3.81551e-01
2.97676e+04 3.81629e-01
2.97811e+04 3.81206e-01
2.97947e+04 3.80804e-01
2.98082e+04 3.80304e-01
2.98217e+04 3.79753e-01
2.98352e+04 3.79235e-01
2.98487e+04 3.78727e-01
2.98622e+04 3.78195e-01
2.98757e+04 3.77699e-01
2.98892e+04 3.77583e-01
2.99028e+04 3.77202e-01
2.99163e+04 3.76923e-01
2.99298e+04 3.76670e-01
2.99433e+04 3.76424e-01
2.99568e+04 3.76172e-01
2.99703e+04 3.75900e-01
2.99838e+04 3.75645e-01
2.99973e+04 3.75420e-01
3.00109e+04 3.74986e-01
3.00244e+04 3.74824e-01
3.00379e+04 3.74288e-01
3.00514e+04 3.73747e-01
3.00649e+04 3.73396e-01
3.00784e+04 3.73045e-01
3.00919e+04 3.72452e-01
3.01054e+04 3.71978e-01
3.01189e+04 3.71657e-01
3.01325e+04 3.71308e-01
3.01460e+04 3.70937e-01
3.01595e+04 3.70535e-01
3.01730e+04 3.70114e-01
3.01865e+04 3.69678e-01
3.02000e+04 3.69238e-01
3.02135e+04 3.68570e-01
3.02270e+04 3.67881e-01
3.02406e+04 3.67175e-01
3.02541e+04 3.66443e-01
3.02676e+04 3.65651e-01
3.02811e+04 3.64846e-01
3.02946e+04 3.64028e-01
3.03081e+04 3.63415e-01
3.03216e+04 3.62920e-01
3.03351e+04 3.62411e-01
3.03487e+04 3.61884e-01
3.03622e+04 3.61419e-01
3.03757e+04 3.61187e-01
3.03892e+04 3.60589e-01
3.04027e+04 3.60044e-01
3.04162e+04 3.59685e-01
3.04297e+04 3.59327e-01
3.04432e+04 3.58935e-01
3.04568e+04 3.58550e-01
3.04703e+04 3.58153e-01
3.04838e+04 3.57914e-01
3.04973e+04 3.57757e-01
3.05108e+04 3.57267e-01
3.05243e+04 3.56746e-01
3.05378e+04 3.56235e-01
3.05513e+04 3.55717e-01
3.05649e+04 3.55239e-01
3.05784e+04 3.54759e-01
3.05919e+04 3.54279e-01
3.06054e+04 3.53977e-01
3.06189e+04 3.53947e-01
3.06324e+04 3.53937e-01
3.06459e+04 3.53946e-01
3.06594e+04 3.54363e-01
3.06730e+04 3.54411e-01
3.06865e+04 3.54730e-01
3.07000e+04 3.54946e-01
3.07135e+04 3.54800e-01
3.07270e+04 3.54641e-01
3.07405e+04 3.54527e-01
3.07540e+04 3.54429e-01
3.07675e+04 3.54350e-01
3.07811e+04 3.54279e-01
3.07946e+04 3.54234e-01
3.08081e+04 3.54399e-01
3.08216e+04 3.54743e-01
3.08351e+04 3.55097e-01
3.08486e+04 3.55474e-01
3.08621e+04 3.55858e-01
3.08756e+04 3.56278e-01
3.08892e+04 3.56688e-01
3.09027e+04 3.57151e-01
3.09162e+04 3.57715e-01
3.09297e+04 3.58273e-01
3.09432e+04 3.59230e-01
3.09567e+04 3.59797e-01
3.09702e+04 3.60364e-01
3.09837e+04 3.60939e-01
3.09972e+04 3.61511e-01
3.10108e+04 3.61944e-01
3.10243e+04 3.62325e-01
3.10378e+04 3.62707e-01
3.10513e+04 3.63068e-01
3.10648e+04 3.63447e-01
3.10783e+04 3.63836e-01
3.10918e+04 3.64216e-01
3.11053e+04 3.64611e-01
3.11189e+04 3.65098e-01
3.11324e+04 3.65578e-01
3.11459e+04 3.66048e-01
3.11594e+04 3.66511e-01
3.11729e+04 3.66988e-01
3.11864e+04 3.67450e-01
3.11999e+04 3.67906e-01
3.12134e+04 3.69081e-01
3.12270e+04 3.69821e-01
3.12405e+04 3.70551e-01
3.12540e+04 3.71287e-01
3.12675e+04 3.72006e-01
3.12810e+04 3.72733e-01
3.12945e+04 3.73446e-01
3.13080e+04 3.74075e-01
3.13215e+04 3.74631e-01
3.13351e+04 3.75186e-01
3.13486e+04 3.75719e-01
3.13621e+04 3.76268e-01
3.13756e+04 3.76810e-01
3.13891e+04 3.77350e-01
3.14026e+04 3.77911e-01
3.14161e+04 3.78597e-01
3.14296e+04 3.79265e-01
3.14432e+04 3.79940e-01
3.14567e+04 3.80587e-01
3.14702e+04 3.81269e-01
3.14837e+04 3.82397e-01
3.14972e+04 3.83086e-01
3.15107e+04 3.83744e-01
3.15242e+04 3.84413e-01
3.15377e+04 3.85078e-01
3.15513e+04 3.85758e-01
3.15648e+04 3.86428e-01
3.15783e+04 3.87119e-01
3.15918e+04 3.87790e-01
3.16053e+04 3.88461e-01
3.16188e+04 3.89091e-01
3.16323e+04 3.89735e-01
3.16458e+04 3.90366e-01
3.16594e+04 3.91013e-01
3.16729e+04 3.91661e-01
3.16864e+04 3.92316e-01
3.16999e+04 3.92963e-01
3.17134e+04 3.93885e-01
3.17269e+04 3.95109e-01
3.17404e+04 3.96137e-01
3.17539e+04 3.97032e-01
3.17675e+04 3.97938e-01
3.17810e+04 3.98842e-01
3.17945e+04 3.99749e-01
3.18080e+04 4.00577e-01
3.18215e+04 4.01348e-01
3.18350e+04 4.02126e-01
3.18485e+04 4.02892e-01
3.18620e+04 4.03647e-01
3.18755e+04 4.04384e-01
3.18891e+04 4.05137e-01
3.19026e+04 4.05881e-01
3.19161e+04 4.06639e-01
3.19296e+04 4.07387e-01
3.19431e+04 4.08144e-01
3.19566e+04 4.08865e-01
3.19701e+04 4.09595e-01
3.19836e+04 4.10785e-01
3.19972e+04 4.11511e-01
3.20107e+04 4.12172e-01
3.20242e+04 4.12822e-01
3.20377e+04 4.13480e-01
3.20512e+04 4.14123e-01
3.20647e+04 4.14737e-01
3.20782e+04 4.15363e-01
3.20917e+04 4.15973e-01
3.21053e+04 4.16574e-01
3.21188e+04 4.17169e-01
3.21323e+04 4.17275e-01
3.21458e+04 4.17858e-01
3.21593e+04 4.18439e-01
3.21728e+04 4.19016e-01
3.21863e+04 4.19566e-01
3.21998e+04 4.20142e-01
3.22134e+04 4.20983e-01
3.22269e+04 4.21993e-01
3.22404e+04 4.22660e-01
3.22539e+04 4.23347e-01
3.22674e+04 4.24024e-01
3.22809e+04 4.24702e-01
3.22944e+04 4.25370e-01
3.23079e+04 4.25918e-01
3.23215e+04 4.26375e-01
3.23350e+04 4.26823e-01
3.23485e+04 4.27288e-01
3.23620e+04 4.27742e-01
3.23755e+04 4.28200e-01
3.23890e+04 4.28650e-01
3.24025e+04 4.29120e-01
3.24160e+04 4.29538e-01
3.24296e+04 4.29954e-01
3.24431e+04 4.30511e-01
3.24566e+04 4.31295e-01
3.24701e+04 4.31713e-01
3.24836e+04 4.32147e-01
3.24971e+04 4.32595e-01
3.25106e+04 4.33145e-01
3.25241e+04 4.33731e-01
3.25377e+04 4.34302e-01
3.25512e+04 4.34893e-01
3.25647e+04 4.35476e-01
3.25782e+04 4.36087e-01
3.25917e+04 4.36693e-01
3.26052e+04 4.37282e-01
3.26187e+04 4.37816e-01
3.26322e+04 4.38381e-01
3.26458e+04 4.38961e-01
3.26593e+04 4.39529e-01
3.26728e+04 4.40237e-01
3.26863e+04 4.41181e-01
3.26998e+04 4.41770e-01
3.27133e+04 4.42224e-01
3.27268e+04 4.42703e-01
3.27403e+04 4.43181e-01
3.27539e+04 4.43672e-01
3.27674e+04 4.44156e-01
3.27809e+04 4.44631e-01
3.27944e+04 4.45085e-01
3.28079e+04 4.45564e-01
3.28214e+04 4.46060e-01
3.28349e+04 4.46545e-01
3.28484e+04 4.47056e-01
3.28619e+04 4.47562e-01
3.28755e+04 4.48062e-01
3.28890e+04 4.48525e-01
3.29025e+04 4.49524e-01
3.29160e+04 4.49991e-01
3.29295e+04 4.50475e-01
3.29430e+04 4.50963e-01
3.29565e+04 4.51452e-01
3.29700e+04 4.51945e-01
3.29836e+04 4.52411e-01
3.29971e+04 4.52894e-01
3.30106e+04 4.53262e-01
3.30241e+04 4.53609e-01
3.30376e+04 4.53945e-01
3.30511e+04 4.54302e-01
3.30646e+04 4.54667e-01
3.30781e+04 4.55019e-01
3.30917e+04 4.55372e-01
3.31052e+04 4.55700e-01
3.31187e+04 4.56465e-01
3.31322e+04 4.56816e-01
3.31457e+04 4.57114e-01
3.31592e+04 4.57411e-01
3.31727e+04 4.57734e-01
3.31862e+04 4.58052e-01
3.31998e+04 4.58369e-01
3.32133e+04 4.58648e-01
3.32268e+04 4.58898e-01
3.32403e+04 4.59172e-01
3.32538e+04 4.59449e-01
3.32673e+04 4.59752e-01
3.32808e+04 4.60056e-01
3.32943e+04 4.60379e-01
3.33079e+04 4.60375e-01
3.33214e+04 4.60113e-01
3.33349e+04 4.59862e-01
3.33484e+04 4.60060e-01
3.33619e+04 4.59900e-01
3.33754e+04 4.59641e-01
3.33889e+04 4.59416e-01
3.34024e+04 4.58988e-01
3.34160e+04 4.57568e-01
3.34295e+04 4.56141e-01
3.34430e+04 4.54695e-01
3.34565e+04 4.53266e-01
3.34700e+04 4.51829e-01
3.34835e+04 4.50417e-01
3.34970e+04 4.49000e-01
3.35105e+04 4.45982e-01
3.35241e+04 4.42527e-01
3.35376e+04 4.39062e-01
3.35511e+04 4.35592e-01
3.35646e+04 4.32099e-01
3.35781e+04 4.28607e-01
3.35916e+04 4.25090e-01
3.36051e+04 4.23133e-01
3.36186e+04 4.23713e-01
3.36322e+04 4.24282e-01
3.36457e+04 4.24870e-01
3.36592e+04 4.25446e-01
3.36727e+04 4.26027e-01
3.36862e+04 4.26591e-01
3.36997e+04 4.27158e-01
3.37132e+04 4.31235e-01
3.37267e+04 4.35711e-01
3.37402e+04 4.40546e-01
3.37538e+04 4.44702e-01
3.37673e+04 4.48885e-01
3.37808e+04 4.53059e-01
3.37943e+04 4.57234e-01
3.38078e+04 4.59768e-01
3.38213e+04 4.61091e-01
3.38348e+04 4.62417e-01
3.38483e+04 4.63724e-01
3.38619e+04 4.65041e-01
3.38754e+04 4.66337e-01
3.38889e+04 4.67621e-01
3.39024e+04 4.68631e-01
3.39159e+04 4.68376e-01
3.39294e+04 4.68115e-01
3.39429e+04 4.67808e-01
3.39564e+04 4.67501e-01
3.39700e+04 4.67175e-01
3.39835e+04 4.66827e-01
3.39970e+04 4.66474e-01
3.40105e+04 4.66055e-01
3.40240e+04 4.65636e-01
3.40375e+04 4.65189e-01
3.40510e+04 4.64724e-01
3.40645e+04 4.64253e-01
3.40781e+04 4.63771e-01
3.40916e+04 4.63372e-01
3.41051e+04 4.63404e-01
3.41186e+04 4.63117e-01
3.41321e+04 4.62815e-01
3.41456e+04 4.62501e-01
3.41591e+04 4.62656e-01
3.41726e+04 4.62367e-01
3.41862e+04 4.62046e-01
3.41997e+04 4.61710e-01
3.42132e+04 4.61758e-01
3.42267e+04 4.61813e-01
3.42402e+04 4.61876e-01
3.42537e+04 4.61960e-01
3.42672e+04 4.62026e-01
3.42807e+04 4.62102e-01
3.42943e+04 4.62181e-01
3.43078e+04 4.62182e-01
3.43213e+04 4.62130e-01
3.43348e+04 4.62073e-01
3.43483e+04 4.62036e-01
3.43618e+04 4.61967e-01
3.43753e+04 4.61889e-01
3.43888e+04 4.61816e-01
3.44024e+04 4.61708e-01
3.44159e+04 4.61450e-01
3.44294e+04 4.61185e-01
3.44429e+04 4.61489e-01
3.44564e+04 4.61263e-01
3.44699e+04 4.61044e-01
3.44834e+04 4.61025e-01
3.44969e+04 4.61160e-01
3.45105e+04 4.61188e-01
3.45240e+04 4.61275e-01
3.45375e+04 4.61363e-01
3.45510e+04 4.61464e-01
3.45645e+04 4.61559e-01
3.45780e+04 4.61686e-01
3.45915e+04 4.61824e-01
3.46050e+04 4.62123e-01
3.46185e+04 4.62676e-01
3.46321e+04 4.63217e-01
3.46456e+04 4.63777e-01
3.46591e+04 4.64329e-01
3.46726e+04 4.64885e-01
3.46861e+04 4.65445e-01
3.46996e+04 4.66001e-01
3.47131e+04 4.66261e-01
3.47266e+04 4.66509e-01
3.47402e+04 4.66775e-01
3.47537e+04 4.67043e-01
3.47672e+04 4.67693e-01
3.47807e+04 4.68123e-01
3.47942e+04 4.68614e-01
3.48077e+04 4.69376e-01
3.48212e+04 4.69968e-01
3.48347e+04 4.70555e-01
3.48483e+04 4.71153e-01
3.48618e+04 4.71739e-01
3.48753e+04 4.72336e-01
3.48888e+04 4.72932e-01
3.49023e+04 4.73534e-01
3.49158e+04 4.74259e-01
3.49293e+04 4.74965e-01
3.49428e+04 4.75672e-01
3.49564e+04 4.76373e-01
3.49699e+04 4.77058e-01
3.49834e+04 4.77751e-01
3.49969e+04 4.78422e-01
3.50104e+04 4.79036e-01
3.50239e+04 4.79627e-01
3.50374e+04 4.80205e-01
3.50509e+04 4.80785e-01
3.50645e+04 4.81348e-01
3.50780e+04 4.82362e-01
3.50915e+04 4.83031e-01
3.51050e+04 4.83852e-01
3.51185e+04 4.84714e-01
3.51320e+04 4.85307e-01
3.51455e+04 4.85945e-01
3.51590e+04 4.86588e-01
3.51726e+04 4.87169e-01
3.51861e+04 4.87720e-01
3.51996e+04 4.88253e-01
3.52131e+04 4.88723e-01
3.52266e+04 4.89188e-01
3.52401e+04 4.89621e-01
3.52536e+04 4.90058e-01
3.52671e+04 4.90488e-01
3.52807e+04 4.90907e-01
3.52942e+04 4.91332e-01
3.53077e+04 4.91700e-01
3.53212e+04 4.92046e-01
3.53347e+04 4.92390e-01
3.53482e+04 4.93199e-01
3.53617e+04 4.93638e-01
3.53752e+04 4.93953e-01
3.53888e+04 4.94276e-01
3.54023e+04 4.94576e-01
3.54158e+04 4.94735e-01
3.54293e+04 4.95423e-01
3.54428e+04 4.95631e-01
3.54563e+04 4.95803e-01
3.54698e+04 4.95977e-01
3.54833e+04 4.96136e-01
3.54968e+04 4.96304e-01
3.55104e+04 4.96449e-01
3.55239e+04 4.97121e-01
3.55374e+04 4.97248e-01
3.55509e+04 4.97359e-01
3.55644e+04 4.97485e-01
3.55779e+04 4.97624e-01
3.55914e+04 4.97761e-01
3.56049e+04 4.97932e-01
3.56185e+04 4.98142e-01
3.56320e+04 4.98364e-01
3.56455e+04 4.98597e-01
3.56590e+04 4.98820e-01
3.56725e+04 4.99052e-01
3.56860e+04 4.99629e-01
3.56995e+04 5.00097e-01
3.57130e+04 5.00290e-01
3.57266e+04 5.00475e-01
3.57401e+04 5.00669e-01
3.57536e+04 5.00865e-01
3.57671e+04 5.01052e-01
3.57806e+04 5.01819e-01
3.57941e+04 5.02021e-01
3.58076e+04 5.02189e-01
3.58211e+04 5.02341e-01
3.58347e+04 5.02492e-01
3.58482e+04 5.03143e-01
3.58617e+04 5.03431e-01
3.58752e+04 5.03609e-01
3.58887e+04 5.03801e-01
3.59022e+04 5.03967e-01
3.59157e+04 5.04073e-01
3.59292e+04 5.04183e-01
3.59428e+04 5.04279e-01
3.59563e+04 5.04398e-01
3.59698e+04 5.04525e-01
3.59833e+04 5.04644e-01
3.59968e+04 5.04776e-01
3.60103e+04 5.04916e-01
3.60238e+04 5.05071e-01
3.60373e+04 5.05649e-01
3.60509e+04 5.05921e-01
3.60644e+04 5.06040e-01
3.60779e+04 5.06152e-01
3.60914e+04 5.06261e-01
3.61049e+04 5.06383e-01
3.61184e+04 5.06462e-01
3.61319e+04 5.06534e-01
3.61454e+04 5.06612e-01
3.61590e+04 5.06679e-01
3.61725e+04 5.06747e-01
3.61860e+04 5.06802e-01
3.61995e+04 5.07382e-01
3.62130e+04 5.07452e-01
3.62265e+04 5.07487e-01
3.62400e+04 5.07529e-01
3.62535e+04 5.07582e-01
3.62671e+04 5.07619e-01
3.62806e+04 5.07664e-01
3.62941e+04 5.07706e-01
3.63076e+04 5.07765e-01
3.63211e+04 5.07861e-01
3.63346e+04 5.07942e-01
3.63481e+04 5.08017e-01
3.63616e+04 5.08114e-01
3.63752e+04 5.08209e-01
3.63887e+04 5.08305e-01
3.64022e+04 5.08412e-01
3.64157e+04 5.08564e-01
3.64292e+04 5.08716e-01
3.64427e+04 5.08860e-01
3.64562e+04 5.08992e-01
3.64697e+04 5.09123e-01
3.64832e+04 5.09240e-01
3.64968e+04 5.09767e-01
3.65103e+04 5.10159e-01
3.65238e+04 5.10359e-01
3.65373e+04 5.10568e-01
3.65508e+04 5.10783e-01
3.65643e+04 5.10982e-01
3.65778e+04 5.11180e-01
3.65913e+04 5.11365e-01
3.66049e+04 5.11511e-01
3.66184e+04 5.11616e-01
3.66319e+04 5.11712e-01
3.66454e+04 5.11818e-01
3.66589e+04 5.11942e-01
3.66724e+04 5.12059e-01
3.66859e+04 5.12181e-01
3.66994e+04 5.12839e-01
3.67130e+04 5.13038e-01
3.67265e+04 5.13210e-01
3.67400e+04 5.13372e-01
3.67535e+04 5.13518e-01
3.67670e+04 5.13677e-01
3.67805e+04 5.13841e-01
3.67940e+04 5.14011e-01
3.68075e+04 5.14188e-01
3.68211e+04 5.14346e-01
3.68346e+04 5.14510e-01
3.68481e+04 5.14681e-01
3.68616e+04 5.14828e-01
3.68751e+04 5.14975e-01
3.68886e+04 5.15118e-01
3.69021e+04 5.15223e-01
3.69156e+04 5.15228e-01
3.69292e+04 5.15241e-01
3.69427e+04 5.15855e-01
3.69562e+04 5.15883e-01
3.69697e+04 5.15897e-01
3.69832e+04 5.15907e-01
3.69967e+04 5.15925e-01
3.70102e+04 5.15925e-01
3.70237e+04 5.15918e-01
3.70373e+04 5.15918e-01
3.70508e+04 5.15908e-01
3.70643e+04 5.15906e-01
3.70778e+04 5.15915e-01
3.70913e+04 5.15919e-01
3.71048e+04 5.15954e-01
3.71183e+04 5.16031e-01
3.71318e+04 5.16100e-01
3.71454e+04 5.16175e-01
3.71589e+04 5.16240e-01
3.71724e+04 5.16295e-01
3.71859e+04 5.16356e-01
3.71994e+04 5.16412e-01
3.72129e+04 5.16476e-01
3.72264e+04 5.16558e-01
3.72399e+04 5.16637e-01
3.72535e+04 5.16724e-01
3.72670e+04 5.16815e-01
3.72805e+04 5.16890e-01
3.72940e+04 5.16963e-01
3.73075e+04 5.17039e-01
3.73210e+04 5.17112e-01
3.73345e+04 5.17196e-01
3.73480e+04 5.17281e-01
3.73615e+04 5.17965e-01
3.73751e+04 5.18071e-01
3.73886e+04 5.18179e-01
3.74021e+04 5.18391e-01
3.74156e+04 5.18891e-01
3.74291e+04 5.18927e-01
3.74426e+04 5.18952e-01
3.74561e+04 5.18982e-01
3.74696e+04 5.19009e-01
3.74832e+04 5.19043e-01
3.74967e+04 5.19090e-01
3.75102e+04 5.19130e-01
3.75237e+04 5.19177e-01
3.75372e+04 5.19240e-01
3.75507e+04 5.19298e-01
3.75642e+04 5.19358e-01
3.75777e+04 5.19423e-01
3.75913e+04 5.19481e-01
3.76048e+04 5.19539e-01
3.76183e+04 5.19594e-01
3.76318e+04 5.19642e-01
3.76453e+04 5.19706e-01
3.76588e+04 5.19781e-01
3.76723e+04 5.19857e-01
3.76858e+04 5.19946e-01
3.76994e+04 5.20036e-01
3.77129e+04 5.20105e-01
3.77264e+04 5.20179e-01
3.77399e+04 5.20255e-01
3.77534e+04 5.20322e-01
3.77669e+04 5.20810e-01
3.77804e+04 5.21064e-01
3.77939e+04 5.21126e-01
3.78075e+04 5.21242e-01
3.78210e+04 5.21395e-01
3.78345e+04 5.21545e-01
3.78480e+04 5.21706e-01
3.78615e+04 5.21867e-01
3.78750e+04 5.22015e-01
3.78885e+04 5.22165e-01
3.79020e+04 5.22283e-01
3.79156e+04 5.22266e-01
3.79291e+04 5.22256e-01
3.79426e+04 5.22244e-01
3.79561e+04 5.22231e-01
3.79696e+04 5.22231e-01
3.79831e+04 5.22217e-01
3.79966e+04 5.22197e-01
3.80101e+04 5.22301e-01
3.80237e+04 5.22414e-01
3.80372e+04 5.22512e-01
3.80507e+04 5.22623e-01
3.80642e+04 5.22721e-01
3.80777e+04 5.22815e-01
3.80912e+04 5.22914e-01
3.81047e+04 5.22966e-01
3.81182e+04 5.22966e-01
3.81318e+04 5.22976e-01
3.81453e+04 5.22976e-01
3.81588e+04 5.22973e-01
3.81723e+04 5.23105e-01
3.81858e+04 5.23546e-01
3.81993e+04 5.23511e-01
3.82128e+04 5.23485e-01
3.82263e+04 5.23451e-01
3.82398e+04 5.23410e-01
3.82534e+04 5.23370e-01
3.82669e+04 5.23316e-01
3.82804e+04 5.23256e-01
3.82939e+04 5.23206e-01
3.83074e+04 5.23147e-01
3.83209e+04 5.23071e-01
3.83344e+04 5.22994e-01
3.83479e+04 5.22895e-01
3.83615e+04 5.22791e-01
3.83750e+04 5.22704e-01
3.83885e+04 5.23090e-01
3.84020e+04 5.23060e-01
3.84155e+04 5.22953e-01
3.84290e+04 5.22837e-01
3.84425e+04 5.22716e-01
3.84560e+04 5.22595e-01
3.84696e+04 5.22461e-01
3.84831e+04 5.22317e-01
3.84966e+04 5.22178e-01
3.85101e+04 5.22027e-01
3.85236e+04 5.21864e-01
3.85371e+04 5.21702e-01
3.85506e+04 5.21536e-01
3.85641e+04 5.21365e-01
3.85777e+04 5.21666e-01
3.85912e+04 5.21644e-01
3.86047e+04 5.21467e-01
3.86182e+04 5.21309e-01
3.86317e+04 5.21149e-01
3.86452e+04 5.20980e-01
3.86587e+04 5.20819e-01
3.86722e+04 5.20652e-01
3.86858e+04 5.20478e-01
3.86993e+04 5.20312e-01
3.87128e+04 5.20133e-01
3.87263e+04 5.19943e-01
3.87398e+04 5.19758e-01
3.87533e+04 5.19580e-01
3.87668e+04 5.19403e-01
3.87803e+04 5.19233e-01
3.87939e+04 5.19072e-01
3.88074e+04 5.18906e-01
3.88209e+04 5.18749e-01
3.88344e+04 5.18604e-01
3.88479e+04 5.18454e-01
3.88614e+04 5.18321e-01
3.88749e+04 5.18203e-01
3.88884e+04 5.18079e-01
3.89020e+04 5.17960e-01
3.89155e+04 5.17851e-01
3.89290e+04 5.17745e-01
3.89425e+04 5.17642e-01
3.89560e+04 5.17553e-01
3.89695e+04 5.17465e-01
3.89830e+04 5.17977e-01
3.89965e+04 5.17914e-01
3.90101e+04 5.17855e-01
3.90236e+04 5.17804e-01
3.90371e+04 5.17778e-01
3.90506e+04 5.17754e-01
3.90641e+04 5.17734e-01
3.90776e+04 5.17731e-01
3.90911e+04 5.17735e-01
3.91046e+04 5.17744e-01
3.91182e+04 5.17777e-01
3.91317e+04 5.17832e-01
3.91452e+04 5.18187e-01
3.91587e+04 5.18535e-01
3.91722e+04 5.18618e-01
3.91857e+04 5.18686e-01
3.91992e+04 5.18759e-01
3.92127e+04 5.18843e-01
3.92262e+04 5.18923e-01
3.92398e+04 5.19007e-01
3.92533e+04 5.19098e-01
3.92668e+04 5.19180e-01
3.92803e+04 5.19249e-01
3.92938e+04 5.19322e-01
3.93073e+04 5.19382e-01
3.93208e+04 5.19412e-01
3.93343e+04 5.19430e-01
3.93479e+04 5.19407e-01
3.93614e+04 5.19333e-01
3.93749e+04 5.19518e-01
3.93884e+04 5.19677e-01
3.94019e+04 5.19492e-01
3.94154e+04 5.19322e-01
3.94289e+04 5.19102e-01
3.94424e+04 5.18807e-01
3.94560e+04 5.18437e-01
3.94695e+04 5.17982e-01
3.94830e+04 5.17415e-01
3.94965e+04 5.16745e-01
3.95100e+04 5.15910e-01
3.95235e+04 5.14927e-01
3.95370e+04 5.13806e-01
3.95505e+04 5.12553e-01
3.95641e+04 5.11155e-01
3.95776e+04 5.09580e-01
3.95911e+04 5.07830e-01
3.96046e+04 5.05895e-01
3.96181e+04 5.03759e-01
3.96316e+04 5.01423e-01
3.96451e+04 4.98877e-01
3.96586e+04 4.96103e-01
3.96722e+04 4.93102e-01
3.96857e+04 4.89878e-01
3.96992e+04 4.86903e-01
3.97127e+04 4.83203e-01
3.97262e+04 4.79178e-01
3.97397e+04 4.74889e-01
3.97532e+04 4.70324e-01
3.97667e+04 4.65497e-01
3.97803e+04 4.60930e-01
3.97938e+04 4.55549e-01
3.98073e+04 4.49894e-01
3.98208e+04 4.43986e-01
3.98343e+04 4.37781e-01
3.98478e+04 4.31278e-01
3.98613e+04 4.24538e-01
3.98748e+04 4.17543e-01
3.98884e+04 4.10309e-01
3.99019e+04 4.02864e-01
3.99154e+04 3.95221e-01
3.99289e+04 3.87374e-01
3.99424e+04 3.79352e-01
3.99559e+04 3.71141e-01
3.99694e+04 3.62769e-01
3.99829e+04 3.54277e-01
3.99965e+04 3.45689e-01
4.00100e+04 3.37003e-01
4.00235e+04 3.28235e-01
4.00370e+04 3.19428e-01
4.00505e+04 3.10597e-01
4.00640e+04 3.01689e-01
4.00775e+04 2.92816e-01
4.00910e+04 2.83978e-01
4.01045e+04 2.75187e-01
4.01181e+04 2.66488e-01
4.01316e+04 2.57886e-01
4.01451e+04 2.49372e-01
4.01586e+04 2.40935e-01
4.01721e+04 2.32628e-01
4.01856e+04 2.24592e-01
4.01991e+04 2.16645e-01
4.02126e+04 2.08956e-01
4.02262e+04 2.01197e-01
4.02397e+04 1.93594e-01
4.02532e+04 1.86165e-01
4.02667e+04 1.78941e-01
4.02802e+04 1.71877e-01
4.02937e+04 1.65008e-01
4.03072e+04 1.58355e-01
4.03207e+04 1.51897e-01
4.03343e+04 1.45615e-01
4.03478e+04 1.39538e-01
4.03613e+04 1.33675e-01
4.03748e+04 1.27963e-01
4.03883e+04 1.22454e-01
4.04018e+04 1.17154e-01
4.04153e+04 1.12045e-01
4.04288e+04 1.07107e-01
4.04424e+04 1.02372e-01
4.04559e+04 9.78219e-02
4.04694e+04 9.34086e-02
4.04829e+04 8.91892e-02
4.04964e+04 8.51386e-02
4.05099e+04 8.12234e-02
4.05234e+04 7.74549e-02
4.05369e+04 7.38690e-02
4.05505e+04 7.04168e-02
4.05640e+04 6.70831e-02
4.05775e+04 6.39158e-02
4.05910e+04 6.08782e-02
4.06045e+04 5.79846e-02
4.06180e+04 5.52218e-02
4.06315e+04 5.25779e-02
4.06450e+04 5.00187e-02
4.06586e+04 4.75690e-02
4.06721e+04 4.52526e-02
4.06856e+04 4.30327e-02
4.06991e+04 4.08968e-02
4.07126e+04 3.88720e-02
4.07261e+04 3.69906e-02
4.07396e+04 3.51450e-02
4.07531e+04 3.33807e-02
4.07667e+04 3.17149e-02
4.07802e+04 3.01197e-02
4.07937e+04 2.85818e-02
4.08072e+04 2.71387e-02
4.08207e+04 2.57718e-02
4.08342e+04 2.44374e-02
4.08477e+04 2.31838e-02
4.08612e+04 2.20033e-02
4.08748e+04 2.08711e-02
4.08883e+04 1.97725e-02
4.09018e+04 1.87670e-02
4.09153e+04 1.77974e-02
4.09288e+04 1.68541e-02
4.09423e+04 1.59712e-02
4.09558e+04 1.51509e-02
4.09693e+04 1.43572e-02
4.09828e+04 1.35908e-02
4.09964e+04 1.29025e-02
4.10099e+04 1.22287e-02
4.10234e+04 1.15735e-02
4.10369e+04 1.09672e-02
4.10504e+04 1.04123e-02
4.10639e+04 9.84769e-03
4.10774e+04 9.31672e-03
4.10909e+04 8.83606e-03
4.11045e+04 8.37092e-03
4.11180e+04 7.91380e-03
4.11315e+04 7.49533e-03
4.11450e+04 7.12168e-03
4.11585e+04 6.72857e-03
4.11720e+04 6.36642e-03
4.11855e+04 6.04253e-03
4.11990e+04 5.73334e-03
4.12126e+04 5.40503e-03
4.12261e+04 5.12923e-03
4.12396e+04 4.86983e-03
4.12531e+04 4.60233e-03
4.12666e+04 4.34949e-03
4.12801e+04 4.13550e-03
4.12936e+04 3.92704e-03
4.13071e+04 3.70095e-03
4.13207e+04 3.51425e-03
4.13342e+04 3.33848e-03
4.13477e+04 3.15690e-03
4.13612e+04 2.97468e-03
4.13747e+04 2.84264e-03
4.13882e+04 2.69034e-03
4.14017e+04 2.53613e-03
4.14152e+04 2.40416e-03
4.14288e+04 2.29707e-03
4.14423e+04 2.16186e-03
4.14558e+04 2.03647e-03
4.14693e+04 1.94598e-03
4.14828e+04 1.85286e-03
4.14963e+04 1.74507e-03
4.15098e+04 1.65242e-03
4.15233e+04 1.58820e-03
4.15369e+04 1.49165e-03
4.15504e+04 1.40747e-03
4.15639e+04 1.34442e-03
4.15774e+04 1.28999e-03
4.15909e+04 1.19755e-03
4.16044e+04 1.14316e-03
4.16179e+04 1.10036e-03
4.16314e+04 1.04297e-03
4.16450e+04 9.68524e-04
4.16585e+04 9.30590e-04
4.16720e+04 8.90689e-04
4.16855e+04 8.29978e-04
4.16990e+04 7.82965e-04
4.17125e+04 7.59574e-04
4.17260e+04 7.23371e-04
4.17395e+04 6.64405e-04
4.17531e+04 6.39777e-04
4.17666e+04 6.16014e-04
4.17801e+04 5.76501e-04
4.17936e+04 5.29823e-04
4.18071e+04 5.27161e-04
4.18206e+04 4.97898e-04
4.18341e+04 4.59630e-04
4.18476e+04 4.32370e-04
4.18611e+04 4.37402e-04
4.18747e+04 3.99901e-04
4.18882e+04 3.68453e-04
4.19017e+04 3.54557e-04
4.19152e+04 3.46436e-04
4.19287e+04 3.06178e-04
4.19422e+04 2.91497e-04
4.19557e+04 2.92894e-04
4.19692e+04 2.76604e-04
4.19828e+04 2.42009e-04
4.19963e+04 2.30757e-04
4.20098e+04 2.29957e-04
4.20233e+04 2.00153e-04
4.20368e+04 1.79922e-04
4.20503e+04 1.83635e-04
4.20638e+04 1.85239e-04
4.20773e+04 1.47337e-04
4.20909e+04 1.40552e-04
4.21044e+04 1.45004e-04
4.21179e+04 1.34979e-04
4.21449e+04 1.11806e-04
4.21584e+04 1.18006e-04
