# Filter name : JWST/NIRCam.F356W
# Description : NIRCam F356W filter
# Photometric system : NIRCam
# FilterType : photon
# Band name : ------
# Observatory : JWST
# Instrument : NIRCam
# Comments : includes NIRCam optics, DBS, QE and JWST Optical Telescope Element
# 
2.99298e+04 1.00552e-04
2.99433e+04 1.08125e-04
2.99568e+04 1.15618e-04
2.99703e+04 1.23246e-04
2.99838e+04 1.31949e-04
2.99973e+04 1.41224e-04
3.00109e+04 1.51341e-04
3.00244e+04 1.62101e-04
3.00379e+04 1.73030e-04
3.00514e+04 1.84469e-04
3.00649e+04 1.97263e-04
3.00784e+04 2.11297e-04
3.00919e+04 2.25864e-04
3.01054e+04 2.41144e-04
3.01189e+04 2.57548e-04
3.01325e+04 2.75096e-04
3.01460e+04 2.93922e-04
3.01595e+04 3.14430e-04
3.01730e+04 3.35602e-04
3.01865e+04 3.58054e-04
3.02000e+04 3.81850e-04
3.02135e+04 4.07218e-04
3.02270e+04 4.33854e-04
3.02406e+04 4.62297e-04
3.02541e+04 4.92723e-04
3.02676e+04 5.24504e-04
3.02811e+04 5.58689e-04
3.02946e+04 5.95954e-04
3.03081e+04 6.35992e-04
3.03216e+04 6.78876e-04
3.03351e+04 7.25088e-04
3.03487e+04 7.74475e-04
3.03622e+04 8.27467e-04
3.03757e+04 8.85431e-04
3.03892e+04 9.47131e-04
3.04027e+04 1.01350e-03
3.04162e+04 1.08586e-03
3.04297e+04 1.16389e-03
3.04432e+04 1.24867e-03
3.04568e+04 1.34031e-03
3.04703e+04 1.43967e-03
3.04838e+04 1.54766e-03
3.04973e+04 1.66524e-03
3.05108e+04 1.79056e-03
3.05243e+04 1.92659e-03
3.05378e+04 2.07441e-03
3.05513e+04 2.23504e-03
3.05649e+04 2.40991e-03
3.05784e+04 2.60008e-03
3.05919e+04 2.80711e-03
3.06054e+04 3.03398e-03
3.06189e+04 3.28360e-03
3.06324e+04 3.55596e-03
3.06459e+04 3.85325e-03
3.06594e+04 4.18200e-03
3.06730e+04 4.53669e-03
3.06865e+04 4.92783e-03
3.07000e+04 5.35393e-03
3.07135e+04 5.81381e-03
3.07270e+04 6.31709e-03
3.07405e+04 6.86735e-03
3.07540e+04 7.46934e-03
3.07675e+04 8.12756e-03
3.07811e+04 8.84792e-03
3.07946e+04 9.63589e-03
3.08081e+04 1.05042e-02
3.08216e+04 1.14589e-02
3.08351e+04 1.25037e-02
3.08486e+04 1.36471e-02
3.08621e+04 1.48980e-02
3.08756e+04 1.62655e-02
3.08892e+04 1.77592e-02
3.09027e+04 1.93913e-02
3.09162e+04 2.11786e-02
3.09297e+04 2.31287e-02
3.09432e+04 2.52841e-02
3.09567e+04 2.76010e-02
3.09702e+04 3.01213e-02
3.09837e+04 3.28616e-02
3.09972e+04 3.58367e-02
3.10108e+04 3.90455e-02
3.10243e+04 4.25129e-02
3.10378e+04 4.62586e-02
3.10513e+04 5.02993e-02
3.10648e+04 5.46497e-02
3.10783e+04 5.93252e-02
3.10918e+04 6.43381e-02
3.11053e+04 6.97117e-02
3.11189e+04 7.54654e-02
3.11324e+04 8.15939e-02
3.11459e+04 8.81045e-02
3.11594e+04 9.49967e-02
3.11729e+04 1.02273e-01
3.11864e+04 1.09925e-01
3.11999e+04 1.17945e-01
3.12134e+04 1.26572e-01
3.12270e+04 1.35409e-01
3.12405e+04 1.44572e-01
3.12540e+04 1.54028e-01
3.12675e+04 1.63752e-01
3.12810e+04 1.73699e-01
3.12945e+04 1.83838e-01
3.13080e+04 1.94075e-01
3.13215e+04 2.04375e-01
3.13351e+04 2.14717e-01
3.13486e+04 2.25044e-01
3.13621e+04 2.35316e-01
3.13756e+04 2.45460e-01
3.13891e+04 2.55438e-01
3.14026e+04 2.65204e-01
3.14161e+04 2.74778e-01
3.14296e+04 2.84035e-01
3.14432e+04 2.92920e-01
3.14567e+04 3.01402e-01
3.14702e+04 3.09441e-01
3.14837e+04 3.17380e-01
3.14972e+04 3.24469e-01
3.15107e+04 3.31048e-01
3.15242e+04 3.37121e-01
3.15377e+04 3.42682e-01
3.15513e+04 3.47756e-01
3.15648e+04 3.52350e-01
3.15783e+04 3.56493e-01
3.15918e+04 3.60212e-01
3.16053e+04 3.63509e-01
3.16188e+04 3.66411e-01
3.16323e+04 3.68978e-01
3.16458e+04 3.71254e-01
3.16594e+04 3.73267e-01
3.16729e+04 3.75051e-01
3.16864e+04 3.76636e-01
3.16999e+04 3.78046e-01
3.17134e+04 3.79548e-01
3.17269e+04 3.81246e-01
3.17404e+04 3.82670e-01
3.17539e+04 3.83874e-01
3.17675e+04 3.85009e-01
3.17810e+04 3.86093e-01
3.17945e+04 3.87137e-01
3.18080e+04 3.88077e-01
3.18215e+04 3.88940e-01
3.18350e+04 3.89786e-01
3.18485e+04 3.90618e-01
3.18620e+04 3.91444e-01
3.18755e+04 3.92265e-01
3.18891e+04 3.93081e-01
3.19026e+04 3.93891e-01
3.19161e+04 3.94706e-01
3.19296e+04 3.95522e-01
3.19431e+04 3.96338e-01
3.19566e+04 3.97154e-01
3.19701e+04 3.97972e-01
3.19836e+04 3.99249e-01
3.19972e+04 4.00057e-01
3.20107e+04 4.00826e-01
3.20242e+04 4.01577e-01
3.20377e+04 4.02324e-01
3.20512e+04 4.03064e-01
3.20647e+04 4.03801e-01
3.20782e+04 4.04528e-01
3.20917e+04 4.05249e-01
3.21053e+04 4.05960e-01
3.21188e+04 4.06663e-01
3.21323e+04 4.06904e-01
3.21458e+04 4.07598e-01
3.21593e+04 4.08287e-01
3.21728e+04 4.08977e-01
3.21863e+04 4.09671e-01
3.21998e+04 4.10366e-01
3.22134e+04 4.11341e-01
3.22269e+04 4.12475e-01
3.22404e+04 4.13288e-01
3.22539e+04 4.14102e-01
3.22674e+04 4.14922e-01
3.22809e+04 4.15741e-01
3.22944e+04 4.16561e-01
3.23079e+04 4.17244e-01
3.23215e+04 4.17838e-01
3.23350e+04 4.18434e-01
3.23485e+04 4.19037e-01
3.23620e+04 4.19639e-01
3.23755e+04 4.20246e-01
3.23890e+04 4.20859e-01
3.24025e+04 4.21464e-01
3.24160e+04 4.22023e-01
3.24296e+04 4.22582e-01
3.24431e+04 4.23297e-01
3.24566e+04 4.24201e-01
3.24701e+04 4.24759e-01
3.24836e+04 4.25310e-01
3.24971e+04 4.25861e-01
3.25106e+04 4.26502e-01
3.25241e+04 4.27167e-01
3.25377e+04 4.27828e-01
3.25512e+04 4.28489e-01
3.25647e+04 4.29153e-01
3.25782e+04 4.29816e-01
3.25917e+04 4.30482e-01
3.26052e+04 4.31113e-01
3.26187e+04 4.31697e-01
3.26322e+04 4.32276e-01
3.26458e+04 4.32856e-01
3.26593e+04 4.33430e-01
3.26728e+04 4.34149e-01
3.26863e+04 4.35093e-01
3.26998e+04 4.35666e-01
3.27133e+04 4.36123e-01
3.27268e+04 4.36582e-01
3.27403e+04 4.37047e-01
3.27539e+04 4.37511e-01
3.27674e+04 4.37980e-01
3.27809e+04 4.38448e-01
3.27944e+04 4.38924e-01
3.28079e+04 4.39405e-01
3.28214e+04 4.39897e-01
3.28349e+04 4.40392e-01
3.28484e+04 4.40893e-01
3.28619e+04 4.41401e-01
3.28755e+04 4.41918e-01
3.28890e+04 4.42448e-01
3.29025e+04 4.43508e-01
3.29160e+04 4.44060e-01
3.29295e+04 4.44618e-01
3.29430e+04 4.45192e-01
3.29565e+04 4.45774e-01
3.29700e+04 4.46366e-01
3.29836e+04 4.46966e-01
3.29971e+04 4.47573e-01
3.30106e+04 4.48084e-01
3.30241e+04 4.48572e-01
3.30376e+04 4.49070e-01
3.30511e+04 4.49572e-01
3.30646e+04 4.50087e-01
3.30781e+04 4.50609e-01
3.30917e+04 4.51145e-01
3.31052e+04 4.51664e-01
3.31187e+04 4.52614e-01
3.31322e+04 4.53183e-01
3.31457e+04 4.53685e-01
3.31592e+04 4.54193e-01
3.31727e+04 4.54698e-01
3.31862e+04 4.55205e-01
3.31998e+04 4.55708e-01
3.32133e+04 4.56166e-01
3.32268e+04 4.56621e-01
3.32403e+04 4.57072e-01
3.32538e+04 4.57522e-01
3.32673e+04 4.57965e-01
3.32808e+04 4.58409e-01
3.32943e+04 4.58847e-01
3.33079e+04 4.58948e-01
3.33214e+04 4.58797e-01
3.33349e+04 4.58640e-01
3.33484e+04 4.58930e-01
3.33619e+04 4.58847e-01
3.33754e+04 4.58676e-01
3.33889e+04 4.58495e-01
3.34024e+04 4.58091e-01
3.34160e+04 4.56679e-01
3.34295e+04 4.55260e-01
3.34430e+04 4.53834e-01
3.34565e+04 4.52399e-01
3.34700e+04 4.50957e-01
3.34835e+04 4.49504e-01
3.34970e+04 4.48049e-01
3.35105e+04 4.44985e-01
3.35241e+04 4.41461e-01
3.35376e+04 4.37927e-01
3.35511e+04 4.34385e-01
3.35646e+04 4.30835e-01
3.35781e+04 4.27278e-01
3.35916e+04 4.23717e-01
3.36051e+04 4.21687e-01
3.36186e+04 4.22180e-01
3.36322e+04 4.22671e-01
3.36457e+04 4.23161e-01
3.36592e+04 4.23653e-01
3.36727e+04 4.24141e-01
3.36862e+04 4.24633e-01
3.36997e+04 4.25123e-01
3.37132e+04 4.29113e-01
3.37267e+04 4.33512e-01
3.37402e+04 4.38266e-01
3.37538e+04 4.42357e-01
3.37673e+04 4.46450e-01
3.37808e+04 4.50554e-01
3.37943e+04 4.54661e-01
3.38078e+04 4.57153e-01
3.38213e+04 4.58462e-01
3.38348e+04 4.59774e-01
3.38483e+04 4.61089e-01
3.38619e+04 4.62403e-01
3.38754e+04 4.63723e-01
3.38889e+04 4.65038e-01
3.39024e+04 4.66083e-01
3.39159e+04 4.65880e-01
3.39294e+04 4.65669e-01
3.39429e+04 4.65450e-01
3.39564e+04 4.65221e-01
3.39700e+04 4.64986e-01
3.39835e+04 4.64738e-01
3.39970e+04 4.64483e-01
3.40105e+04 4.64172e-01
3.40240e+04 4.63838e-01
3.40375e+04 4.63500e-01
3.40510e+04 4.63153e-01
3.40645e+04 4.62804e-01
3.40781e+04 4.62446e-01
3.40916e+04 4.62166e-01
3.41051e+04 4.62326e-01
3.41186e+04 4.62140e-01
3.41321e+04 4.61951e-01
3.41456e+04 4.61751e-01
3.41591e+04 4.62021e-01
3.41726e+04 4.61857e-01
3.41862e+04 4.61641e-01
3.41997e+04 4.61421e-01
3.42132e+04 4.61572e-01
3.42267e+04 4.61731e-01
3.42402e+04 4.61883e-01
3.42537e+04 4.62035e-01
3.42672e+04 4.62186e-01
3.42807e+04 4.62336e-01
3.42943e+04 4.62491e-01
3.43078e+04 4.62538e-01
3.43213e+04 4.62506e-01
3.43348e+04 4.62464e-01
3.43483e+04 4.62414e-01
3.43618e+04 4.62360e-01
3.43753e+04 4.62298e-01
3.43888e+04 4.62232e-01
3.44024e+04 4.62125e-01
3.44159e+04 4.61849e-01
3.44294e+04 4.61577e-01
3.44429e+04 4.61848e-01
3.44564e+04 4.61586e-01
3.44699e+04 4.61326e-01
3.44834e+04 4.61247e-01
3.44969e+04 4.61331e-01
3.45105e+04 4.61284e-01
3.45240e+04 4.61305e-01
3.45375e+04 4.61327e-01
3.45510e+04 4.61355e-01
3.45645e+04 4.61387e-01
3.45780e+04 4.61420e-01
3.45915e+04 4.61459e-01
3.46050e+04 4.61644e-01
3.46185e+04 4.62079e-01
3.46321e+04 4.62516e-01
3.46456e+04 4.62956e-01
3.46591e+04 4.63399e-01
3.46726e+04 4.63843e-01
3.46861e+04 4.64290e-01
3.46996e+04 4.64738e-01
3.47131e+04 4.64874e-01
3.47266e+04 4.65003e-01
3.47402e+04 4.65133e-01
3.47537e+04 4.65268e-01
3.47672e+04 4.65798e-01
3.47807e+04 4.66092e-01
3.47942e+04 4.66455e-01
3.48077e+04 4.67088e-01
3.48212e+04 4.67562e-01
3.48347e+04 4.68035e-01
3.48483e+04 4.68506e-01
3.48618e+04 4.68977e-01
3.48753e+04 4.69443e-01
3.48888e+04 4.69909e-01
3.49023e+04 4.70395e-01
3.49158e+04 4.70995e-01
3.49293e+04 4.71593e-01
3.49428e+04 4.72187e-01
3.49564e+04 4.72779e-01
3.49699e+04 4.73366e-01
3.49834e+04 4.73950e-01
3.49969e+04 4.74535e-01
3.50104e+04 4.75060e-01
3.50239e+04 4.75568e-01
3.50374e+04 4.76073e-01
3.50509e+04 4.76573e-01
3.50645e+04 4.77071e-01
3.50780e+04 4.78011e-01
3.50915e+04 4.78620e-01
3.51050e+04 4.79410e-01
3.51185e+04 4.80244e-01
3.51320e+04 4.80803e-01
3.51455e+04 4.81353e-01
3.51590e+04 4.81900e-01
3.51726e+04 4.82442e-01
3.51861e+04 4.82982e-01
3.51996e+04 4.83515e-01
3.52131e+04 4.83964e-01
3.52266e+04 4.84403e-01
3.52401e+04 4.84839e-01
3.52536e+04 4.85276e-01
3.52671e+04 4.85714e-01
3.52807e+04 4.86150e-01
3.52942e+04 4.86585e-01
3.53077e+04 4.86985e-01
3.53212e+04 4.87357e-01
3.53347e+04 4.87730e-01
3.53482e+04 4.88571e-01
3.53617e+04 4.89046e-01
3.53752e+04 4.89419e-01
3.53888e+04 4.89792e-01
3.54023e+04 4.90141e-01
3.54158e+04 4.90364e-01
3.54293e+04 4.91099e-01
3.54428e+04 4.91366e-01
3.54563e+04 4.91597e-01
3.54698e+04 4.91832e-01
3.54833e+04 4.92067e-01
3.54968e+04 4.92304e-01
3.55104e+04 4.92525e-01
3.55239e+04 4.93271e-01
3.55374e+04 4.93467e-01
3.55509e+04 4.93666e-01
3.55644e+04 4.93868e-01
3.55779e+04 4.94074e-01
3.55914e+04 4.94285e-01
3.56049e+04 4.94523e-01
3.56185e+04 4.94808e-01
3.56320e+04 4.95095e-01
3.56455e+04 4.95385e-01
3.56590e+04 4.95678e-01
3.56725e+04 4.95975e-01
3.56860e+04 4.96625e-01
3.56995e+04 4.97160e-01
3.57130e+04 4.97402e-01
3.57266e+04 4.97644e-01
3.57401e+04 4.97888e-01
3.57536e+04 4.98134e-01
3.57671e+04 4.98382e-01
3.57806e+04 4.99188e-01
3.57941e+04 4.99438e-01
3.58076e+04 4.99653e-01
3.58211e+04 4.99843e-01
3.58347e+04 5.00034e-01
3.58482e+04 5.00703e-01
3.58617e+04 5.01004e-01
3.58752e+04 5.01198e-01
3.58887e+04 5.01390e-01
3.59022e+04 5.01572e-01
3.59157e+04 5.01696e-01
3.59292e+04 5.01821e-01
3.59428e+04 5.01946e-01
3.59563e+04 5.02072e-01
3.59698e+04 5.02198e-01
3.59833e+04 5.02327e-01
3.59968e+04 5.02458e-01
3.60103e+04 5.02590e-01
3.60238e+04 5.02721e-01
3.60373e+04 5.03281e-01
3.60509e+04 5.03568e-01
3.60644e+04 5.03699e-01
3.60779e+04 5.03831e-01
3.60914e+04 5.03964e-01
3.61049e+04 5.04073e-01
3.61184e+04 5.04143e-01
3.61319e+04 5.04214e-01
3.61454e+04 5.04284e-01
3.61590e+04 5.04354e-01
3.61725e+04 5.04424e-01
3.61860e+04 5.04494e-01
3.61995e+04 5.05098e-01
3.62130e+04 5.05187e-01
3.62265e+04 5.05248e-01
3.62400e+04 5.05312e-01
3.62535e+04 5.05375e-01
3.62671e+04 5.05439e-01
3.62806e+04 5.05503e-01
3.62941e+04 5.05565e-01
3.63076e+04 5.05667e-01
3.63211e+04 5.05801e-01
3.63346e+04 5.05933e-01
3.63481e+04 5.06065e-01
3.63616e+04 5.06197e-01
3.63752e+04 5.06330e-01
3.63887e+04 5.06462e-01
3.64022e+04 5.06606e-01
3.64157e+04 5.06805e-01
3.64292e+04 5.07004e-01
3.64427e+04 5.07202e-01
3.64562e+04 5.07400e-01
3.64697e+04 5.07596e-01
3.64832e+04 5.07791e-01
3.64968e+04 5.08386e-01
3.65103e+04 5.08826e-01
3.65238e+04 5.09091e-01
3.65373e+04 5.09355e-01
3.65508e+04 5.09617e-01
3.65643e+04 5.09876e-01
3.65778e+04 5.10135e-01
3.65913e+04 5.10389e-01
3.66049e+04 5.10615e-01
3.66184e+04 5.10793e-01
3.66319e+04 5.10970e-01
3.66454e+04 5.11146e-01
3.66589e+04 5.11319e-01
3.66724e+04 5.11489e-01
3.66859e+04 5.11656e-01
3.66994e+04 5.12359e-01
3.67130e+04 5.12620e-01
3.67265e+04 5.12849e-01
3.67400e+04 5.13074e-01
3.67535e+04 5.13296e-01
3.67670e+04 5.13516e-01
3.67805e+04 5.13733e-01
3.67940e+04 5.13949e-01
3.68075e+04 5.14160e-01
3.68211e+04 5.14368e-01
3.68346e+04 5.14576e-01
3.68481e+04 5.14780e-01
3.68616e+04 5.14982e-01
3.68751e+04 5.15182e-01
3.68886e+04 5.15381e-01
3.69021e+04 5.15557e-01
3.69156e+04 5.15617e-01
3.69292e+04 5.15675e-01
3.69427e+04 5.16330e-01
3.69562e+04 5.16388e-01
3.69697e+04 5.16445e-01
3.69832e+04 5.16502e-01
3.69967e+04 5.16558e-01
3.70102e+04 5.16614e-01
3.70237e+04 5.16670e-01
3.70373e+04 5.16726e-01
3.70508e+04 5.16783e-01
3.70643e+04 5.16843e-01
3.70778e+04 5.16904e-01
3.70913e+04 5.16965e-01
3.71048e+04 5.17052e-01
3.71183e+04 5.17183e-01
3.71318e+04 5.17315e-01
3.71454e+04 5.17447e-01
3.71589e+04 5.17578e-01
3.71724e+04 5.17709e-01
3.71859e+04 5.17840e-01
3.71994e+04 5.17973e-01
3.72129e+04 5.18109e-01
3.72264e+04 5.18246e-01
3.72399e+04 5.18383e-01
3.72535e+04 5.18522e-01
3.72670e+04 5.18660e-01
3.72805e+04 5.18798e-01
3.72940e+04 5.18936e-01
3.73075e+04 5.19075e-01
3.73210e+04 5.19216e-01
3.73345e+04 5.19356e-01
3.73480e+04 5.19494e-01
3.73615e+04 5.20233e-01
3.73751e+04 5.20368e-01
3.73886e+04 5.20498e-01
3.74021e+04 5.20733e-01
3.74156e+04 5.21240e-01
3.74291e+04 5.21281e-01
3.74426e+04 5.21317e-01
3.74561e+04 5.21348e-01
3.74696e+04 5.21372e-01
3.74832e+04 5.21391e-01
3.74967e+04 5.21405e-01
3.75102e+04 5.21412e-01
3.75237e+04 5.21414e-01
3.75372e+04 5.21408e-01
3.75507e+04 5.21394e-01
3.75642e+04 5.21373e-01
3.75777e+04 5.21343e-01
3.75913e+04 5.21305e-01
3.76048e+04 5.21260e-01
3.76183e+04 5.21206e-01
3.76318e+04 5.21145e-01
3.76453e+04 5.21079e-01
3.76588e+04 5.21005e-01
3.76723e+04 5.20925e-01
3.76858e+04 5.20841e-01
3.76994e+04 5.20748e-01
3.77129e+04 5.20641e-01
3.77264e+04 5.20528e-01
3.77399e+04 5.20407e-01
3.77534e+04 5.20280e-01
3.77669e+04 5.20566e-01
3.77804e+04 5.20616e-01
3.77939e+04 5.20478e-01
3.78075e+04 5.20382e-01
3.78210e+04 5.20320e-01
3.78345e+04 5.20258e-01
3.78480e+04 5.20196e-01
3.78615e+04 5.20132e-01
3.78750e+04 5.20069e-01
3.78885e+04 5.20005e-01
3.79020e+04 5.19920e-01
3.79156e+04 5.19717e-01
3.79291e+04 5.19520e-01
3.79426e+04 5.19327e-01
3.79561e+04 5.19142e-01
3.79696e+04 5.18963e-01
3.79831e+04 5.18789e-01
3.79966e+04 5.18624e-01
3.80101e+04 5.18575e-01
3.80237e+04 5.18569e-01
3.80372e+04 5.18573e-01
3.80507e+04 5.18584e-01
3.80642e+04 5.18603e-01
3.80777e+04 5.18636e-01
3.80912e+04 5.18682e-01
3.81047e+04 5.18712e-01
3.81182e+04 5.18705e-01
3.81318e+04 5.18710e-01
3.81453e+04 5.18725e-01
3.81588e+04 5.18753e-01
3.81723e+04 5.18927e-01
3.81858e+04 5.19433e-01
3.81993e+04 5.19486e-01
3.82128e+04 5.19556e-01
3.82263e+04 5.19635e-01
3.82398e+04 5.19726e-01
3.82534e+04 5.19825e-01
3.82669e+04 5.19931e-01
3.82804e+04 5.20046e-01
3.82939e+04 5.20165e-01
3.83074e+04 5.20286e-01
3.83209e+04 5.20409e-01
3.83344e+04 5.20532e-01
3.83479e+04 5.20653e-01
3.83615e+04 5.20772e-01
3.83750e+04 5.20887e-01
3.83885e+04 5.21490e-01
3.84020e+04 5.21686e-01
3.84155e+04 5.21784e-01
3.84290e+04 5.21871e-01
3.84425e+04 5.21948e-01
3.84560e+04 5.22014e-01
3.84696e+04 5.22066e-01
3.84831e+04 5.22104e-01
3.84966e+04 5.22123e-01
3.85101e+04 5.22118e-01
3.85236e+04 5.22093e-01
3.85371e+04 5.22049e-01
3.85506e+04 5.21983e-01
3.85641e+04 5.21895e-01
3.85777e+04 5.22245e-01
3.85912e+04 5.22248e-01
3.86047e+04 5.22086e-01
3.86182e+04 5.21900e-01
3.86317e+04 5.21685e-01
3.86452e+04 5.21441e-01
3.86587e+04 5.21169e-01
3.86722e+04 5.20867e-01
3.86858e+04 5.20538e-01
3.86993e+04 5.20184e-01
3.87128e+04 5.19790e-01
3.87263e+04 5.19370e-01
3.87398e+04 5.18925e-01
3.87533e+04 5.18451e-01
3.87668e+04 5.17950e-01
3.87803e+04 5.17425e-01
3.87939e+04 5.16874e-01
3.88074e+04 5.16308e-01
3.88209e+04 5.15728e-01
3.88344e+04 5.15128e-01
3.88479e+04 5.14512e-01
3.88614e+04 5.13883e-01
3.88749e+04 5.13241e-01
3.88884e+04 5.12586e-01
3.89020e+04 5.11922e-01
3.89155e+04 5.11240e-01
3.89290e+04 5.10548e-01
3.89425e+04 5.09850e-01
3.89560e+04 5.09144e-01
3.89695e+04 5.08430e-01
3.89830e+04 5.08298e-01
3.89965e+04 5.07574e-01
3.90101e+04 5.06842e-01
3.90236e+04 5.06106e-01
3.90371e+04 5.05366e-01
3.90506e+04 5.04621e-01
3.90641e+04 5.03871e-01
3.90776e+04 5.03115e-01
3.90911e+04 5.02347e-01
3.91046e+04 5.01571e-01
3.91182e+04 5.00789e-01
3.91317e+04 4.99986e-01
3.91452e+04 4.99447e-01
3.91587e+04 4.98860e-01
3.91722e+04 4.97972e-01
3.91857e+04 4.97045e-01
3.91992e+04 4.96074e-01
3.92127e+04 4.95050e-01
3.92262e+04 4.93963e-01
3.92398e+04 4.92804e-01
3.92533e+04 4.91564e-01
3.92668e+04 4.90230e-01
3.92803e+04 4.88793e-01
3.92938e+04 4.87239e-01
3.93073e+04 4.85548e-01
3.93208e+04 4.83711e-01
3.93343e+04 4.81718e-01
3.93479e+04 4.79555e-01
3.93614e+04 4.77209e-01
3.93749e+04 4.74933e-01
3.93884e+04 4.72454e-01
3.94019e+04 4.69482e-01
3.94154e+04 4.66331e-01
3.94289e+04 4.62922e-01
3.94424e+04 4.59246e-01
3.94560e+04 4.55290e-01
3.94695e+04 4.51043e-01
3.94830e+04 4.46497e-01
3.94965e+04 4.41646e-01
3.95100e+04 4.36432e-01
3.95235e+04 4.30884e-01
3.95370e+04 4.25028e-01
3.95505e+04 4.18862e-01
3.95641e+04 4.12383e-01
3.95776e+04 4.05599e-01
3.95911e+04 3.98515e-01
3.96046e+04 3.91143e-01
3.96181e+04 3.83497e-01
3.96316e+04 3.75588e-01
3.96451e+04 3.67431e-01
3.96586e+04 3.59049e-01
3.96722e+04 3.50462e-01
3.96857e+04 3.41687e-01
3.96992e+04 3.33085e-01
3.97127e+04 3.24031e-01
3.97262e+04 3.14829e-01
3.97397e+04 3.05532e-01
3.97532e+04 2.96167e-01
3.97667e+04 2.86759e-01
3.97803e+04 2.77652e-01
3.97938e+04 2.68225e-01
3.98073e+04 2.58826e-01
3.98208e+04 2.49477e-01
3.98343e+04 2.40204e-01
3.98478e+04 2.31029e-01
3.98613e+04 2.21970e-01
3.98748e+04 2.13046e-01
3.98884e+04 2.04274e-01
3.99019e+04 1.95672e-01
3.99154e+04 1.87253e-01
3.99289e+04 1.79030e-01
3.99424e+04 1.71014e-01
3.99559e+04 1.63214e-01
3.99694e+04 1.55638e-01
3.99829e+04 1.48293e-01
3.99965e+04 1.41183e-01
4.00100e+04 1.34310e-01
4.00235e+04 1.27680e-01
4.00370e+04 1.21295e-01
4.00505e+04 1.15154e-01
4.00640e+04 1.09257e-01
4.00775e+04 1.03600e-01
4.00910e+04 9.81803e-02
4.01045e+04 9.30005e-02
4.01181e+04 8.80580e-02
4.01316e+04 8.33394e-02
4.01451e+04 7.88402e-02
4.01586e+04 7.45542e-02
4.01721e+04 7.04751e-02
4.01856e+04 6.66396e-02
4.01991e+04 6.29841e-02
4.02126e+04 5.95401e-02
4.02262e+04 5.62069e-02
4.02397e+04 5.30488e-02
4.02532e+04 5.00575e-02
4.02667e+04 4.72260e-02
4.02802e+04 4.45478e-02
4.02937e+04 4.20161e-02
4.03072e+04 3.96236e-02
4.03207e+04 3.73640e-02
4.03343e+04 3.52305e-02
4.03478e+04 3.32159e-02
4.03613e+04 3.13155e-02
4.03748e+04 2.95240e-02
4.03883e+04 2.78353e-02
4.04018e+04 2.62438e-02
4.04153e+04 2.47472e-02
4.04288e+04 2.33369e-02
4.04424e+04 2.20083e-02
4.04559e+04 2.07580e-02
4.04694e+04 1.95810e-02
4.04829e+04 1.84723e-02
4.04964e+04 1.74278e-02
4.05099e+04 1.64432e-02
4.05234e+04 1.55156e-02
4.05369e+04 1.46426e-02
4.05505e+04 1.38217e-02
4.05640e+04 1.30493e-02
4.05775e+04 1.23220e-02
4.05910e+04 1.16371e-02
4.06045e+04 1.09985e-02
4.06180e+04 1.03977e-02
4.06315e+04 9.82548e-03
4.06450e+04 9.28682e-03
4.06586e+04 8.77940e-03
4.06721e+04 8.30110e-03
4.06856e+04 7.85095e-03
4.06991e+04 7.42755e-03
4.07126e+04 7.02917e-03
4.07261e+04 6.65838e-03
4.07396e+04 6.30741e-03
4.07531e+04 5.97416e-03
4.07667e+04 5.66032e-03
4.07802e+04 5.36535e-03
4.07937e+04 5.08721e-03
4.08072e+04 4.82395e-03
4.08207e+04 4.57542e-03
4.08342e+04 4.34129e-03
4.08477e+04 4.12019e-03
4.08612e+04 3.91078e-03
4.08748e+04 3.71270e-03
4.08883e+04 3.52486e-03
4.09018e+04 3.34726e-03
4.09153e+04 3.17994e-03
4.09288e+04 3.02250e-03
4.09423e+04 2.87368e-03
4.09558e+04 2.73330e-03
4.09693e+04 2.60119e-03
4.09828e+04 2.47615e-03
4.09964e+04 2.35768e-03
4.10099e+04 2.24554e-03
4.10234e+04 2.13958e-03
4.10369e+04 2.04034e-03
4.10504e+04 1.94546e-03
4.10639e+04 1.85491e-03
4.10774e+04 1.76895e-03
4.10909e+04 1.68735e-03
4.11045e+04 1.61078e-03
4.11180e+04 1.53864e-03
4.11315e+04 1.46984e-03
4.11450e+04 1.40461e-03
4.11585e+04 1.34275e-03
4.11720e+04 1.28383e-03
4.11855e+04 1.22840e-03
4.11990e+04 1.17613e-03
4.12126e+04 1.12566e-03
4.12261e+04 1.07727e-03
4.12396e+04 1.03117e-03
4.12531e+04 9.87711e-04
4.12666e+04 9.46148e-04
4.12801e+04 9.06369e-04
4.12936e+04 8.68694e-04
4.13071e+04 8.32728e-04
4.13207e+04 7.98486e-04
4.13342e+04 7.66392e-04
4.13477e+04 7.36333e-04
4.13612e+04 7.07319e-04
4.13747e+04 6.79618e-04
4.13882e+04 6.53555e-04
4.14017e+04 6.28806e-04
4.14152e+04 6.04330e-04
4.14288e+04 5.80451e-04
4.14423e+04 5.57488e-04
4.14558e+04 5.35758e-04
4.14693e+04 5.15359e-04
4.14828e+04 4.96999e-04
4.14963e+04 4.78942e-04
4.15098e+04 4.61481e-04
4.15233e+04 4.45479e-04
4.15369e+04 4.30710e-04
4.15504e+04 4.16018e-04
4.15639e+04 4.00880e-04
4.15774e+04 3.86287e-04
4.15909e+04 3.72419e-04
4.16044e+04 3.59435e-04
4.16179e+04 3.46917e-04
4.16314e+04 3.34947e-04
4.16450e+04 3.23231e-04
4.16585e+04 3.12224e-04
4.16720e+04 3.02313e-04
4.16855e+04 2.93284e-04
4.16990e+04 2.84335e-04
4.17125e+04 2.75553e-04
4.17260e+04 2.67400e-04
4.17395e+04 2.59388e-04
4.17531e+04 2.51320e-04
4.17666e+04 2.43826e-04
4.17801e+04 2.37069e-04
4.17936e+04 2.30241e-04
4.18071e+04 2.23380e-04
4.18206e+04 2.16662e-04
4.18341e+04 2.10298e-04
4.18476e+04 2.04091e-04
4.18611e+04 1.98551e-04
4.18747e+04 1.93355e-04
4.18882e+04 1.88106e-04
4.19017e+04 1.82606e-04
4.19152e+04 1.77631e-04
4.19287e+04 1.73159e-04
4.19422e+04 1.68926e-04
4.19557e+04 1.64438e-04
4.19692e+04 1.60342e-04
4.19828e+04 1.56250e-04
4.19963e+04 1.52004e-04
4.20098e+04 1.47994e-04
4.20233e+04 1.44360e-04
4.20368e+04 1.40908e-04
4.20503e+04 1.37551e-04
4.20638e+04 1.34755e-04
4.20773e+04 1.32253e-04
4.20909e+04 1.29813e-04
4.21044e+04 1.27679e-04
4.21179e+04 1.26164e-04
4.21314e+04 1.24674e-04
4.21449e+04 1.22863e-04
4.21584e+04 1.20745e-04
4.21719e+04 1.18733e-04
4.21854e+04 1.16606e-04
4.21990e+04 1.14647e-04
4.22125e+04 1.12821e-04
4.22260e+04 1.10852e-04
4.22395e+04 1.08418e-04
4.22530e+04 1.06034e-04
4.22665e+04 1.03980e-04
4.22800e+04 1.02021e-04
4.22935e+04 1.00202e-04
