# Filter name : JWST/NIRCam.F115W
# Description : NIRCam F115W filter
# Photometric system : NIRCam
# FilterType : photon
# Band name : ------
# Observatory : JWST
# Instrument : NIRCam
# Comments : includes NIRCam optics, DBS, QE and JWST Optical Telescope Element
# 
9.89200e+03 1.16806e-04
9.90200e+03 1.39915e-04
9.91200e+03 1.65642e-04
9.92200e+03 1.94668e-04
9.93200e+03 2.27798e-04
9.94200e+03 2.66434e-04
9.95200e+03 3.12148e-04
9.96200e+03 3.69172e-04
9.97200e+03 4.42097e-04
9.98200e+03 1.30069e-02
9.99200e+03 2.70756e-02
1.00020e+04 4.28148e-02
1.00120e+04 4.76832e-02
1.00220e+04 5.34747e-02
1.00320e+04 5.94043e-02
1.00420e+04 6.67910e-02
1.00520e+04 7.49599e-02
1.00620e+04 8.55468e-02
1.00720e+04 9.73747e-02
1.00820e+04 1.10893e-01
1.00920e+04 1.25960e-01
1.01020e+04 1.42039e-01
1.01120e+04 1.59727e-01
1.01220e+04 1.77810e-01
1.01320e+04 1.96057e-01
1.01420e+04 2.12324e-01
1.01520e+04 2.26330e-01
1.01620e+04 2.36460e-01
1.01720e+04 2.43700e-01
1.01820e+04 2.47439e-01
1.01920e+04 2.49630e-01
1.02020e+04 2.49794e-01
1.02120e+04 2.50262e-01
1.02220e+04 2.50079e-01
1.02320e+04 2.50114e-01
1.02420e+04 2.49846e-01
1.02520e+04 2.50314e-01
1.02620e+04 2.50757e-01
1.02720e+04 2.51706e-01
1.02820e+04 2.52747e-01
1.02920e+04 2.53878e-01
1.03020e+04 2.55083e-01
1.03120e+04 2.56275e-01
1.03220e+04 2.58664e-01
1.03320e+04 2.60133e-01
1.03420e+04 2.62402e-01
1.03520e+04 2.63988e-01
1.03620e+04 2.65627e-01
1.03720e+04 2.65955e-01
1.03820e+04 2.67706e-01
1.03920e+04 2.69278e-01
1.04020e+04 2.70917e-01
1.04120e+04 2.71163e-01
1.04220e+04 2.71870e-01
1.04320e+04 2.71919e-01
1.04420e+04 2.72391e-01
1.04520e+04 2.73166e-01
1.04620e+04 2.74093e-01
1.04720e+04 2.74927e-01
1.04820e+04 2.75898e-01
1.04920e+04 2.76497e-01
1.05020e+04 2.77266e-01
1.05120e+04 2.78809e-01
1.05220e+04 2.80159e-01
1.05320e+04 2.80862e-01
1.05420e+04 2.81872e-01
1.05520e+04 2.82427e-01
1.05620e+04 2.82448e-01
1.05720e+04 2.81722e-01
1.05820e+04 2.81734e-01
1.05920e+04 2.81670e-01
1.06020e+04 2.80976e-01
1.06120e+04 2.80240e-01
1.06220e+04 2.79373e-01
1.06320e+04 2.78058e-01
1.06420e+04 2.77150e-01
1.06520e+04 2.76085e-01
1.06620e+04 2.75618e-01
1.06720e+04 2.73529e-01
1.06820e+04 2.72127e-01
1.06920e+04 2.70209e-01
1.07020e+04 2.68116e-01
1.07120e+04 2.66501e-01
1.07220e+04 2.65165e-01
1.07320e+04 2.63777e-01
1.07420e+04 2.61778e-01
1.07520e+04 2.60488e-01
1.07620e+04 2.59950e-01
1.07720e+04 2.58910e-01
1.07820e+04 2.58745e-01
1.07920e+04 2.58555e-01
1.08020e+04 2.58548e-01
1.08120e+04 2.58841e-01
1.08220e+04 2.59810e-01
1.08320e+04 2.60175e-01
1.08420e+04 2.61000e-01
1.08520e+04 2.61726e-01
1.08620e+04 2.63638e-01
1.08720e+04 2.64795e-01
1.08820e+04 2.66785e-01
1.08920e+04 2.68692e-01
1.09020e+04 2.71333e-01
1.09120e+04 2.73475e-01
1.09220e+04 2.76084e-01
1.09320e+04 2.78459e-01
1.09420e+04 2.80850e-01
1.09520e+04 2.83039e-01
1.09620e+04 2.84888e-01
1.09720e+04 2.87615e-01
1.09820e+04 2.89655e-01
1.09920e+04 2.91704e-01
1.10020e+04 2.92502e-01
1.10120e+04 2.93558e-01
1.10220e+04 2.94459e-01
1.10320e+04 2.95635e-01
1.10420e+04 2.96496e-01
1.10520e+04 2.97422e-01
1.10620e+04 2.97473e-01
1.10720e+04 2.97571e-01
1.10820e+04 2.97381e-01
1.10920e+04 2.96803e-01
1.11020e+04 2.97083e-01
1.11120e+04 2.97143e-01
1.11220e+04 2.97468e-01
1.11320e+04 2.96901e-01
1.11420e+04 2.96792e-01
1.11520e+04 2.96629e-01
1.11620e+04 2.95920e-01
1.11720e+04 2.95169e-01
1.11820e+04 2.94506e-01
1.11920e+04 2.94096e-01
1.12020e+04 2.94067e-01
1.12120e+04 2.93178e-01
1.12220e+04 2.92789e-01
1.12320e+04 2.91573e-01
1.12420e+04 2.91861e-01
1.12520e+04 2.92159e-01
1.12620e+04 2.93213e-01
1.12720e+04 2.93692e-01
1.12820e+04 2.94894e-01
1.12920e+04 2.95715e-01
1.13020e+04 2.97111e-01
1.13120e+04 2.97851e-01
1.13220e+04 2.99503e-01
1.13320e+04 3.00485e-01
1.13420e+04 3.01966e-01
1.13520e+04 3.02931e-01
1.13620e+04 3.04167e-01
1.13720e+04 3.05711e-01
1.13820e+04 3.06705e-01
1.13920e+04 3.08089e-01
1.14020e+04 3.08644e-01
1.14120e+04 3.10690e-01
1.14220e+04 3.12812e-01
1.14320e+04 3.14893e-01
1.14420e+04 3.17226e-01
1.14520e+04 3.19356e-01
1.14620e+04 3.20798e-01
1.14720e+04 3.22467e-01
1.14820e+04 3.23979e-01
1.14920e+04 3.26102e-01
1.15020e+04 3.27772e-01
1.15120e+04 3.29588e-01
1.15220e+04 3.31584e-01
1.15320e+04 3.32744e-01
1.15420e+04 3.34214e-01
1.15520e+04 3.36025e-01
1.15620e+04 3.37923e-01
1.15720e+04 3.40138e-01
1.15820e+04 3.41634e-01
1.15920e+04 3.44080e-01
1.16020e+04 3.45097e-01
1.16120e+04 3.46779e-01
1.16220e+04 3.47888e-01
1.16320e+04 3.49732e-01
1.16420e+04 3.50885e-01
1.16520e+04 3.51826e-01
1.16620e+04 3.52588e-01
1.16720e+04 3.53641e-01
1.16820e+04 3.54204e-01
1.16920e+04 3.54501e-01
1.17020e+04 3.54797e-01
1.17120e+04 3.55088e-01
1.17220e+04 3.55520e-01
1.17320e+04 3.55477e-01
1.17420e+04 3.55896e-01
1.17520e+04 3.56681e-01
1.17620e+04 3.56263e-01
1.17720e+04 3.56678e-01
1.17820e+04 3.56103e-01
1.17920e+04 3.55688e-01
1.18020e+04 3.55165e-01
1.18120e+04 3.55561e-01
1.18220e+04 3.56453e-01
1.18320e+04 3.56069e-01
1.18420e+04 3.55580e-01
1.18520e+04 3.55000e-01
1.18620e+04 3.54557e-01
1.18720e+04 3.53275e-01
1.18820e+04 3.52953e-01
1.18920e+04 3.53379e-01
1.19020e+04 3.54129e-01
1.19120e+04 3.53557e-01
1.19220e+04 3.51653e-01
1.19320e+04 3.51251e-01
1.19420e+04 3.50408e-01
1.19520e+04 3.49656e-01
1.19620e+04 3.48511e-01
1.19720e+04 3.48265e-01
1.19820e+04 3.48141e-01
1.19920e+04 3.48057e-01
1.20020e+04 3.47852e-01
1.20120e+04 3.48442e-01
1.20220e+04 3.48580e-01
1.20320e+04 3.47941e-01
1.20420e+04 3.48250e-01
1.20520e+04 3.48136e-01
1.20620e+04 3.48115e-01
1.20720e+04 3.47988e-01
1.20820e+04 3.47982e-01
1.20920e+04 3.49296e-01
1.21020e+04 3.48869e-01
1.21120e+04 3.49476e-01
1.21220e+04 3.49037e-01
1.21320e+04 3.50036e-01
1.21420e+04 3.50020e-01
1.21520e+04 3.50720e-01
1.21620e+04 3.50468e-01
1.21720e+04 3.50673e-01
1.21820e+04 3.51779e-01
1.21920e+04 3.52703e-01
1.22020e+04 3.53763e-01
1.22120e+04 3.54926e-01
1.22220e+04 3.56915e-01
1.22320e+04 3.58573e-01
1.22420e+04 3.59669e-01
1.22520e+04 3.61008e-01
1.22620e+04 3.62873e-01
1.22720e+04 3.64877e-01
1.22820e+04 3.66437e-01
1.22920e+04 3.67685e-01
1.23020e+04 3.69452e-01
1.23120e+04 3.70529e-01
1.23220e+04 3.72297e-01
1.23320e+04 3.72861e-01
1.23420e+04 3.74457e-01
1.23520e+04 3.75315e-01
1.23620e+04 3.76234e-01
1.23720e+04 3.76928e-01
1.23820e+04 3.77539e-01
1.23920e+04 3.77741e-01
1.24020e+04 3.78880e-01
1.24120e+04 3.79577e-01
1.24220e+04 3.81416e-01
1.24320e+04 3.82110e-01
1.24420e+04 3.83525e-01
1.24520e+04 3.84448e-01
1.24620e+04 3.85256e-01
1.24720e+04 3.85406e-01
1.24820e+04 3.86051e-01
1.24920e+04 3.87127e-01
1.25020e+04 3.87688e-01
1.25120e+04 3.89173e-01
1.25220e+04 3.90086e-01
1.25320e+04 3.90978e-01
1.25420e+04 3.90821e-01
1.25520e+04 3.90563e-01
1.25620e+04 3.90758e-01
1.25720e+04 3.91617e-01
1.25820e+04 3.91690e-01
1.25920e+04 3.92122e-01
1.26020e+04 3.91842e-01
1.26120e+04 3.92166e-01
1.26220e+04 3.92245e-01
1.26320e+04 3.92015e-01
1.26420e+04 3.91842e-01
1.26520e+04 3.91982e-01
1.26620e+04 3.91040e-01
1.26720e+04 3.91073e-01
1.26820e+04 3.90529e-01
1.26920e+04 3.90181e-01
1.27020e+04 3.87885e-01
1.27120e+04 3.84598e-01
1.27220e+04 3.79251e-01
1.27320e+04 3.73198e-01
1.27420e+04 3.64033e-01
1.27520e+04 3.52237e-01
1.27620e+04 3.35259e-01
1.27720e+04 3.14972e-01
1.27820e+04 2.90359e-01
1.27920e+04 2.63072e-01
1.28020e+04 2.34054e-01
1.28120e+04 2.05486e-01
1.28220e+04 1.78413e-01
1.28320e+04 1.54184e-01
1.28420e+04 1.32807e-01
1.28520e+04 1.14377e-01
1.28620e+04 9.79353e-02
1.28720e+04 8.41573e-02
1.28820e+04 7.20676e-02
1.28920e+04 6.25324e-02
1.29020e+04 5.43058e-02
1.29120e+04 4.76394e-02
1.29220e+04 4.16098e-02
1.29320e+04 3.68860e-02
1.29420e+04 3.25705e-02
1.29520e+04 2.90412e-02
1.29620e+04 2.54240e-02
1.29720e+04 2.18652e-02
1.29820e+04 1.82125e-02
1.29920e+04 1.49379e-02
1.30020e+04 1.21745e-02
1.30120e+04 9.86614e-03
1.30220e+04 7.99853e-03
1.30320e+04 6.48383e-03
1.30420e+04 5.28763e-03
1.30520e+04 4.30647e-03
1.30620e+04 3.51160e-03
1.30720e+04 2.87280e-03
1.30820e+04 2.36755e-03
1.30920e+04 1.96510e-03
1.31020e+04 1.63683e-03
1.31120e+04 1.36709e-03
1.31220e+04 1.14644e-03
1.31320e+04 9.68962e-04
1.31420e+04 8.18760e-04
1.31520e+04 6.94682e-04
1.31620e+04 5.90008e-04
1.31720e+04 5.03628e-04
1.31820e+04 4.31423e-04
1.31920e+04 3.70328e-04
1.32020e+04 3.18190e-04
1.32120e+04 2.75166e-04
1.32220e+04 2.38961e-04
1.32320e+04 2.08668e-04
1.32420e+04 1.82193e-04
1.32520e+04 1.59002e-04
1.32620e+04 1.39811e-04
1.32720e+04 1.22979e-04
1.32820e+04 1.08655e-04
