# Filter name : JWST/NIRCam.F182M
# Description : NIRCam F182M filter
# Photometric system : NIRCam
# FilterType : photon
# Band name : ------
# Observatory : JWST
# Instrument : NIRCam
# Comments : includes NIRCam optics, DBS, QE and JWST Optical Telescope Element
# 
1.66350e+04 1.02957e-04
1.66450e+04 1.17112e-04
1.66550e+04 1.36045e-04
1.66650e+04 1.54757e-04
1.66750e+04 1.83778e-04
1.66850e+04 2.10980e-04
1.66950e+04 2.42928e-04
1.67050e+04 2.81265e-04
1.67150e+04 3.21684e-04
1.67250e+04 3.67690e-04
1.67350e+04 4.17570e-04
1.67450e+04 4.80811e-04
1.67550e+04 5.51658e-04
1.67650e+04 6.25305e-04
1.67750e+04 7.02692e-04
1.67850e+04 7.71043e-04
1.67950e+04 8.77687e-04
1.68050e+04 9.82866e-04
1.68150e+04 1.10001e-03
1.68250e+04 1.22596e-03
1.68350e+04 1.35254e-03
1.68450e+04 1.50209e-03
1.68550e+04 1.64358e-03
1.68650e+04 1.83632e-03
1.68750e+04 2.01369e-03
1.68850e+04 2.22074e-03
1.68950e+04 2.52220e-03
1.69050e+04 2.77285e-03
1.69150e+04 3.13273e-03
1.69250e+04 3.49519e-03
1.69350e+04 3.98099e-03
1.69450e+04 4.58172e-03
1.69550e+04 5.14353e-03
1.69650e+04 6.00548e-03
1.69750e+04 7.19200e-03
1.69850e+04 8.51189e-03
1.69950e+04 1.03264e-02
1.70050e+04 1.20533e-02
1.70150e+04 1.46534e-02
1.70250e+04 1.78355e-02
1.70350e+04 2.11906e-02
1.70450e+04 2.38697e-02
1.70550e+04 2.62473e-02
1.70650e+04 2.92494e-02
1.70750e+04 3.21796e-02
1.70850e+04 3.63072e-02
1.70950e+04 4.16701e-02
1.71050e+04 4.48979e-02
1.71150e+04 5.28268e-02
1.71250e+04 5.90537e-02
1.71350e+04 6.98428e-02
1.71450e+04 7.90211e-02
1.71550e+04 9.55015e-02
1.71650e+04 1.12162e-01
1.71750e+04 1.33102e-01
1.71850e+04 1.59438e-01
1.71950e+04 1.78116e-01
1.72050e+04 2.08445e-01
1.72150e+04 2.37599e-01
1.72250e+04 2.68929e-01
1.72350e+04 2.93685e-01
1.72450e+04 3.10342e-01
1.72550e+04 3.34573e-01
1.72650e+04 3.42756e-01
1.72750e+04 3.48326e-01
1.72850e+04 3.57374e-01
1.72950e+04 3.63066e-01
1.73050e+04 3.62642e-01
1.73150e+04 3.77633e-01
1.73250e+04 3.80427e-01
1.73350e+04 3.86373e-01
1.73450e+04 3.93893e-01
1.73550e+04 4.01281e-01
1.73650e+04 4.09347e-01
1.73750e+04 4.21756e-01
1.73850e+04 4.22062e-01
1.73950e+04 4.29472e-01
1.74050e+04 4.37358e-01
1.74150e+04 4.37035e-01
1.74250e+04 4.48255e-01
1.74350e+04 4.52292e-01
1.74450e+04 4.45252e-01
1.74550e+04 4.54453e-01
1.74650e+04 4.52382e-01
1.74750e+04 4.50165e-01
1.74850e+04 4.49697e-01
1.74950e+04 4.42970e-01
1.75050e+04 4.62352e-01
1.75150e+04 4.51229e-01
1.75250e+04 4.53344e-01
1.75350e+04 4.51371e-01
1.75450e+04 4.52953e-01
1.75550e+04 4.52982e-01
1.75650e+04 4.61525e-01
1.75750e+04 4.58775e-01
1.75850e+04 4.60731e-01
1.75950e+04 4.57200e-01
1.76050e+04 4.60772e-01
1.76150e+04 4.65157e-01
1.76250e+04 4.64317e-01
1.76350e+04 4.63557e-01
1.76450e+04 4.56339e-01
1.76550e+04 4.61830e-01
1.76650e+04 4.68839e-01
1.76750e+04 4.66450e-01
1.76850e+04 4.65611e-01
1.76950e+04 4.58286e-01
1.77050e+04 4.62381e-01
1.77150e+04 4.68097e-01
1.77250e+04 4.61645e-01
1.77350e+04 4.55397e-01
1.77450e+04 4.60009e-01
1.77550e+04 4.58995e-01
1.77650e+04 4.53592e-01
1.77750e+04 4.65212e-01
1.77850e+04 4.50507e-01
1.77950e+04 4.60206e-01
1.78050e+04 4.58611e-01
1.78150e+04 4.54189e-01
1.78250e+04 4.50902e-01
1.78350e+04 4.55080e-01
1.78450e+04 4.56906e-01
1.78550e+04 4.52636e-01
1.78650e+04 4.45745e-01
1.78750e+04 4.47307e-01
1.78850e+04 4.53258e-01
1.78950e+04 4.44164e-01
1.79050e+04 4.44300e-01
1.79150e+04 4.42774e-01
1.79250e+04 4.44561e-01
1.79350e+04 4.44548e-01
1.79450e+04 4.35624e-01
1.79550e+04 4.45471e-01
1.79650e+04 4.42703e-01
1.79750e+04 4.38578e-01
1.79850e+04 4.37319e-01
1.79950e+04 4.43452e-01
1.80050e+04 4.43406e-01
1.80150e+04 4.42915e-01
1.80250e+04 4.48963e-01
1.80350e+04 4.45748e-01
1.80450e+04 4.38181e-01
1.80550e+04 4.43578e-01
1.80650e+04 4.51329e-01
1.80750e+04 4.60818e-01
1.80850e+04 4.53467e-01
1.80950e+04 4.56376e-01
1.81050e+04 4.59531e-01
1.81150e+04 4.60647e-01
1.81250e+04 4.55517e-01
1.81350e+04 4.64870e-01
1.81450e+04 4.56633e-01
1.81550e+04 4.64653e-01
1.81650e+04 4.66571e-01
1.81750e+04 4.68025e-01
1.81850e+04 4.63838e-01
1.81950e+04 4.76407e-01
1.82050e+04 4.68254e-01
1.82150e+04 4.67988e-01
1.82250e+04 4.69418e-01
1.82350e+04 4.71917e-01
1.82450e+04 4.69308e-01
1.82550e+04 4.68834e-01
1.82650e+04 4.74978e-01
1.82750e+04 4.68656e-01
1.82850e+04 4.68645e-01
1.82950e+04 4.66861e-01
1.83050e+04 4.65616e-01
1.83150e+04 4.80940e-01
1.83250e+04 4.66981e-01
1.83350e+04 4.64155e-01
1.83450e+04 4.73099e-01
1.83550e+04 4.64037e-01
1.83650e+04 4.68461e-01
1.83750e+04 4.67538e-01
1.83850e+04 4.61521e-01
1.83950e+04 4.63898e-01
1.84050e+04 4.65699e-01
1.84150e+04 4.60042e-01
1.84250e+04 4.60923e-01
1.84350e+04 4.66139e-01
1.84450e+04 4.56619e-01
1.84550e+04 4.61163e-01
1.84650e+04 4.50298e-01
1.84750e+04 4.60689e-01
1.84850e+04 4.53468e-01
1.84950e+04 4.55083e-01
1.85050e+04 4.53870e-01
1.85150e+04 4.51646e-01
1.85250e+04 4.49289e-01
1.85350e+04 4.50326e-01
1.85450e+04 4.45353e-01
1.85550e+04 4.46756e-01
1.85650e+04 4.50762e-01
1.85750e+04 4.48730e-01
1.85850e+04 4.50505e-01
1.85950e+04 4.51922e-01
1.86050e+04 4.48980e-01
1.86150e+04 4.49085e-01
1.86250e+04 4.49339e-01
1.86350e+04 4.48581e-01
1.86450e+04 4.53552e-01
1.86550e+04 4.53155e-01
1.86650e+04 4.57280e-01
1.86750e+04 4.58185e-01
1.86850e+04 4.60103e-01
1.86950e+04 4.62895e-01
1.87050e+04 4.64871e-01
1.87150e+04 4.60111e-01
1.87250e+04 4.66137e-01
1.87350e+04 4.68544e-01
1.87450e+04 4.74306e-01
1.87550e+04 4.76056e-01
1.87650e+04 4.65945e-01
1.87750e+04 4.78461e-01
1.87850e+04 4.71399e-01
1.87950e+04 4.75325e-01
1.88050e+04 4.72408e-01
1.88150e+04 4.75175e-01
1.88250e+04 4.74531e-01
1.88350e+04 4.74176e-01
1.88450e+04 4.77192e-01
1.88550e+04 4.73238e-01
1.88650e+04 4.73066e-01
1.88750e+04 4.79012e-01
1.88850e+04 4.71950e-01
1.88950e+04 4.74516e-01
1.89050e+04 4.70740e-01
1.89150e+04 4.69975e-01
1.89250e+04 4.77166e-01
1.89350e+04 4.67601e-01
1.89450e+04 4.68221e-01
1.89550e+04 4.69605e-01
1.89650e+04 4.66761e-01
1.89750e+04 4.70820e-01
1.89850e+04 4.65269e-01
1.89950e+04 4.60366e-01
1.90050e+04 4.63428e-01
1.90150e+04 4.64049e-01
1.90250e+04 4.60397e-01
1.90350e+04 4.53274e-01
1.90450e+04 4.62479e-01
1.90550e+04 4.54581e-01
1.90650e+04 4.57831e-01
1.90750e+04 4.51978e-01
1.90850e+04 4.61008e-01
1.90950e+04 4.59293e-01
1.91050e+04 4.53531e-01
1.91150e+04 4.59561e-01
1.91250e+04 4.52926e-01
1.91350e+04 4.54164e-01
1.91450e+04 4.52614e-01
1.91550e+04 4.57018e-01
1.91650e+04 4.60099e-01
1.91750e+04 4.56821e-01
1.91850e+04 4.54994e-01
1.91950e+04 4.59999e-01
1.92050e+04 4.53851e-01
1.92150e+04 4.65253e-01
1.92250e+04 4.59991e-01
1.92350e+04 4.61241e-01
1.92450e+04 4.61687e-01
1.92550e+04 4.67017e-01
1.92650e+04 4.64532e-01
1.92750e+04 4.68876e-01
1.92850e+04 4.70277e-01
1.92950e+04 4.75350e-01
1.93050e+04 4.68926e-01
1.93150e+04 4.76964e-01
1.93250e+04 4.63363e-01
1.93350e+04 4.78073e-01
1.93450e+04 4.79145e-01
1.93550e+04 4.68848e-01
1.93650e+04 4.75922e-01
1.93750e+04 4.69226e-01
1.93850e+04 4.78805e-01
1.93950e+04 4.75800e-01
1.94050e+04 4.71730e-01
1.94150e+04 4.75327e-01
1.94250e+04 4.68752e-01
1.94350e+04 4.80354e-01
1.94450e+04 4.76015e-01
1.94550e+04 4.81865e-01
1.94650e+04 4.77673e-01
1.94750e+04 4.74183e-01
1.94850e+04 4.79108e-01
1.94950e+04 4.76310e-01
1.95050e+04 4.71803e-01
1.95150e+04 4.80955e-01
1.95250e+04 4.74094e-01
1.95350e+04 4.64262e-01
1.95450e+04 4.69847e-01
1.95550e+04 4.58614e-01
1.95650e+04 4.52233e-01
1.95750e+04 4.38807e-01
1.95850e+04 4.20036e-01
1.95950e+04 4.09167e-01
1.96050e+04 3.86805e-01
1.96150e+04 3.73047e-01
1.96250e+04 3.58610e-01
1.96350e+04 3.34733e-01
1.96450e+04 3.10776e-01
1.96550e+04 2.87486e-01
1.96650e+04 2.67737e-01
1.96750e+04 2.41144e-01
1.96850e+04 2.23136e-01
1.96950e+04 2.00027e-01
1.97050e+04 1.80718e-01
1.97150e+04 1.62998e-01
1.97250e+04 1.46502e-01
1.97350e+04 1.33422e-01
1.97450e+04 1.18497e-01
1.97550e+04 1.06728e-01
1.97650e+04 9.99712e-02
1.97750e+04 8.77443e-02
1.97850e+04 8.14095e-02
1.97950e+04 7.34207e-02
1.98050e+04 6.64604e-02
1.98150e+04 5.97690e-02
1.98250e+04 5.38542e-02
1.98350e+04 4.70321e-02
1.98450e+04 4.27920e-02
1.98550e+04 3.75468e-02
1.98650e+04 3.25933e-02
1.98750e+04 2.78344e-02
1.98850e+04 2.53715e-02
1.98950e+04 2.14159e-02
1.99050e+04 1.94252e-02
1.99150e+04 1.66631e-02
1.99250e+04 1.46094e-02
1.99350e+04 1.27124e-02
1.99450e+04 1.10546e-02
1.99550e+04 9.69294e-03
1.99650e+04 8.21357e-03
1.99750e+04 7.56430e-03
1.99850e+04 6.35156e-03
1.99950e+04 5.68867e-03
2.00050e+04 4.99291e-03
2.00150e+04 4.48584e-03
2.00250e+04 3.86664e-03
2.00350e+04 3.44187e-03
2.00450e+04 3.07782e-03
2.00550e+04 2.72610e-03
2.00650e+04 2.39902e-03
2.00750e+04 2.14845e-03
2.00850e+04 1.89194e-03
2.00950e+04 1.73942e-03
2.01050e+04 1.52823e-03
2.01150e+04 1.39419e-03
2.01250e+04 1.25347e-03
2.01350e+04 1.11895e-03
2.01450e+04 1.01503e-03
2.01550e+04 8.97208e-04
2.01650e+04 8.50711e-04
2.01750e+04 7.73951e-04
2.01850e+04 6.90184e-04
2.01950e+04 6.21740e-04
2.02050e+04 5.82180e-04
2.02150e+04 5.24477e-04
2.02250e+04 4.85473e-04
2.02350e+04 4.47490e-04
2.02450e+04 4.13385e-04
2.02550e+04 3.70132e-04
2.02650e+04 3.49425e-04
2.02750e+04 3.20182e-04
2.02850e+04 3.01036e-04
2.02950e+04 2.80577e-04
2.03050e+04 2.63408e-04
2.03150e+04 2.38467e-04
2.03250e+04 2.32300e-04
2.03350e+04 2.11358e-04
2.03450e+04 1.98304e-04
2.03550e+04 1.81417e-04
2.03650e+04 1.75547e-04
2.03750e+04 1.59160e-04
2.03850e+04 1.47880e-04
2.03950e+04 1.40117e-04
2.04050e+04 1.38279e-04
2.04150e+04 1.31057e-04
2.04250e+04 1.21178e-04
2.04350e+04 1.13521e-04
2.04450e+04 1.09603e-04
