# Filter name : JWST/NIRCam.F300M
# Description : NIRCam F300M filter
# Photometric system : NIRCam
# FilterType : photon
# Band name : ------
# Observatory : JWST
# Instrument : NIRCam
# Comments : includes NIRCam optics, DBS, QE and JWST Optical Telescope Element
# 
2.70111e+04 1.03927e-04
2.70246e+04 1.07417e-04
2.70381e+04 1.12416e-04
2.70517e+04 1.18399e-04
2.70652e+04 1.24955e-04
2.70787e+04 1.29533e-04
2.70922e+04 1.35358e-04
2.71057e+04 1.40734e-04
2.71192e+04 1.50720e-04
2.71327e+04 1.59110e-04
2.71462e+04 1.64392e-04
2.71598e+04 1.71301e-04
2.71733e+04 1.81434e-04
2.71868e+04 1.92534e-04
2.72003e+04 2.01899e-04
2.72138e+04 2.14611e-04
2.72273e+04 2.27721e-04
2.72408e+04 2.41396e-04
2.72543e+04 2.55687e-04
2.72679e+04 2.68673e-04
2.72814e+04 2.86485e-04
2.72949e+04 3.07932e-04
2.73084e+04 3.30437e-04
2.73219e+04 3.54781e-04
2.73354e+04 3.79699e-04
2.73489e+04 4.07978e-04
2.73624e+04 4.44412e-04
2.73759e+04 4.76524e-04
2.73895e+04 5.16087e-04
2.74030e+04 5.62366e-04
2.74165e+04 6.15465e-04
2.74300e+04 6.71417e-04
2.74435e+04 7.31596e-04
2.74570e+04 8.00597e-04
2.74705e+04 8.78055e-04
2.74840e+04 9.63636e-04
2.74976e+04 1.05425e-03
2.75111e+04 1.15705e-03
2.75246e+04 1.26693e-03
2.75381e+04 1.38531e-03
2.75516e+04 1.52370e-03
2.75651e+04 1.67028e-03
2.75786e+04 1.82847e-03
2.75921e+04 2.00202e-03
2.76057e+04 2.19329e-03
2.76192e+04 2.39798e-03
2.76327e+04 2.61972e-03
2.76462e+04 2.86029e-03
2.76597e+04 3.12166e-03
2.76732e+04 3.39950e-03
2.76867e+04 3.69805e-03
2.77002e+04 4.01836e-03
2.77138e+04 4.35818e-03
2.77273e+04 4.72278e-03
2.77408e+04 5.10971e-03
2.77543e+04 5.52118e-03
2.77678e+04 5.97017e-03
2.77813e+04 6.45151e-03
2.77948e+04 6.97031e-03
2.78083e+04 7.51780e-03
2.78219e+04 8.11300e-03
2.78354e+04 8.75584e-03
2.78489e+04 9.45329e-03
2.78624e+04 1.02024e-02
2.78759e+04 1.10326e-02
2.78894e+04 1.19367e-02
2.79029e+04 1.29240e-02
2.79164e+04 1.40086e-02
2.79300e+04 1.52151e-02
2.79435e+04 1.65424e-02
2.79570e+04 1.80075e-02
2.79705e+04 1.96521e-02
2.79840e+04 2.14945e-02
2.79975e+04 2.35402e-02
2.80110e+04 2.58194e-02
2.80245e+04 2.83812e-02
2.80381e+04 3.12492e-02
2.80516e+04 3.44205e-02
2.80651e+04 3.80276e-02
2.80786e+04 4.20808e-02
2.80921e+04 4.66241e-02
2.81056e+04 5.16807e-02
2.81191e+04 5.73945e-02
2.81326e+04 6.37841e-02
2.81462e+04 7.08714e-02
2.81597e+04 7.87623e-02
2.81732e+04 8.75271e-02
2.81867e+04 9.72674e-02
2.82002e+04 1.07774e-01
2.82137e+04 1.19246e-01
2.82272e+04 1.31611e-01
2.82407e+04 1.44815e-01
2.82542e+04 1.58782e-01
2.82678e+04 1.73364e-01
2.82813e+04 1.88404e-01
2.82948e+04 2.03736e-01
2.83083e+04 2.19156e-01
2.83218e+04 2.34400e-01
2.83353e+04 2.49294e-01
2.83488e+04 2.63679e-01
2.83623e+04 2.77337e-01
2.83759e+04 2.89923e-01
2.83894e+04 3.01861e-01
2.84029e+04 3.12966e-01
2.84164e+04 3.23299e-01
2.84299e+04 3.32369e-01
2.84434e+04 3.40544e-01
2.84569e+04 3.47895e-01
2.84704e+04 3.54449e-01
2.84840e+04 3.60217e-01
2.84975e+04 3.65351e-01
2.85110e+04 3.69664e-01
2.85245e+04 3.73391e-01
2.85380e+04 3.76637e-01
2.85515e+04 3.79438e-01
2.85650e+04 3.81850e-01
2.85785e+04 3.83869e-01
2.85921e+04 3.85587e-01
2.86056e+04 3.86826e-01
2.86191e+04 3.87912e-01
2.86326e+04 3.88974e-01
2.86461e+04 3.90090e-01
2.86596e+04 3.90932e-01
2.86731e+04 3.91433e-01
2.86866e+04 3.91799e-01
2.87002e+04 3.92058e-01
2.87137e+04 3.92255e-01
2.87272e+04 3.92372e-01
2.87407e+04 3.92412e-01
2.87542e+04 3.92392e-01
2.87677e+04 3.92349e-01
2.87812e+04 3.92270e-01
2.87947e+04 3.92187e-01
2.88083e+04 3.92080e-01
2.88218e+04 3.91973e-01
2.88353e+04 3.91860e-01
2.88488e+04 3.91745e-01
2.88623e+04 3.91190e-01
2.88758e+04 3.91108e-01
2.88893e+04 3.91033e-01
2.89028e+04 3.90983e-01
2.89164e+04 3.91026e-01
2.89299e+04 3.91512e-01
2.89434e+04 3.91568e-01
2.89569e+04 3.91625e-01
2.89704e+04 3.91667e-01
2.89839e+04 3.91694e-01
2.89974e+04 3.91708e-01
2.90109e+04 3.91618e-01
2.90245e+04 3.91488e-01
2.90380e+04 3.91331e-01
2.90515e+04 3.91167e-01
2.90650e+04 3.90976e-01
2.90785e+04 3.90751e-01
2.90920e+04 3.90503e-01
2.91055e+04 3.90003e-01
2.91190e+04 3.89586e-01
2.91325e+04 3.89349e-01
2.91461e+04 3.89110e-01
2.91596e+04 3.88855e-01
2.91731e+04 3.88578e-01
2.91866e+04 3.88303e-01
2.92001e+04 3.88024e-01
2.92136e+04 3.87593e-01
2.92271e+04 3.87158e-01
2.92406e+04 3.86719e-01
2.92542e+04 3.86275e-01
2.92677e+04 3.86166e-01
2.92812e+04 3.85837e-01
2.92947e+04 3.85409e-01
2.93082e+04 3.84926e-01
2.93217e+04 3.84389e-01
2.93352e+04 3.83859e-01
2.93487e+04 3.83325e-01
2.93623e+04 3.82789e-01
2.93758e+04 3.81993e-01
2.93893e+04 3.81265e-01
2.94028e+04 3.80753e-01
2.94163e+04 3.80279e-01
2.94298e+04 3.79803e-01
2.94433e+04 3.79776e-01
2.94568e+04 3.79290e-01
2.94704e+04 3.78805e-01
2.94839e+04 3.78314e-01
2.94974e+04 3.77817e-01
2.95109e+04 3.77584e-01
2.95244e+04 3.76939e-01
2.95379e+04 3.76290e-01
2.95514e+04 3.75657e-01
2.95649e+04 3.75027e-01
2.95785e+04 3.74412e-01
2.95920e+04 3.73816e-01
2.96055e+04 3.73232e-01
2.96190e+04 3.72669e-01
2.96325e+04 3.72127e-01
2.96460e+04 3.71617e-01
2.96595e+04 3.71137e-01
2.96730e+04 3.70700e-01
2.96866e+04 3.70279e-01
2.97001e+04 3.69889e-01
2.97136e+04 3.69565e-01
2.97271e+04 3.69282e-01
2.97406e+04 3.69042e-01
2.97541e+04 3.69183e-01
2.97676e+04 3.69513e-01
2.97811e+04 3.69358e-01
2.97947e+04 3.69234e-01
2.98082e+04 3.69001e-01
2.98217e+04 3.68707e-01
2.98352e+04 3.68432e-01
2.98487e+04 3.68174e-01
2.98622e+04 3.67921e-01
2.98757e+04 3.67670e-01
2.98892e+04 3.67782e-01
2.99028e+04 3.67592e-01
2.99163e+04 3.67504e-01
2.99298e+04 3.67404e-01
2.99433e+04 3.67298e-01
2.99568e+04 3.67164e-01
2.99703e+04 3.67017e-01
2.99838e+04 3.66846e-01
2.99973e+04 3.66651e-01
3.00109e+04 3.66244e-01
3.00244e+04 3.66077e-01
3.00379e+04 3.65543e-01
3.00514e+04 3.64972e-01
3.00649e+04 3.64590e-01
3.00784e+04 3.64183e-01
3.00919e+04 3.63538e-01
3.01054e+04 3.62977e-01
3.01189e+04 3.62574e-01
3.01325e+04 3.62148e-01
3.01460e+04 3.61701e-01
3.01595e+04 3.61234e-01
3.01730e+04 3.60763e-01
3.01865e+04 3.60275e-01
3.02000e+04 3.59774e-01
3.02135e+04 3.59084e-01
3.02270e+04 3.58389e-01
3.02406e+04 3.57685e-01
3.02541e+04 3.56966e-01
3.02676e+04 3.56241e-01
3.02811e+04 3.55501e-01
3.02946e+04 3.54763e-01
3.03081e+04 3.54230e-01
3.03216e+04 3.53833e-01
3.03351e+04 3.53416e-01
3.03487e+04 3.52993e-01
3.03622e+04 3.52643e-01
3.03757e+04 3.52521e-01
3.03892e+04 3.52054e-01
3.04027e+04 3.51622e-01
3.04162e+04 3.51366e-01
3.04297e+04 3.51095e-01
3.04432e+04 3.50808e-01
3.04568e+04 3.50504e-01
3.04703e+04 3.50187e-01
3.04838e+04 3.49994e-01
3.04973e+04 3.49883e-01
3.05108e+04 3.49426e-01
3.05243e+04 3.48937e-01
3.05378e+04 3.48441e-01
3.05513e+04 3.47948e-01
3.05649e+04 3.47455e-01
3.05784e+04 3.46972e-01
3.05919e+04 3.46496e-01
3.06054e+04 3.46202e-01
3.06189e+04 3.46166e-01
3.06324e+04 3.46155e-01
3.06459e+04 3.46165e-01
3.06594e+04 3.46595e-01
3.06730e+04 3.46684e-01
3.06865e+04 3.47030e-01
3.07000e+04 3.47291e-01
3.07135e+04 3.47205e-01
3.07270e+04 3.47142e-01
3.07405e+04 3.47108e-01
3.07540e+04 3.47107e-01
3.07675e+04 3.47127e-01
3.07811e+04 3.47170e-01
3.07946e+04 3.47236e-01
3.08081e+04 3.47531e-01
3.08216e+04 3.47975e-01
3.08351e+04 3.48421e-01
3.08486e+04 3.48869e-01
3.08621e+04 3.49316e-01
3.08756e+04 3.49753e-01
3.08892e+04 3.50175e-01
3.09027e+04 3.50595e-01
3.09162e+04 3.51090e-01
3.09297e+04 3.51551e-01
3.09432e+04 3.52410e-01
3.09567e+04 3.52815e-01
3.09702e+04 3.53194e-01
3.09837e+04 3.53538e-01
3.09972e+04 3.53863e-01
3.10108e+04 3.54012e-01
3.10243e+04 3.54110e-01
3.10378e+04 3.54200e-01
3.10513e+04 3.54285e-01
3.10648e+04 3.54372e-01
3.10783e+04 3.54477e-01
3.10918e+04 3.54589e-01
3.11053e+04 3.54777e-01
3.11189e+04 3.55064e-01
3.11324e+04 3.55387e-01
3.11459e+04 3.55738e-01
3.11594e+04 3.56118e-01
3.11729e+04 3.56521e-01
3.11864e+04 3.56927e-01
3.11999e+04 3.57308e-01
3.12134e+04 3.58377e-01
3.12270e+04 3.58935e-01
3.12405e+04 3.59387e-01
3.12540e+04 3.59647e-01
3.12675e+04 3.59679e-01
3.12810e+04 3.59387e-01
3.12945e+04 3.58687e-01
3.13080e+04 3.57453e-01
3.13215e+04 3.55517e-01
3.13351e+04 3.52952e-01
3.13486e+04 3.49552e-01
3.13621e+04 3.45315e-01
3.13756e+04 3.40136e-01
3.13891e+04 3.33909e-01
3.14026e+04 3.26755e-01
3.14161e+04 3.18495e-01
3.14296e+04 3.09314e-01
3.14432e+04 2.99088e-01
3.14567e+04 2.87991e-01
3.14702e+04 2.76147e-01
3.14837e+04 2.63876e-01
3.14972e+04 2.50886e-01
3.15107e+04 2.37466e-01
3.15242e+04 2.23937e-01
3.15377e+04 2.10421e-01
3.15513e+04 1.97043e-01
3.15648e+04 1.84010e-01
3.15783e+04 1.71335e-01
3.15918e+04 1.59200e-01
3.16053e+04 1.47634e-01
3.16188e+04 1.36689e-01
3.16323e+04 1.26423e-01
3.16458e+04 1.16823e-01
3.16594e+04 1.07906e-01
3.16729e+04 9.96518e-02
3.16864e+04 9.20358e-02
3.16999e+04 8.50223e-02
3.17134e+04 7.86384e-02
3.17269e+04 7.28404e-02
3.17404e+04 6.74977e-02
3.17539e+04 6.25869e-02
3.17675e+04 5.80920e-02
3.17810e+04 5.39893e-02
3.17945e+04 5.02361e-02
3.18080e+04 4.67924e-02
3.18215e+04 4.36405e-02
3.18350e+04 4.07534e-02
3.18485e+04 3.81148e-02
3.18620e+04 3.56950e-02
3.18755e+04 3.34741e-02
3.18891e+04 3.14390e-02
3.19026e+04 2.95649e-02
3.19161e+04 2.78418e-02
3.19296e+04 2.62567e-02
3.19431e+04 2.47915e-02
3.19566e+04 2.34411e-02
3.19701e+04 2.21938e-02
3.19836e+04 2.10581e-02
3.19972e+04 1.99803e-02
3.20107e+04 1.89774e-02
3.20242e+04 1.80445e-02
3.20377e+04 1.71773e-02
3.20512e+04 1.63669e-02
3.20647e+04 1.56066e-02
3.20782e+04 1.48929e-02
3.20917e+04 1.42218e-02
3.21053e+04 1.35945e-02
3.21188e+04 1.30039e-02
3.21323e+04 1.24287e-02
3.21458e+04 1.19009e-02
3.21593e+04 1.14007e-02
3.21728e+04 1.09241e-02
3.21863e+04 1.04718e-02
3.21998e+04 1.00413e-02
3.22134e+04 9.63467e-03
3.22269e+04 9.24588e-03
3.22404e+04 8.86485e-03
3.22539e+04 8.49936e-03
3.22674e+04 8.14925e-03
3.22809e+04 7.81174e-03
3.22944e+04 7.48799e-03
3.23079e+04 7.17189e-03
3.23215e+04 6.86612e-03
3.23350e+04 6.57305e-03
3.23485e+04 6.28778e-03
3.23620e+04 6.01051e-03
3.23755e+04 5.73778e-03
3.23890e+04 5.47095e-03
3.24025e+04 5.21406e-03
3.24160e+04 4.96550e-03
3.24296e+04 4.72488e-03
3.24431e+04 4.49188e-03
3.24566e+04 4.26677e-03
3.24701e+04 4.04754e-03
3.24836e+04 3.83463e-03
3.24971e+04 3.62664e-03
3.25106e+04 3.42668e-03
3.25241e+04 3.23524e-03
3.25377e+04 3.05313e-03
3.25512e+04 2.88021e-03
3.25647e+04 2.71080e-03
3.25782e+04 2.54510e-03
3.25917e+04 2.38818e-03
3.26052e+04 2.23900e-03
3.26187e+04 2.09949e-03
3.26322e+04 1.96805e-03
3.26458e+04 1.83885e-03
3.26593e+04 1.71324e-03
3.26728e+04 1.59698e-03
3.26863e+04 1.48865e-03
3.26998e+04 1.38507e-03
3.27133e+04 1.28865e-03
3.27268e+04 1.19984e-03
3.27403e+04 1.11488e-03
3.27539e+04 1.03375e-03
3.27674e+04 9.60298e-04
3.27809e+04 8.91998e-04
3.27944e+04 8.25952e-04
3.28079e+04 7.65286e-04
3.28214e+04 7.10412e-04
3.28349e+04 6.56633e-04
3.28484e+04 6.06797e-04
3.28619e+04 5.62426e-04
3.28755e+04 5.20760e-04
3.28890e+04 4.80869e-04
3.29025e+04 4.44852e-04
3.29160e+04 4.11013e-04
3.29295e+04 3.78836e-04
3.29430e+04 3.50033e-04
3.29565e+04 3.23669e-04
3.29700e+04 2.98025e-04
3.29836e+04 2.75006e-04
3.29971e+04 2.55879e-04
3.30106e+04 2.36213e-04
3.30241e+04 2.18331e-04
3.30376e+04 2.03084e-04
3.30511e+04 1.86819e-04
3.30646e+04 1.70678e-04
3.30781e+04 1.56107e-04
3.30917e+04 1.44751e-04
3.31052e+04 1.34450e-04
3.31187e+04 1.23392e-04
3.31322e+04 1.12813e-04
3.31457e+04 1.04914e-04
