# Filter name : JWST/NIRCam.F090W
# Description : NIRCam F090W filter
# Photometric system : NIRCam
# FilterType : photon
# Band name : ------
# Observatory : JWST
# Instrument : NIRCam
# Comments : includes NIRCam optics, DBS, QE and JWST Optical Telescope Element
# 
7.83550e+03 1.31259e-04
7.84550e+03 2.26688e-04
7.85550e+03 4.39803e-04
7.86550e+03 9.52515e-04
7.87550e+03 2.15415e-03
7.88550e+03 5.05523e-03
7.89550e+03 1.18250e-02
7.90550e+03 2.47680e-02
7.91550e+03 4.61123e-02
7.92550e+03 7.53093e-02
7.93550e+03 1.10833e-01
7.94550e+03 1.46066e-01
7.95550e+03 1.77712e-01
7.96550e+03 2.04226e-01
7.97550e+03 2.23796e-01
7.98550e+03 2.37707e-01
7.99550e+03 2.46547e-01
8.00550e+03 2.52726e-01
8.01550e+03 2.55758e-01
8.02550e+03 2.57010e-01
8.03550e+03 2.58122e-01
8.04550e+03 2.59459e-01
8.05550e+03 2.59923e-01
8.06550e+03 2.58233e-01
8.07550e+03 2.54173e-01
8.08550e+03 2.49374e-01
8.09550e+03 2.46142e-01
8.10550e+03 2.45568e-01
8.11550e+03 2.47292e-01
8.12550e+03 2.50329e-01
8.13550e+03 2.52373e-01
8.14550e+03 2.54626e-01
8.15550e+03 2.54013e-01
8.16550e+03 2.53825e-01
8.17550e+03 2.55488e-01
8.18550e+03 2.59721e-01
8.19550e+03 2.64055e-01
8.20550e+03 2.69805e-01
8.21550e+03 2.74040e-01
8.22550e+03 2.76039e-01
8.23550e+03 2.76685e-01
8.24550e+03 2.75910e-01
8.25550e+03 2.72810e-01
8.26550e+03 2.69815e-01
8.27550e+03 2.68291e-01
8.28550e+03 2.68086e-01
8.29550e+03 2.68902e-01
8.30550e+03 2.69686e-01
8.31550e+03 2.70437e-01
8.32550e+03 2.69925e-01
8.33550e+03 2.68266e-01
8.34550e+03 2.66374e-01
8.35550e+03 2.66613e-01
8.36550e+03 2.67518e-01
8.37550e+03 2.69443e-01
8.38550e+03 2.71870e-01
8.39550e+03 2.73754e-01
8.40550e+03 2.75518e-01
8.41550e+03 2.77235e-01
8.42550e+03 2.78850e-01
8.43550e+03 2.79901e-01
8.44550e+03 2.80881e-01
8.45550e+03 2.81102e-01
8.46550e+03 2.81429e-01
8.47550e+03 2.80088e-01
8.48550e+03 2.79663e-01
8.49550e+03 2.80946e-01
8.50550e+03 2.82078e-01
8.51550e+03 2.83733e-01
8.52550e+03 2.83234e-01
8.53550e+03 2.82763e-01
8.54550e+03 2.82302e-01
8.55550e+03 2.80535e-01
8.56550e+03 2.80503e-01
8.57550e+03 2.80646e-01
8.58550e+03 2.81373e-01
8.59550e+03 2.80825e-01
8.60550e+03 2.82107e-01
8.61550e+03 2.82271e-01
8.62550e+03 2.80977e-01
8.63550e+03 2.80484e-01
8.64550e+03 2.81972e-01
8.65550e+03 2.83018e-01
8.66550e+03 2.86857e-01
8.67550e+03 2.87709e-01
8.68550e+03 2.88109e-01
8.69550e+03 2.89767e-01
8.70550e+03 2.92154e-01
8.71550e+03 2.91144e-01
8.72550e+03 2.93599e-01
8.73550e+03 2.93784e-01
8.74550e+03 2.93988e-01
8.75550e+03 2.90923e-01
8.76550e+03 2.90405e-01
8.77550e+03 2.92619e-01
8.78550e+03 2.91302e-01
8.79550e+03 2.88008e-01
8.80550e+03 2.90678e-01
8.81550e+03 2.88566e-01
8.82550e+03 2.88830e-01
8.83550e+03 2.87950e-01
8.84550e+03 2.88705e-01
8.85550e+03 2.82987e-01
8.86550e+03 2.79556e-01
8.87550e+03 2.84077e-01
8.88550e+03 2.89880e-01
8.89550e+03 2.87649e-01
8.90550e+03 2.88548e-01
8.91550e+03 2.95068e-01
8.92550e+03 2.97365e-01
8.93550e+03 2.98351e-01
8.94550e+03 2.99433e-01
8.95550e+03 2.99775e-01
8.96550e+03 2.98401e-01
8.97550e+03 2.97633e-01
8.98550e+03 2.96624e-01
8.99550e+03 2.95460e-01
9.00550e+03 2.94205e-01
9.01550e+03 2.92191e-01
9.02550e+03 2.91247e-01
9.03550e+03 2.88891e-01
9.04550e+03 2.87257e-01
9.05550e+03 2.87902e-01
9.06550e+03 2.86545e-01
9.07550e+03 2.85333e-01
9.08550e+03 2.86954e-01
9.09550e+03 2.87975e-01
9.10550e+03 2.90272e-01
9.11550e+03 2.92104e-01
9.12550e+03 2.94523e-01
9.13550e+03 2.98088e-01
9.14550e+03 3.00279e-01
9.15550e+03 3.03097e-01
9.16550e+03 3.07358e-01
9.17550e+03 3.08525e-01
9.18550e+03 3.11216e-01
9.19550e+03 3.11894e-01
9.20550e+03 3.11635e-01
9.21550e+03 3.12311e-01
9.22550e+03 3.11382e-01
9.23550e+03 3.10356e-01
9.24550e+03 3.07429e-01
9.25550e+03 3.06421e-01
9.26550e+03 3.04745e-01
9.27550e+03 3.03042e-01
9.28550e+03 3.01992e-01
9.29550e+03 3.02141e-01
9.30550e+03 3.01752e-01
9.31550e+03 3.02123e-01
9.32550e+03 3.02090e-01
9.33550e+03 3.01572e-01
9.34550e+03 3.01657e-01
9.35550e+03 3.01342e-01
9.36550e+03 3.01038e-01
9.37550e+03 3.01059e-01
9.38550e+03 3.00573e-01
9.39550e+03 3.01465e-01
9.40550e+03 3.03308e-01
9.41550e+03 3.04446e-01
9.42550e+03 3.06387e-01
9.43550e+03 3.07537e-01
9.44550e+03 3.09468e-01
9.45550e+03 3.10174e-01
9.46550e+03 3.10929e-01
9.47550e+03 3.10070e-01
9.48550e+03 3.09485e-01
9.49550e+03 3.09394e-01
9.50550e+03 3.08616e-01
9.51550e+03 3.09269e-01
9.52550e+03 3.06761e-01
9.53550e+03 3.06155e-01
9.54550e+03 3.04627e-01
9.55550e+03 3.04208e-01
9.56550e+03 3.03434e-01
9.57550e+03 3.02685e-01
9.58550e+03 3.03749e-01
9.59550e+03 3.03768e-01
9.60550e+03 3.03978e-01
9.61550e+03 3.05037e-01
9.62550e+03 3.06890e-01
9.63550e+03 3.08820e-01
9.64550e+03 3.11015e-01
9.65550e+03 3.12206e-01
9.66550e+03 3.13029e-01
9.67550e+03 3.14076e-01
9.68550e+03 3.14974e-01
9.69550e+03 3.16199e-01
9.70550e+03 3.15411e-01
9.71550e+03 3.15388e-01
9.72550e+03 3.15117e-01
9.73550e+03 3.14711e-01
9.74550e+03 3.12709e-01
9.75550e+03 3.13575e-01
9.76550e+03 3.11188e-01
9.77550e+03 3.09908e-01
9.78550e+03 3.08291e-01
9.79550e+03 3.06710e-01
9.80550e+03 3.04712e-01
9.81550e+03 3.05697e-01
9.82550e+03 3.06184e-01
9.83550e+03 3.07596e-01
9.84550e+03 3.09569e-01
9.85550e+03 3.12724e-01
9.86550e+03 3.14161e-01
9.87550e+03 3.16456e-01
9.88550e+03 3.17666e-01
9.89550e+03 3.18556e-01
9.90550e+03 3.18641e-01
9.91550e+03 3.17831e-01
9.92550e+03 3.17636e-01
9.93550e+03 3.16088e-01
9.94550e+03 3.14617e-01
9.95550e+03 3.15025e-01
9.96550e+03 3.13987e-01
9.97550e+03 3.13061e-01
9.98550e+03 3.10233e-01
9.99550e+03 3.05343e-01
1.00055e+04 2.94382e-01
1.00155e+04 2.76222e-01
1.00255e+04 2.48347e-01
1.00355e+04 2.12299e-01
1.00455e+04 1.76326e-01
1.00555e+04 1.42878e-01
1.00655e+04 1.17625e-01
1.00755e+04 9.47823e-02
1.00855e+04 7.86192e-02
1.00955e+04 6.39845e-02
1.01055e+04 5.45175e-02
1.01155e+04 4.57011e-02
1.01255e+04 3.98271e-02
1.01355e+04 3.37932e-02
1.01455e+04 2.98047e-02
1.01555e+04 2.54382e-02
1.01655e+04 2.24467e-02
1.01755e+04 1.90196e-02
1.01855e+04 1.59849e-02
1.01955e+04 1.28547e-02
1.02055e+04 9.94405e-03
1.02155e+04 7.43094e-03
1.02255e+04 5.35874e-03
1.02355e+04 3.97776e-03
1.02455e+04 2.79577e-03
1.02555e+04 1.98720e-03
1.02655e+04 1.39312e-03
1.02755e+04 1.00152e-03
1.02855e+04 7.28244e-04
1.02955e+04 5.20280e-04
1.03055e+04 4.00252e-04
1.03155e+04 2.96010e-04
1.03255e+04 2.24476e-04
1.03355e+04 1.70045e-04
1.03455e+04 1.31881e-04
1.03555e+04 1.01063e-04
