# Filter name : JWST/NIRCam.F444W
# Description : NIRCam F444W filter
# Photometric system : NIRCam
# FilterType : photon
# Band name : ------
# Observatory : JWST
# Instrument : NIRCam
# Comments : includes NIRCam optics, DBS, QE and JWST Optical Telescope Element
# 
3.71318e+04 1.05079e-04
3.71454e+04 1.11043e-04
3.71589e+04 1.17881e-04
3.71724e+04 1.25669e-04
3.71859e+04 1.34103e-04
3.71994e+04 1.42807e-04
3.72129e+04 1.51870e-04
3.72264e+04 1.62043e-04
3.72399e+04 1.73402e-04
3.72535e+04 1.85178e-04
3.72670e+04 1.97201e-04
3.72805e+04 2.09706e-04
3.72940e+04 2.23090e-04
3.73075e+04 2.38074e-04
3.73210e+04 2.54511e-04
3.73345e+04 2.71741e-04
3.73480e+04 2.89914e-04
3.73615e+04 3.09707e-04
3.73751e+04 3.30673e-04
3.73886e+04 3.53334e-04
3.74021e+04 3.77173e-04
3.74156e+04 4.02053e-04
3.74291e+04 4.27952e-04
3.74426e+04 4.55330e-04
3.74561e+04 4.84329e-04
3.74696e+04 5.15273e-04
3.74832e+04 5.47963e-04
3.74967e+04 5.82708e-04
3.75102e+04 6.20142e-04
3.75237e+04 6.59979e-04
3.75372e+04 7.01959e-04
3.75507e+04 7.46257e-04
3.75642e+04 7.92952e-04
3.75777e+04 8.42476e-04
3.75913e+04 8.95015e-04
3.76048e+04 9.50179e-04
3.76183e+04 1.00817e-03
3.76318e+04 1.06941e-03
3.76453e+04 1.13391e-03
3.76588e+04 1.20198e-03
3.76723e+04 1.27372e-03
3.76858e+04 1.34910e-03
3.76994e+04 1.42862e-03
3.77129e+04 1.51233e-03
3.77264e+04 1.60000e-03
3.77399e+04 1.69211e-03
3.77534e+04 1.78900e-03
3.77669e+04 1.89224e-03
3.77804e+04 2.00022e-03
3.77939e+04 2.11324e-03
3.78075e+04 2.23219e-03
3.78210e+04 2.35776e-03
3.78345e+04 2.49024e-03
3.78480e+04 2.62972e-03
3.78615e+04 2.77703e-03
3.78750e+04 2.93278e-03
3.78885e+04 3.09725e-03
3.79020e+04 3.27107e-03
3.79156e+04 3.45417e-03
3.79291e+04 3.64801e-03
3.79426e+04 3.85377e-03
3.79561e+04 4.07210e-03
3.79696e+04 4.30393e-03
3.79831e+04 4.55074e-03
3.79966e+04 4.81319e-03
3.80101e+04 5.09336e-03
3.80237e+04 5.39254e-03
3.80372e+04 5.71184e-03
3.80507e+04 6.05304e-03
3.80642e+04 6.41830e-03
3.80777e+04 6.80904e-03
3.80912e+04 7.22727e-03
3.81047e+04 7.67566e-03
3.81182e+04 8.15609e-03
3.81318e+04 8.67176e-03
3.81453e+04 9.22606e-03
3.81588e+04 9.82235e-03
3.81723e+04 1.04674e-02
3.81858e+04 1.11703e-02
3.81993e+04 1.19185e-02
3.82128e+04 1.27262e-02
3.82263e+04 1.35994e-02
3.82398e+04 1.45440e-02
3.82534e+04 1.55660e-02
3.82669e+04 1.66719e-02
3.82804e+04 1.78688e-02
3.82939e+04 1.91650e-02
3.83074e+04 2.05699e-02
3.83209e+04 2.20929e-02
3.83344e+04 2.37444e-02
3.83479e+04 2.55362e-02
3.83615e+04 2.74804e-02
3.83750e+04 2.95901e-02
3.83885e+04 3.19094e-02
3.84020e+04 3.44009e-02
3.84155e+04 3.70964e-02
3.84290e+04 4.00176e-02
3.84425e+04 4.31812e-02
3.84560e+04 4.66045e-02
3.84696e+04 5.03059e-02
3.84831e+04 5.43038e-02
3.84966e+04 5.86168e-02
3.85101e+04 6.32627e-02
3.85236e+04 6.82602e-02
3.85371e+04 7.36277e-02
3.85506e+04 7.93812e-02
3.85641e+04 8.55351e-02
3.85777e+04 9.21830e-02
3.85912e+04 9.92032e-02
3.86047e+04 1.06626e-01
3.86182e+04 1.14482e-01
3.86317e+04 1.22767e-01
3.86452e+04 1.31477e-01
3.86587e+04 1.40601e-01
3.86722e+04 1.50124e-01
3.86858e+04 1.60027e-01
3.86993e+04 1.70286e-01
3.87128e+04 1.80867e-01
3.87263e+04 1.91736e-01
3.87398e+04 2.02854e-01
3.87533e+04 2.14176e-01
3.87668e+04 2.25650e-01
3.87803e+04 2.37230e-01
3.87939e+04 2.48855e-01
3.88074e+04 2.60474e-01
3.88209e+04 2.72035e-01
3.88344e+04 2.83483e-01
3.88479e+04 2.94764e-01
3.88614e+04 3.05833e-01
3.88749e+04 3.16647e-01
3.88884e+04 3.27165e-01
3.89020e+04 3.37356e-01
3.89155e+04 3.47193e-01
3.89290e+04 3.56650e-01
3.89425e+04 3.65712e-01
3.89560e+04 3.74372e-01
3.89695e+04 3.82613e-01
3.89830e+04 3.90885e-01
3.89965e+04 3.98302e-01
3.90101e+04 4.05305e-01
3.90236e+04 4.11907e-01
3.90371e+04 4.18124e-01
3.90506e+04 4.23970e-01
3.90641e+04 4.29457e-01
3.90776e+04 4.34609e-01
3.90911e+04 4.39445e-01
3.91046e+04 4.43979e-01
3.91182e+04 4.48237e-01
3.91317e+04 4.52226e-01
3.91452e+04 4.56216e-01
3.91587e+04 4.59950e-01
3.91722e+04 4.63213e-01
3.91857e+04 4.66258e-01
3.91992e+04 4.69098e-01
3.92127e+04 4.71751e-01
3.92262e+04 4.74220e-01
3.92398e+04 4.76517e-01
3.92533e+04 4.78658e-01
3.92668e+04 4.80647e-01
3.92803e+04 4.82490e-01
3.92938e+04 4.84201e-01
3.93073e+04 4.85778e-01
3.93208e+04 4.87226e-01
3.93343e+04 4.88563e-01
3.93479e+04 4.89793e-01
3.93614e+04 4.90918e-01
3.93749e+04 4.92226e-01
3.93884e+04 4.93464e-01
3.94019e+04 4.94335e-01
3.94154e+04 4.95190e-01
3.94289e+04 4.95978e-01
3.94424e+04 4.96697e-01
3.94560e+04 4.97355e-01
3.94695e+04 4.97958e-01
3.94830e+04 4.98509e-01
3.94965e+04 4.99010e-01
3.95100e+04 4.99411e-01
3.95235e+04 4.99754e-01
3.95370e+04 5.00057e-01
3.95505e+04 5.00334e-01
3.95641e+04 5.00584e-01
3.95776e+04 5.00807e-01
3.95911e+04 5.01012e-01
3.96046e+04 5.01203e-01
3.96181e+04 5.01379e-01
3.96316e+04 5.01539e-01
3.96451e+04 5.01690e-01
3.96586e+04 5.01828e-01
3.96722e+04 5.01953e-01
3.96857e+04 5.02075e-01
3.96992e+04 5.02700e-01
3.97127e+04 5.02864e-01
3.97262e+04 5.02981e-01
3.97397e+04 5.03098e-01
3.97532e+04 5.03209e-01
3.97667e+04 5.03320e-01
3.97803e+04 5.04012e-01
3.97938e+04 5.04118e-01
3.98073e+04 5.04215e-01
3.98208e+04 5.04308e-01
3.98343e+04 5.04396e-01
3.98478e+04 5.04481e-01
3.98613e+04 5.04567e-01
3.98748e+04 5.04653e-01
3.98884e+04 5.04732e-01
3.99019e+04 5.04815e-01
3.99154e+04 5.04897e-01
3.99289e+04 5.04975e-01
3.99424e+04 5.05055e-01
3.99559e+04 5.05135e-01
3.99694e+04 5.05212e-01
3.99829e+04 5.05286e-01
3.99965e+04 5.05362e-01
4.00100e+04 5.05426e-01
4.00235e+04 5.05484e-01
4.00370e+04 5.05544e-01
4.00505e+04 5.05603e-01
4.00640e+04 5.05660e-01
4.00775e+04 5.05718e-01
4.00910e+04 5.05779e-01
4.01045e+04 5.05859e-01
4.01181e+04 5.05985e-01
4.01316e+04 5.06115e-01
4.01451e+04 5.06242e-01
4.01586e+04 5.06367e-01
4.01721e+04 5.06493e-01
4.01856e+04 5.06946e-01
4.01991e+04 5.07322e-01
4.02126e+04 5.07947e-01
4.02262e+04 5.08010e-01
4.02397e+04 5.08069e-01
4.02532e+04 5.08131e-01
4.02667e+04 5.08196e-01
4.02802e+04 5.08260e-01
4.02937e+04 5.08324e-01
4.03072e+04 5.08389e-01
4.03207e+04 5.08451e-01
4.03343e+04 5.08510e-01
4.03478e+04 5.08571e-01
4.03613e+04 5.08632e-01
4.03748e+04 5.08691e-01
4.03883e+04 5.08751e-01
4.04018e+04 5.08825e-01
4.04153e+04 5.08957e-01
4.04288e+04 5.09089e-01
4.04424e+04 5.09225e-01
4.04559e+04 5.09361e-01
4.04694e+04 5.09493e-01
4.04829e+04 5.09626e-01
4.04964e+04 5.09759e-01
4.05099e+04 5.09835e-01
4.05234e+04 5.09891e-01
4.05369e+04 5.09949e-01
4.05505e+04 5.10003e-01
4.05640e+04 5.10056e-01
4.05775e+04 5.10110e-01
4.05910e+04 5.10166e-01
4.06045e+04 5.10481e-01
4.06180e+04 5.10857e-01
4.06315e+04 5.10911e-01
4.06450e+04 5.10961e-01
4.06586e+04 5.11006e-01
4.06721e+04 5.11051e-01
4.06856e+04 5.11093e-01
4.06991e+04 5.11127e-01
4.07126e+04 5.11228e-01
4.07261e+04 5.11677e-01
4.07396e+04 5.11996e-01
4.07531e+04 5.12095e-01
4.07667e+04 5.12197e-01
4.07802e+04 5.12296e-01
4.07937e+04 5.12391e-01
4.08072e+04 5.12453e-01
4.08207e+04 5.12480e-01
4.08342e+04 5.12503e-01
4.08477e+04 5.12523e-01
4.08612e+04 5.12546e-01
4.08748e+04 5.12564e-01
4.08883e+04 5.12582e-01
4.09018e+04 5.12603e-01
4.09153e+04 5.12624e-01
4.09288e+04 5.12642e-01
4.09423e+04 5.12663e-01
4.09558e+04 5.12689e-01
4.09693e+04 5.12712e-01
4.09828e+04 5.12737e-01
4.09964e+04 5.12763e-01
4.10099e+04 5.12741e-01
4.10234e+04 5.12697e-01
4.10369e+04 5.13061e-01
4.10504e+04 5.13203e-01
4.10639e+04 5.13161e-01
4.10774e+04 5.13120e-01
4.10909e+04 5.13084e-01
4.11045e+04 5.13069e-01
4.11180e+04 5.13096e-01
4.11315e+04 5.13127e-01
4.11450e+04 5.13160e-01
4.11585e+04 5.13190e-01
4.11720e+04 5.13219e-01
4.11855e+04 5.13564e-01
4.11990e+04 5.13844e-01
4.12126e+04 5.13873e-01
4.12261e+04 5.13902e-01
4.12396e+04 5.13932e-01
4.12531e+04 5.13958e-01
4.12666e+04 5.13983e-01
4.12801e+04 5.14012e-01
4.12936e+04 5.14038e-01
4.13071e+04 5.14025e-01
4.13207e+04 5.13979e-01
4.13342e+04 5.13932e-01
4.13477e+04 5.13877e-01
4.13612e+04 5.13819e-01
4.13747e+04 5.13759e-01
4.13882e+04 5.13694e-01
4.14017e+04 5.13638e-01
4.14152e+04 5.13694e-01
4.14288e+04 5.13748e-01
4.14423e+04 5.13796e-01
4.14558e+04 5.13843e-01
4.14693e+04 5.13889e-01
4.14828e+04 5.14520e-01
4.14963e+04 5.14555e-01
4.15098e+04 5.14539e-01
4.15233e+04 5.14502e-01
4.15369e+04 5.14459e-01
4.15504e+04 5.14409e-01
4.15639e+04 5.14358e-01
4.15774e+04 5.14299e-01
4.15909e+04 5.14235e-01
4.16044e+04 5.14420e-01
4.16179e+04 5.14676e-01
4.16314e+04 5.14609e-01
4.16450e+04 5.14538e-01
4.16585e+04 5.14467e-01
4.16720e+04 5.14392e-01
4.16855e+04 5.14306e-01
4.16990e+04 5.14219e-01
4.17125e+04 5.14134e-01
4.17260e+04 5.14044e-01
4.17395e+04 5.13950e-01
4.17531e+04 5.13854e-01
4.17666e+04 5.13756e-01
4.17801e+04 5.13653e-01
4.17936e+04 5.13549e-01
4.18071e+04 5.13446e-01
4.18206e+04 5.13342e-01
4.18341e+04 5.13235e-01
4.18476e+04 5.13130e-01
4.18611e+04 5.13025e-01
4.18747e+04 5.12917e-01
4.18882e+04 5.12807e-01
4.19017e+04 5.12697e-01
4.19152e+04 5.12580e-01
4.19287e+04 5.12461e-01
4.19422e+04 5.12928e-01
4.19557e+04 5.12811e-01
4.19692e+04 5.12693e-01
4.19828e+04 5.12576e-01
4.19963e+04 5.12464e-01
4.20098e+04 5.12351e-01
4.20233e+04 5.12238e-01
4.20368e+04 5.12512e-01
4.20503e+04 5.12585e-01
4.20638e+04 5.12477e-01
4.20773e+04 5.12370e-01
4.20909e+04 5.12264e-01
4.21044e+04 5.12167e-01
4.21179e+04 5.12080e-01
4.21314e+04 5.11994e-01
4.21449e+04 5.11910e-01
4.21584e+04 5.11829e-01
4.21719e+04 5.11747e-01
4.21854e+04 5.11668e-01
4.21990e+04 5.11592e-01
4.22125e+04 5.11506e-01
4.22260e+04 5.11419e-01
4.22395e+04 5.11335e-01
4.22530e+04 5.11252e-01
4.22665e+04 5.11167e-01
4.22800e+04 5.11079e-01
4.22935e+04 5.10990e-01
4.23071e+04 5.10901e-01
4.23206e+04 5.10808e-01
4.23341e+04 5.10712e-01
4.23476e+04 5.10616e-01
4.23611e+04 5.10520e-01
4.23746e+04 5.10426e-01
4.23881e+04 5.10338e-01
4.24016e+04 5.10256e-01
4.24152e+04 5.10169e-01
4.24287e+04 5.10593e-01
4.24422e+04 5.10595e-01
4.24557e+04 5.10523e-01
4.24692e+04 5.10449e-01
4.24827e+04 5.10938e-01
4.24962e+04 5.10865e-01
4.25097e+04 5.10782e-01
4.25233e+04 5.10693e-01
4.25368e+04 5.10604e-01
4.25503e+04 5.10516e-01
4.25638e+04 5.10429e-01
4.25773e+04 5.10342e-01
4.25908e+04 5.10256e-01
4.26043e+04 5.09867e-01
4.26178e+04 5.08829e-01
4.26314e+04 5.07790e-01
4.26449e+04 5.06753e-01
4.26584e+04 5.05713e-01
4.26719e+04 5.04669e-01
4.26854e+04 5.03622e-01
4.26989e+04 5.02574e-01
4.27124e+04 5.01082e-01
4.27259e+04 4.99549e-01
4.27395e+04 4.98015e-01
4.27530e+04 4.96483e-01
4.27665e+04 4.94949e-01
4.27800e+04 4.93416e-01
4.27935e+04 4.91885e-01
4.28070e+04 4.92319e-01
4.28205e+04 4.94569e-01
4.28340e+04 4.96817e-01
4.28475e+04 4.99063e-01
4.28611e+04 5.01305e-01
4.28746e+04 5.03542e-01
4.28881e+04 5.05776e-01
4.29016e+04 5.07740e-01
4.29151e+04 5.07702e-01
4.29286e+04 5.07662e-01
4.29421e+04 5.08305e-01
4.29556e+04 5.08723e-01
4.29692e+04 5.08684e-01
4.29827e+04 5.08645e-01
4.29962e+04 5.08607e-01
4.30097e+04 5.08511e-01
4.30232e+04 5.08390e-01
4.30367e+04 5.08267e-01
4.30502e+04 5.08144e-01
4.30637e+04 5.08021e-01
4.30773e+04 5.07896e-01
4.30908e+04 5.07770e-01
4.31043e+04 5.07643e-01
4.31178e+04 5.07514e-01
4.31313e+04 5.07383e-01
4.31448e+04 5.07253e-01
4.31583e+04 5.07124e-01
4.31718e+04 5.06995e-01
4.31854e+04 5.06864e-01
4.31989e+04 5.06732e-01
4.32124e+04 5.06615e-01
4.32259e+04 5.06497e-01
4.32394e+04 5.06377e-01
4.32529e+04 5.06256e-01
4.32664e+04 5.06134e-01
4.32799e+04 5.06011e-01
4.32935e+04 5.05885e-01
4.33070e+04 5.05755e-01
4.33205e+04 5.05621e-01
4.33340e+04 5.05485e-01
4.33475e+04 5.05348e-01
4.33610e+04 5.05212e-01
4.33745e+04 5.05075e-01
4.33880e+04 5.04938e-01
4.34016e+04 5.04797e-01
4.34151e+04 5.04654e-01
4.34286e+04 5.04508e-01
4.34421e+04 5.04358e-01
4.34556e+04 5.04515e-01
4.34691e+04 5.04603e-01
4.34826e+04 5.04440e-01
4.34961e+04 5.04261e-01
4.35097e+04 5.04075e-01
4.35232e+04 5.04460e-01
4.35367e+04 5.04266e-01
4.35502e+04 5.04069e-01
4.35637e+04 5.03867e-01
4.35772e+04 5.03661e-01
4.35907e+04 5.03450e-01
4.36042e+04 5.03237e-01
4.36178e+04 5.03028e-01
4.36313e+04 5.02814e-01
4.36448e+04 5.02593e-01
4.36583e+04 5.02365e-01
4.36718e+04 5.02131e-01
4.36853e+04 5.01892e-01
4.36988e+04 5.01648e-01
4.37123e+04 5.01395e-01
4.37258e+04 5.01137e-01
4.37394e+04 5.00874e-01
4.37529e+04 5.00607e-01
4.37664e+04 5.00335e-01
4.37799e+04 5.00060e-01
4.37934e+04 4.99780e-01
4.38069e+04 4.99503e-01
4.38204e+04 4.99225e-01
4.38339e+04 4.98944e-01
4.38475e+04 4.98661e-01
4.38610e+04 4.98376e-01
4.38745e+04 4.98088e-01
4.38880e+04 4.97801e-01
4.39015e+04 4.97512e-01
4.39150e+04 4.97221e-01
4.39285e+04 4.96931e-01
4.39420e+04 4.96643e-01
4.39556e+04 4.96357e-01
4.39691e+04 4.96103e-01
4.39826e+04 4.95866e-01
4.39961e+04 4.95631e-01
4.40096e+04 4.95399e-01
4.40231e+04 4.95167e-01
4.40366e+04 4.94940e-01
4.40501e+04 4.94723e-01
4.40637e+04 4.95038e-01
4.40772e+04 4.94822e-01
4.40907e+04 4.94613e-01
4.41042e+04 4.94408e-01
4.41177e+04 4.94209e-01
4.41312e+04 4.94084e-01
4.41447e+04 4.94391e-01
4.41582e+04 4.94209e-01
4.41718e+04 4.94033e-01
4.41853e+04 4.93862e-01
4.41988e+04 4.93694e-01
4.42123e+04 4.93533e-01
4.42258e+04 4.93376e-01
4.42393e+04 4.93224e-01
4.42528e+04 4.93076e-01
4.42663e+04 4.92933e-01
4.42799e+04 4.92793e-01
4.42934e+04 4.92659e-01
4.43069e+04 4.92523e-01
4.43204e+04 4.92388e-01
4.43339e+04 4.92255e-01
4.43474e+04 4.92128e-01
4.43609e+04 4.92003e-01
4.43744e+04 4.91881e-01
4.43880e+04 4.91763e-01
4.44015e+04 4.91647e-01
4.44150e+04 4.91540e-01
4.44285e+04 4.91435e-01
4.44420e+04 4.91329e-01
4.44555e+04 4.91205e-01
4.44690e+04 4.91084e-01
4.44825e+04 4.90961e-01
4.44961e+04 4.90841e-01
4.45096e+04 4.90717e-01
4.45231e+04 4.90594e-01
4.45366e+04 4.90469e-01
4.45501e+04 4.90345e-01
4.45636e+04 4.90220e-01
4.45771e+04 4.90095e-01
4.45906e+04 4.89970e-01
4.46041e+04 4.89845e-01
4.46177e+04 4.89724e-01
4.46312e+04 4.89602e-01
4.46447e+04 4.89480e-01
4.46582e+04 4.89356e-01
4.46717e+04 4.89232e-01
4.46852e+04 4.89106e-01
4.46987e+04 4.88979e-01
4.47122e+04 4.88849e-01
4.47258e+04 4.88717e-01
4.47393e+04 4.88585e-01
4.47528e+04 4.88450e-01
4.47663e+04 4.88650e-01
4.47798e+04 4.88708e-01
4.47933e+04 4.88567e-01
4.48068e+04 4.88422e-01
4.48203e+04 4.88275e-01
4.48339e+04 4.88123e-01
4.48474e+04 4.88380e-01
4.48609e+04 4.88369e-01
4.48744e+04 4.88210e-01
4.48879e+04 4.88048e-01
4.49014e+04 4.87884e-01
4.49149e+04 4.87714e-01
4.49284e+04 4.87540e-01
4.49420e+04 4.87362e-01
4.49555e+04 4.87172e-01
4.49690e+04 4.86980e-01
4.49825e+04 4.86782e-01
4.49960e+04 4.86582e-01
4.50095e+04 4.86384e-01
4.50230e+04 4.86187e-01
4.50365e+04 4.85984e-01
4.50501e+04 4.85776e-01
4.50636e+04 4.85566e-01
4.50771e+04 4.85351e-01
4.50906e+04 4.85132e-01
4.51041e+04 4.84907e-01
4.51176e+04 4.84679e-01
4.51311e+04 4.84447e-01
4.51446e+04 4.84212e-01
4.51582e+04 4.83973e-01
4.51717e+04 4.83730e-01
4.51852e+04 4.83485e-01
4.51987e+04 4.83236e-01
4.52122e+04 4.82986e-01
4.52257e+04 4.82730e-01
4.52392e+04 4.82474e-01
4.52527e+04 4.82212e-01
4.52663e+04 4.81946e-01
4.52798e+04 4.81675e-01
4.52933e+04 4.81401e-01
4.53068e+04 4.81123e-01
4.53203e+04 4.80838e-01
4.53338e+04 4.80552e-01
4.53473e+04 4.80263e-01
4.53608e+04 4.79976e-01
4.53744e+04 4.79685e-01
4.53879e+04 4.79393e-01
4.54014e+04 4.79099e-01
4.54149e+04 4.78805e-01
4.54284e+04 4.78510e-01
4.54419e+04 4.78210e-01
4.54554e+04 4.77908e-01
4.54689e+04 4.77602e-01
4.54825e+04 4.77298e-01
4.54960e+04 4.76991e-01
4.55095e+04 4.76689e-01
4.55230e+04 4.76390e-01
4.55365e+04 4.76092e-01
4.55500e+04 4.75795e-01
4.55635e+04 4.75497e-01
4.55770e+04 4.75202e-01
4.55905e+04 4.74908e-01
4.56041e+04 4.74615e-01
4.56176e+04 4.74712e-01
4.56311e+04 4.74542e-01
4.56446e+04 4.74249e-01
4.56581e+04 4.73957e-01
4.56716e+04 4.73666e-01
4.56851e+04 4.73373e-01
4.56986e+04 4.73086e-01
4.57122e+04 4.72912e-01
4.57257e+04 4.73043e-01
4.57392e+04 4.72751e-01
4.57527e+04 4.72462e-01
4.57662e+04 4.72174e-01
4.57797e+04 4.71885e-01
4.57932e+04 4.71597e-01
4.58067e+04 4.71308e-01
4.58203e+04 4.71023e-01
4.58338e+04 4.70736e-01
4.58473e+04 4.70448e-01
4.58608e+04 4.70158e-01
4.58743e+04 4.69866e-01
4.58878e+04 4.69573e-01
4.59013e+04 4.69273e-01
4.59148e+04 4.68965e-01
4.59284e+04 4.68655e-01
4.59419e+04 4.68345e-01
4.59554e+04 4.68031e-01
4.59689e+04 4.67713e-01
4.59824e+04 4.67392e-01
4.59959e+04 4.67070e-01
4.60094e+04 4.66746e-01
4.60229e+04 4.66415e-01
4.60365e+04 4.66081e-01
4.60500e+04 4.65743e-01
4.60635e+04 4.65400e-01
4.60770e+04 4.65050e-01
4.60905e+04 4.64692e-01
4.61040e+04 4.64349e-01
4.61175e+04 4.64049e-01
4.61310e+04 4.63741e-01
4.61446e+04 4.63424e-01
4.61581e+04 4.63102e-01
4.61716e+04 4.62776e-01
4.61851e+04 4.62445e-01
4.61986e+04 4.62109e-01
4.62121e+04 4.61700e-01
4.62256e+04 4.61280e-01
4.62391e+04 4.60855e-01
4.62527e+04 4.60422e-01
4.62662e+04 4.59982e-01
4.62797e+04 4.59536e-01
4.62932e+04 4.59086e-01
4.63067e+04 4.58630e-01
4.63202e+04 4.58169e-01
4.63337e+04 4.57700e-01
4.63472e+04 4.57229e-01
4.63608e+04 4.56753e-01
4.63743e+04 4.56270e-01
4.63878e+04 4.55782e-01
4.64013e+04 4.55291e-01
4.64148e+04 4.54800e-01
4.64283e+04 4.54305e-01
4.64418e+04 4.53806e-01
4.64553e+04 4.53304e-01
4.64688e+04 4.52801e-01
4.64824e+04 4.52298e-01
4.64959e+04 4.51790e-01
4.65094e+04 4.51278e-01
4.65229e+04 4.51256e-01
4.65364e+04 4.50739e-01
4.65499e+04 4.50221e-01
4.65634e+04 4.49700e-01
4.65769e+04 4.49182e-01
4.65905e+04 4.48666e-01
4.66040e+04 4.48155e-01
4.66175e+04 4.47649e-01
4.66310e+04 4.47146e-01
4.66445e+04 4.46650e-01
4.66580e+04 4.46158e-01
4.66715e+04 4.45671e-01
4.66850e+04 4.45186e-01
4.66986e+04 4.44708e-01
4.67121e+04 4.44239e-01
4.67256e+04 4.43776e-01
4.67391e+04 4.43319e-01
4.67526e+04 4.42865e-01
4.67661e+04 4.42421e-01
4.67796e+04 4.41984e-01
4.67931e+04 4.41550e-01
4.68067e+04 4.41118e-01
4.68202e+04 4.40689e-01
4.68337e+04 4.40270e-01
4.68472e+04 4.39858e-01
4.68607e+04 4.39454e-01
4.68742e+04 4.39058e-01
4.68877e+04 4.38674e-01
4.69012e+04 4.38302e-01
4.69148e+04 4.37942e-01
4.69283e+04 4.37589e-01
4.69418e+04 4.37246e-01
4.69553e+04 4.36914e-01
4.69688e+04 4.36590e-01
4.69823e+04 4.36767e-01
4.69958e+04 4.36457e-01
4.70093e+04 4.36158e-01
4.70229e+04 4.35869e-01
4.70364e+04 4.35586e-01
4.70499e+04 4.35307e-01
4.70634e+04 4.35038e-01
4.70769e+04 4.34777e-01
4.70904e+04 4.34524e-01
4.71039e+04 4.34293e-01
4.71174e+04 4.34107e-01
4.71310e+04 4.33929e-01
4.71445e+04 4.33758e-01
4.71580e+04 4.33592e-01
4.71715e+04 4.33428e-01
4.71850e+04 4.33267e-01
4.71985e+04 4.33111e-01
4.72120e+04 4.32904e-01
4.72255e+04 4.32691e-01
4.72391e+04 4.32478e-01
4.72526e+04 4.32268e-01
4.72661e+04 4.32061e-01
4.72796e+04 4.31852e-01
4.72931e+04 4.31643e-01
4.73066e+04 4.31433e-01
4.73201e+04 4.31227e-01
4.73336e+04 4.31021e-01
4.73471e+04 4.31148e-01
4.73607e+04 4.31070e-01
4.73742e+04 4.30856e-01
4.73877e+04 4.30642e-01
4.74012e+04 4.30425e-01
4.74147e+04 4.30206e-01
4.74282e+04 4.29982e-01
4.74417e+04 4.29755e-01
4.74552e+04 4.29526e-01
4.74688e+04 4.29290e-01
4.74823e+04 4.29046e-01
4.74958e+04 4.28798e-01
4.75093e+04 4.28546e-01
4.75228e+04 4.28290e-01
4.75363e+04 4.28028e-01
4.75498e+04 4.27758e-01
4.75633e+04 4.27487e-01
4.75769e+04 4.27213e-01
4.75904e+04 4.26935e-01
4.76039e+04 4.26651e-01
4.76174e+04 4.26366e-01
4.76309e+04 4.26062e-01
4.76444e+04 4.25751e-01
4.76579e+04 4.25435e-01
4.76714e+04 4.25112e-01
4.76850e+04 4.24785e-01
4.76985e+04 4.24456e-01
4.77120e+04 4.24123e-01
4.77255e+04 4.23785e-01
4.77390e+04 4.23442e-01
4.77525e+04 4.23099e-01
4.77660e+04 4.22756e-01
4.77795e+04 4.22411e-01
4.77931e+04 4.22064e-01
4.78066e+04 4.21711e-01
4.78201e+04 4.21357e-01
4.78336e+04 4.21006e-01
4.78471e+04 4.20653e-01
4.78606e+04 4.20301e-01
4.78741e+04 4.19949e-01
4.78876e+04 4.19602e-01
4.79012e+04 4.19258e-01
4.79147e+04 4.18916e-01
4.79282e+04 4.18575e-01
4.79417e+04 4.18236e-01
4.79552e+04 4.17903e-01
4.79687e+04 4.17573e-01
4.79822e+04 4.17243e-01
4.79957e+04 4.16915e-01
4.80093e+04 4.16595e-01
4.80228e+04 4.16283e-01
4.80363e+04 4.15973e-01
4.80498e+04 4.15663e-01
4.80633e+04 4.15358e-01
4.80768e+04 4.15058e-01
4.80903e+04 4.15218e-01
4.81038e+04 4.14925e-01
4.81174e+04 4.14627e-01
4.81309e+04 4.14333e-01
4.81444e+04 4.14045e-01
4.81579e+04 4.13761e-01
4.81714e+04 4.13477e-01
4.81849e+04 4.13191e-01
4.81984e+04 4.12909e-01
4.82119e+04 4.12636e-01
4.82255e+04 4.12364e-01
4.82390e+04 4.12089e-01
4.82525e+04 4.11811e-01
4.82660e+04 4.11534e-01
4.82795e+04 4.11258e-01
4.82930e+04 4.10979e-01
4.83065e+04 4.10693e-01
4.83200e+04 4.10401e-01
4.83335e+04 4.10108e-01
4.83471e+04 4.09815e-01
4.83606e+04 4.09515e-01
4.83741e+04 4.09207e-01
4.83876e+04 4.08891e-01
4.84011e+04 4.08570e-01
4.84146e+04 4.08240e-01
4.84281e+04 4.07899e-01
4.84416e+04 4.07545e-01
4.84552e+04 4.07180e-01
4.84687e+04 4.06806e-01
4.84822e+04 4.06421e-01
4.84957e+04 4.06022e-01
4.85092e+04 4.05615e-01
4.85227e+04 4.05200e-01
4.85362e+04 4.04775e-01
4.85497e+04 4.04339e-01
4.85633e+04 4.03886e-01
4.85768e+04 4.03419e-01
4.85903e+04 4.02939e-01
4.86038e+04 4.02448e-01
4.86173e+04 4.01943e-01
4.86308e+04 4.01421e-01
4.86443e+04 4.00885e-01
4.86578e+04 4.00335e-01
4.86714e+04 3.99773e-01
4.86849e+04 3.99197e-01
4.86984e+04 3.98605e-01
4.87119e+04 3.97993e-01
4.87254e+04 3.97370e-01
4.87389e+04 3.96738e-01
4.87524e+04 3.96093e-01
4.87659e+04 3.95693e-01
4.87795e+04 3.95200e-01
4.87930e+04 3.94367e-01
4.88065e+04 3.93524e-01
4.88200e+04 3.92676e-01
4.88335e+04 3.91821e-01
4.88470e+04 3.90959e-01
4.88605e+04 3.90097e-01
4.88740e+04 3.89232e-01
4.88876e+04 3.88364e-01
4.89011e+04 3.87490e-01
4.89146e+04 3.86614e-01
4.89281e+04 3.85739e-01
4.89416e+04 3.84866e-01
4.89551e+04 3.83991e-01
4.89686e+04 3.83115e-01
4.89821e+04 3.82240e-01
4.89957e+04 3.81371e-01
4.90092e+04 3.80505e-01
4.90227e+04 3.79640e-01
4.90362e+04 3.78777e-01
4.90497e+04 3.77920e-01
4.90632e+04 3.77069e-01
4.90767e+04 3.76223e-01
4.90902e+04 3.75379e-01
4.91038e+04 3.74536e-01
4.91173e+04 3.73697e-01
4.91308e+04 3.72862e-01
4.91443e+04 3.72028e-01
4.91578e+04 3.71189e-01
4.91713e+04 3.70346e-01
4.91848e+04 3.69497e-01
4.91983e+04 3.68645e-01
4.92118e+04 3.67780e-01
4.92254e+04 3.66900e-01
4.92389e+04 3.66004e-01
4.92524e+04 3.65092e-01
4.92659e+04 3.64164e-01
4.92794e+04 3.63212e-01
4.92929e+04 3.62234e-01
4.93064e+04 3.61224e-01
4.93199e+04 3.60182e-01
4.93335e+04 3.59109e-01
4.93470e+04 3.57993e-01
4.93605e+04 3.56834e-01
4.93740e+04 3.55620e-01
4.93875e+04 3.54355e-01
4.94010e+04 3.53034e-01
4.94145e+04 3.51825e-01
4.94280e+04 3.50583e-01
4.94416e+04 3.49053e-01
4.94551e+04 3.47453e-01
4.94686e+04 3.45769e-01
4.94821e+04 3.44007e-01
4.94956e+04 3.42154e-01
4.95091e+04 3.40209e-01
4.95226e+04 3.38177e-01
4.95361e+04 3.36045e-01
4.95497e+04 3.33825e-01
4.95632e+04 3.31494e-01
4.95767e+04 3.29067e-01
4.95902e+04 3.26535e-01
4.96037e+04 3.23903e-01
4.96172e+04 3.21173e-01
4.96307e+04 3.18331e-01
4.96442e+04 3.15395e-01
4.96578e+04 3.12349e-01
4.96713e+04 3.09213e-01
4.96848e+04 3.05977e-01
4.96983e+04 3.02646e-01
4.97118e+04 2.99229e-01
4.97253e+04 2.95718e-01
4.97388e+04 2.92134e-01
4.97523e+04 2.88457e-01
4.97659e+04 2.84711e-01
4.97794e+04 2.80885e-01
4.97929e+04 2.76993e-01
4.98064e+04 2.73040e-01
4.98199e+04 2.69025e-01
4.98334e+04 2.64962e-01
4.98469e+04 2.60839e-01
4.98604e+04 2.56684e-01
4.98740e+04 2.52485e-01
4.98875e+04 2.48260e-01
4.99010e+04 2.44006e-01
4.99145e+04 2.39728e-01
4.99280e+04 2.35437e-01
4.99415e+04 2.31130e-01
4.99550e+04 2.26826e-01
4.99685e+04 2.22512e-01
4.99821e+04 2.18205e-01
4.99956e+04 2.13901e-01
5.00091e+04 2.09632e-01
5.00226e+04 2.05389e-01
5.00361e+04 2.01161e-01
5.00496e+04 1.96956e-01
5.00631e+04 1.92769e-01
5.00766e+04 1.88617e-01
5.00901e+04 1.84693e-01
5.01037e+04 1.80601e-01
5.01172e+04 1.76542e-01
5.01307e+04 1.72521e-01
5.01442e+04 1.68542e-01
5.01577e+04 1.64603e-01
5.01712e+04 1.60711e-01
5.01847e+04 1.56860e-01
5.01982e+04 1.53059e-01
5.02118e+04 1.49304e-01
5.02253e+04 1.45599e-01
5.02388e+04 1.41944e-01
5.02523e+04 1.38337e-01
5.02658e+04 1.34780e-01
5.02793e+04 1.31271e-01
5.02928e+04 1.27814e-01
5.03063e+04 1.24403e-01
5.03199e+04 1.21044e-01
5.03334e+04 1.17728e-01
5.03469e+04 1.14460e-01
5.03604e+04 1.11239e-01
5.03739e+04 1.08066e-01
5.03874e+04 1.04939e-01
5.04009e+04 1.01855e-01
5.04144e+04 9.88200e-02
5.04280e+04 9.58269e-02
5.04415e+04 9.28846e-02
5.04550e+04 8.99838e-02
5.04685e+04 8.71305e-02
5.04820e+04 8.43200e-02
5.04955e+04 8.15554e-02
5.05090e+04 7.88364e-02
5.05225e+04 7.61612e-02
5.05361e+04 7.35328e-02
5.05496e+04 7.09456e-02
5.05631e+04 6.84082e-02
5.05766e+04 6.59129e-02
5.05901e+04 6.34680e-02
5.06036e+04 6.10660e-02
5.06171e+04 5.87125e-02
5.06306e+04 5.64064e-02
5.06442e+04 5.41653e-02
5.06577e+04 5.19731e-02
5.06712e+04 4.98281e-02
5.06847e+04 4.77351e-02
5.06982e+04 4.56899e-02
5.07117e+04 4.37005e-02
5.07252e+04 4.17618e-02
5.07387e+04 3.98798e-02
5.07523e+04 3.80503e-02
5.07658e+04 3.62769e-02
5.07793e+04 3.45936e-02
5.07928e+04 3.29323e-02
5.08063e+04 3.13249e-02
5.08198e+04 2.97726e-02
5.08333e+04 2.82773e-02
5.08468e+04 2.68361e-02
5.08604e+04 2.54522e-02
5.08739e+04 2.41222e-02
5.08874e+04 2.28479e-02
5.09009e+04 2.16265e-02
5.09144e+04 2.04589e-02
5.09279e+04 1.93433e-02
5.09414e+04 1.82791e-02
5.09549e+04 1.72652e-02
5.09684e+04 1.62998e-02
5.09820e+04 1.53819e-02
5.09955e+04 1.45096e-02
