# Filter name : JWST/NIRCam.F140M
# Description : NIRCam F140M filter
# Photometric system : NIRCam
# FilterType : photon
# Band name : ------
# Observatory : JWST
# Instrument : NIRCam
# Comments : includes NIRCam optics, DBS, QE and JWST Optical Telescope Element
# 
1.28235e+04 1.09910e-04
1.28335e+04 1.31168e-04
1.28435e+04 1.44335e-04
1.28535e+04 1.63932e-04
1.28635e+04 1.84321e-04
1.28735e+04 2.20271e-04
1.28835e+04 2.52129e-04
1.28935e+04 2.91451e-04
1.29035e+04 3.54097e-04
1.29135e+04 4.03827e-04
1.29235e+04 4.86662e-04
1.29335e+04 5.55396e-04
1.29435e+04 6.72976e-04
1.29535e+04 8.23953e-04
1.29635e+04 1.00057e-03
1.29735e+04 1.21535e-03
1.29835e+04 1.46920e-03
1.29935e+04 1.80264e-03
1.30035e+04 2.18548e-03
1.30135e+04 2.70056e-03
1.30235e+04 3.26504e-03
1.30335e+04 4.00795e-03
1.30435e+04 4.91572e-03
1.30535e+04 5.65206e-03
1.30635e+04 7.04943e-03
1.30735e+04 8.23827e-03
1.30835e+04 9.31051e-03
1.30935e+04 1.05781e-02
1.31035e+04 1.17643e-02
1.31135e+04 1.33854e-02
1.31235e+04 1.39588e-02
1.31335e+04 1.62862e-02
1.31435e+04 1.80148e-02
1.31535e+04 2.08005e-02
1.31635e+04 2.32898e-02
1.31735e+04 2.67995e-02
1.31835e+04 3.07206e-02
1.31935e+04 3.61732e-02
1.32035e+04 4.09216e-02
1.32135e+04 4.82273e-02
1.32235e+04 5.53345e-02
1.32335e+04 6.68864e-02
1.32435e+04 7.46162e-02
1.32535e+04 8.91325e-02
1.32635e+04 1.02981e-01
1.32735e+04 1.21108e-01
1.32835e+04 1.43228e-01
1.32935e+04 1.64642e-01
1.33035e+04 1.90703e-01
1.33135e+04 2.14345e-01
1.33235e+04 2.48356e-01
1.33335e+04 2.76915e-01
1.33435e+04 3.06099e-01
1.33535e+04 3.26335e-01
1.33635e+04 3.44507e-01
1.33735e+04 3.68019e-01
1.33835e+04 3.69575e-01
1.33935e+04 3.86385e-01
1.34035e+04 3.86694e-01
1.34135e+04 3.88580e-01
1.34235e+04 3.95419e-01
1.34335e+04 3.89115e-01
1.34435e+04 3.92298e-01
1.34535e+04 3.94800e-01
1.34635e+04 3.94729e-01
1.34735e+04 3.91741e-01
1.34835e+04 4.00853e-01
1.34935e+04 3.93867e-01
1.35035e+04 4.02140e-01
1.35135e+04 3.94274e-01
1.35235e+04 3.99654e-01
1.35335e+04 3.96901e-01
1.35435e+04 3.92572e-01
1.35535e+04 4.00175e-01
1.35635e+04 3.97614e-01
1.35735e+04 3.95511e-01
1.35835e+04 3.96506e-01
1.35935e+04 3.90699e-01
1.36035e+04 4.00335e-01
1.36135e+04 3.99189e-01
1.36235e+04 3.94692e-01
1.36335e+04 3.94620e-01
1.36435e+04 3.97848e-01
1.36535e+04 3.98313e-01
1.36635e+04 3.95720e-01
1.36735e+04 4.00885e-01
1.36835e+04 3.94214e-01
1.36935e+04 3.97365e-01
1.37035e+04 3.98010e-01
1.37135e+04 3.94624e-01
1.37235e+04 3.95472e-01
1.37335e+04 3.97910e-01
1.37435e+04 3.91404e-01
1.37535e+04 3.94494e-01
1.37635e+04 3.89746e-01
1.37735e+04 3.86672e-01
1.37835e+04 3.88653e-01
1.37935e+04 3.85284e-01
1.38035e+04 3.84401e-01
1.38135e+04 3.84363e-01
1.38235e+04 3.80035e-01
1.38335e+04 3.81050e-01
1.38435e+04 3.83281e-01
1.38535e+04 3.76117e-01
1.38635e+04 3.85988e-01
1.38735e+04 3.78941e-01
1.38835e+04 3.79385e-01
1.38935e+04 3.78522e-01
1.39035e+04 3.83133e-01
1.39135e+04 3.77112e-01
1.39235e+04 3.83508e-01
1.39335e+04 3.80337e-01
1.39435e+04 3.81177e-01
1.39535e+04 3.80107e-01
1.39635e+04 3.78546e-01
1.39735e+04 3.80167e-01
1.39835e+04 3.89860e-01
1.39935e+04 3.83938e-01
1.40035e+04 3.83936e-01
1.40135e+04 3.85082e-01
1.40235e+04 3.86568e-01
1.40335e+04 3.89312e-01
1.40435e+04 3.93857e-01
1.40535e+04 3.93535e-01
1.40635e+04 3.90038e-01
1.40735e+04 3.96283e-01
1.40835e+04 3.97238e-01
1.40935e+04 3.97046e-01
1.41035e+04 4.01793e-01
1.41135e+04 4.00192e-01
1.41235e+04 4.01517e-01
1.41335e+04 4.05143e-01
1.41435e+04 3.98411e-01
1.41535e+04 4.07556e-01
1.41635e+04 4.07309e-01
1.41735e+04 4.08511e-01
1.41835e+04 4.10609e-01
1.41935e+04 4.09703e-01
1.42035e+04 4.05692e-01
1.42135e+04 4.14973e-01
1.42235e+04 4.09683e-01
1.42335e+04 4.12954e-01
1.42435e+04 4.12854e-01
1.42535e+04 4.12140e-01
1.42635e+04 4.14868e-01
1.42735e+04 4.11942e-01
1.42835e+04 4.10715e-01
1.42935e+04 4.12874e-01
1.43035e+04 4.17276e-01
1.43135e+04 4.15253e-01
1.43235e+04 4.12156e-01
1.43335e+04 4.12250e-01
1.43435e+04 4.12013e-01
1.43535e+04 4.11559e-01
1.43635e+04 4.10920e-01
1.43735e+04 4.11093e-01
1.43835e+04 4.11351e-01
1.43935e+04 4.10611e-01
1.44035e+04 4.13121e-01
1.44135e+04 4.10800e-01
1.44235e+04 4.10393e-01
1.44335e+04 4.13696e-01
1.44435e+04 4.12082e-01
1.44535e+04 4.13787e-01
1.44635e+04 4.11964e-01
1.44735e+04 4.14890e-01
1.44835e+04 4.16439e-01
1.44935e+04 4.17588e-01
1.45035e+04 4.11813e-01
1.45135e+04 4.17453e-01
1.45235e+04 4.18644e-01
1.45335e+04 4.20141e-01
1.45435e+04 4.19993e-01
1.45535e+04 4.22491e-01
1.45635e+04 4.16408e-01
1.45735e+04 4.20969e-01
1.45835e+04 4.26036e-01
1.45935e+04 4.22827e-01
1.46035e+04 4.22912e-01
1.46135e+04 4.23909e-01
1.46235e+04 4.24248e-01
1.46335e+04 4.23944e-01
1.46435e+04 4.27681e-01
1.46535e+04 4.24212e-01
1.46635e+04 4.21497e-01
1.46735e+04 4.26109e-01
1.46835e+04 4.15954e-01
1.46935e+04 4.12559e-01
1.47035e+04 4.06578e-01
1.47135e+04 3.97302e-01
1.47235e+04 3.84164e-01
1.47335e+04 3.65773e-01
1.47435e+04 3.46019e-01
1.47535e+04 3.19377e-01
1.47635e+04 2.97991e-01
1.47735e+04 2.65926e-01
1.47835e+04 2.36490e-01
1.47935e+04 2.04897e-01
1.48035e+04 1.77655e-01
1.48135e+04 1.52969e-01
1.48235e+04 1.28992e-01
1.48335e+04 1.10875e-01
1.48435e+04 9.57741e-02
1.48535e+04 8.13138e-02
1.48635e+04 6.95173e-02
1.48735e+04 5.82727e-02
1.48835e+04 5.34810e-02
1.48935e+04 4.40267e-02
1.49035e+04 3.87427e-02
1.49135e+04 3.36413e-02
1.49235e+04 2.95908e-02
1.49335e+04 2.64164e-02
1.49435e+04 2.28924e-02
1.49535e+04 2.12921e-02
1.49635e+04 1.90629e-02
1.49735e+04 1.71987e-02
1.49835e+04 1.51503e-02
1.49935e+04 1.35005e-02
1.50035e+04 1.14431e-02
1.50135e+04 9.47393e-03
1.50235e+04 7.90062e-03
1.50335e+04 6.53407e-03
1.50435e+04 5.44803e-03
1.50535e+04 4.54778e-03
1.50635e+04 3.78209e-03
1.50735e+04 3.24754e-03
1.50835e+04 2.74796e-03
1.50935e+04 2.36040e-03
1.51035e+04 2.00751e-03
1.51135e+04 1.71970e-03
1.51235e+04 1.48611e-03
1.51335e+04 1.28013e-03
1.51435e+04 1.14448e-03
1.51535e+04 9.79654e-04
1.51635e+04 8.63623e-04
1.51735e+04 7.54312e-04
1.51835e+04 6.72369e-04
1.51935e+04 5.92196e-04
1.52035e+04 5.19670e-04
1.52135e+04 4.70663e-04
1.52235e+04 4.12985e-04
1.52335e+04 3.78221e-04
1.52435e+04 3.37142e-04
1.52535e+04 2.98244e-04
1.52635e+04 2.71332e-04
1.52735e+04 2.44055e-04
1.52835e+04 2.22918e-04
1.52935e+04 1.98313e-04
1.53035e+04 1.79976e-04
1.53135e+04 1.64930e-04
1.53235e+04 1.48183e-04
1.53335e+04 1.35347e-04
1.53435e+04 1.23284e-04
1.53535e+04 1.10555e-04
1.53635e+04 1.02488e-04
