# Filter name : JWST/NIRCam.F410M
# Description : NIRCam F410M filter
# Photometric system : NIRCam
# FilterType : photon
# Band name : ------
# Observatory : JWST
# Instrument : NIRCam
# Comments : includes NIRCam optics, DBS, QE and JWST Optical Telescope Element
# 
3.67400e+04 1.02358e-04
3.67535e+04 1.09674e-04
3.67670e+04 1.13415e-04
3.67805e+04 1.16163e-04
3.67940e+04 1.22966e-04
3.68075e+04 1.27709e-04
3.68211e+04 1.33064e-04
3.68346e+04 1.37722e-04
3.68481e+04 1.39087e-04
3.68616e+04 1.46600e-04
3.68751e+04 1.53096e-04
3.68886e+04 1.57022e-04
3.69021e+04 1.69510e-04
3.69156e+04 1.81043e-04
3.69292e+04 1.87806e-04
3.69427e+04 1.96509e-04
3.69562e+04 2.01291e-04
3.69697e+04 2.07619e-04
3.69832e+04 2.20740e-04
3.69967e+04 2.31651e-04
3.70102e+04 2.43186e-04
3.70237e+04 2.57554e-04
3.70373e+04 2.69780e-04
3.70508e+04 2.84951e-04
3.70643e+04 3.02530e-04
3.70778e+04 3.18653e-04
3.70913e+04 3.36167e-04
3.71048e+04 3.51620e-04
3.71183e+04 3.67655e-04
3.71318e+04 3.89567e-04
3.71454e+04 4.09860e-04
3.71589e+04 4.29931e-04
3.71724e+04 4.53925e-04
3.71859e+04 4.75056e-04
3.71994e+04 4.97992e-04
3.72129e+04 5.27349e-04
3.72264e+04 5.57615e-04
3.72399e+04 5.90575e-04
3.72535e+04 6.24727e-04
3.72670e+04 6.59071e-04
3.72805e+04 7.01691e-04
3.72940e+04 7.45663e-04
3.73075e+04 7.85072e-04
3.73210e+04 8.29493e-04
3.73345e+04 8.76494e-04
3.73480e+04 9.25239e-04
3.73615e+04 9.83669e-04
3.73751e+04 1.04178e-03
3.73886e+04 1.10038e-03
3.74021e+04 1.16748e-03
3.74156e+04 1.23697e-03
3.74291e+04 1.30849e-03
3.74426e+04 1.38748e-03
3.74561e+04 1.46641e-03
3.74696e+04 1.54919e-03
3.74832e+04 1.64064e-03
3.74967e+04 1.73676e-03
3.75102e+04 1.84327e-03
3.75237e+04 1.95803e-03
3.75372e+04 2.07304e-03
3.75507e+04 2.19657e-03
3.75642e+04 2.32917e-03
3.75777e+04 2.46566e-03
3.75913e+04 2.61495e-03
3.76048e+04 2.77570e-03
3.76183e+04 2.94183e-03
3.76318e+04 3.12003e-03
3.76453e+04 3.30862e-03
3.76588e+04 3.50644e-03
3.76723e+04 3.72229e-03
3.76858e+04 3.95086e-03
3.76994e+04 4.18817e-03
3.77129e+04 4.44381e-03
3.77264e+04 4.71546e-03
3.77399e+04 5.00163e-03
3.77534e+04 5.31186e-03
3.77669e+04 5.64609e-03
3.77804e+04 5.99368e-03
3.77939e+04 6.36426e-03
3.78075e+04 6.75894e-03
3.78210e+04 7.17736e-03
3.78345e+04 7.62909e-03
3.78480e+04 8.11039e-03
3.78615e+04 8.62045e-03
3.78750e+04 9.16847e-03
3.78885e+04 9.74718e-03
3.79020e+04 1.03587e-02
3.79156e+04 1.10174e-02
3.79291e+04 1.17181e-02
3.79426e+04 1.24629e-02
3.79561e+04 1.32694e-02
3.79696e+04 1.41252e-02
3.79831e+04 1.50326e-02
3.79966e+04 1.60128e-02
3.80101e+04 1.70576e-02
3.80237e+04 1.81724e-02
3.80372e+04 1.93779e-02
3.80507e+04 2.06585e-02
3.80642e+04 2.20258e-02
3.80777e+04 2.34977e-02
3.80912e+04 2.50611e-02
3.81047e+04 2.67283e-02
3.81182e+04 2.85164e-02
3.81318e+04 3.04223e-02
3.81453e+04 3.24593e-02
3.81588e+04 3.46415e-02
3.81723e+04 3.69747e-02
3.81858e+04 3.94879e-02
3.81993e+04 4.21398e-02
3.82128e+04 4.49652e-02
3.82263e+04 4.79763e-02
3.82398e+04 5.11923e-02
3.82534e+04 5.46119e-02
3.82669e+04 5.82404e-02
3.82804e+04 6.20992e-02
3.82939e+04 6.61869e-02
3.83074e+04 7.05086e-02
3.83209e+04 7.50910e-02
3.83344e+04 7.99265e-02
3.83479e+04 8.50147e-02
3.83615e+04 9.03833e-02
3.83750e+04 9.60091e-02
3.83885e+04 1.01993e-01
3.84020e+04 1.08194e-01
3.84155e+04 1.14637e-01
3.84290e+04 1.21334e-01
3.84425e+04 1.28301e-01
3.84560e+04 1.35512e-01
3.84696e+04 1.42952e-01
3.84831e+04 1.50625e-01
3.84966e+04 1.58507e-01
3.85101e+04 1.66570e-01
3.85236e+04 1.74817e-01
3.85371e+04 1.83228e-01
3.85506e+04 1.91759e-01
3.85641e+04 2.00408e-01
3.85777e+04 2.09341e-01
3.85912e+04 2.18201e-01
3.86047e+04 2.27059e-01
3.86182e+04 2.35949e-01
3.86317e+04 2.44806e-01
3.86452e+04 2.53662e-01
3.86587e+04 2.62498e-01
3.86722e+04 2.71266e-01
3.86858e+04 2.79978e-01
3.86993e+04 2.88625e-01
3.87128e+04 2.97166e-01
3.87263e+04 3.05614e-01
3.87398e+04 3.13972e-01
3.87533e+04 3.22207e-01
3.87668e+04 3.30312e-01
3.87803e+04 3.38307e-01
3.87939e+04 3.46158e-01
3.88074e+04 3.53850e-01
3.88209e+04 3.61420e-01
3.88344e+04 3.68784e-01
3.88479e+04 3.75957e-01
3.88614e+04 3.82966e-01
3.88749e+04 3.89764e-01
3.88884e+04 3.96342e-01
3.89020e+04 4.02722e-01
3.89155e+04 4.08883e-01
3.89290e+04 4.14804e-01
3.89425e+04 4.20493e-01
3.89560e+04 4.25945e-01
3.89695e+04 4.31126e-01
3.89830e+04 4.36551e-01
3.89965e+04 4.41228e-01
3.90101e+04 4.45577e-01
3.90236e+04 4.49643e-01
3.90371e+04 4.53449e-01
3.90506e+04 4.56970e-01
3.90641e+04 4.60235e-01
3.90776e+04 4.63262e-01
3.90911e+04 4.66040e-01
3.91046e+04 4.68582e-01
3.91182e+04 4.70914e-01
3.91317e+04 4.73024e-01
3.91452e+04 4.75180e-01
3.91587e+04 4.77134e-01
3.91722e+04 4.78632e-01
3.91857e+04 4.79932e-01
3.91992e+04 4.81085e-01
3.92127e+04 4.82092e-01
3.92262e+04 4.82959e-01
3.92398e+04 4.83720e-01
3.92533e+04 4.84388e-01
3.92668e+04 4.84959e-01
3.92803e+04 4.85449e-01
3.92938e+04 4.85876e-01
3.93073e+04 4.86219e-01
3.93208e+04 4.86488e-01
3.93343e+04 4.86722e-01
3.93479e+04 4.86901e-01
3.93614e+04 4.87036e-01
3.93749e+04 4.87426e-01
3.93884e+04 4.87808e-01
3.94019e+04 4.87897e-01
3.94154e+04 4.88048e-01
3.94289e+04 4.88203e-01
3.94424e+04 4.88348e-01
3.94560e+04 4.88500e-01
3.94695e+04 4.88657e-01
3.94830e+04 4.88799e-01
3.94965e+04 4.88946e-01
3.95100e+04 4.89038e-01
3.95235e+04 4.89106e-01
3.95370e+04 4.89178e-01
3.95505e+04 4.89264e-01
3.95641e+04 4.89359e-01
3.95776e+04 4.89460e-01
3.95911e+04 4.89589e-01
3.96046e+04 4.89734e-01
3.96181e+04 4.89881e-01
3.96316e+04 4.90034e-01
3.96451e+04 4.90185e-01
3.96586e+04 4.90325e-01
3.96722e+04 4.90462e-01
3.96857e+04 4.90596e-01
3.96992e+04 4.91216e-01
3.97127e+04 4.91391e-01
3.97262e+04 4.91539e-01
3.97397e+04 4.91686e-01
3.97532e+04 4.91836e-01
3.97667e+04 4.91992e-01
3.97803e+04 4.92708e-01
3.97938e+04 4.92846e-01
3.98073e+04 4.92970e-01
3.98208e+04 4.93077e-01
3.98343e+04 4.93156e-01
3.98478e+04 4.93227e-01
3.98613e+04 4.93291e-01
3.98748e+04 4.93342e-01
3.98884e+04 4.93389e-01
3.99019e+04 4.93437e-01
3.99154e+04 4.93480e-01
3.99289e+04 4.93519e-01
3.99424e+04 4.93566e-01
3.99559e+04 4.93603e-01
3.99694e+04 4.93621e-01
3.99829e+04 4.93630e-01
3.99965e+04 4.93627e-01
4.00100e+04 4.93601e-01
4.00235e+04 4.93564e-01
4.00370e+04 4.93526e-01
4.00505e+04 4.93483e-01
4.00640e+04 4.93447e-01
4.00775e+04 4.93423e-01
4.00910e+04 4.93396e-01
4.01045e+04 4.93390e-01
4.01181e+04 4.93429e-01
4.01316e+04 4.93466e-01
4.01451e+04 4.93487e-01
4.01586e+04 4.93499e-01
4.01721e+04 4.93507e-01
4.01856e+04 4.93826e-01
4.01991e+04 4.94078e-01
4.02126e+04 4.94577e-01
4.02262e+04 4.94526e-01
4.02397e+04 4.94479e-01
4.02532e+04 4.94449e-01
4.02667e+04 4.94430e-01
4.02802e+04 4.94404e-01
4.02937e+04 4.94377e-01
4.03072e+04 4.94345e-01
4.03207e+04 4.94306e-01
4.03343e+04 4.94263e-01
4.03478e+04 4.94219e-01
4.03613e+04 4.94169e-01
4.03748e+04 4.94122e-01
4.03883e+04 4.94089e-01
4.04018e+04 4.94074e-01
4.04153e+04 4.94124e-01
4.04288e+04 4.94180e-01
4.04424e+04 4.94244e-01
4.04559e+04 4.94306e-01
4.04694e+04 4.94368e-01
4.04829e+04 4.94427e-01
4.04964e+04 4.94481e-01
4.05099e+04 4.94485e-01
4.05234e+04 4.94475e-01
4.05369e+04 4.94464e-01
4.05505e+04 4.94440e-01
4.05640e+04 4.94429e-01
4.05775e+04 4.94433e-01
4.05910e+04 4.94447e-01
4.06045e+04 4.94724e-01
4.06180e+04 4.95064e-01
4.06315e+04 4.95090e-01
4.06450e+04 4.95104e-01
4.06586e+04 4.95120e-01
4.06721e+04 4.95133e-01
4.06856e+04 4.95140e-01
4.06991e+04 4.95145e-01
4.07126e+04 4.95217e-01
4.07261e+04 4.95626e-01
4.07396e+04 4.95914e-01
4.07531e+04 4.96000e-01
4.07667e+04 4.96092e-01
4.07802e+04 4.96185e-01
4.07937e+04 4.96279e-01
4.08072e+04 4.96340e-01
4.08207e+04 4.96353e-01
4.08342e+04 4.96358e-01
4.08477e+04 4.96357e-01
4.08612e+04 4.96348e-01
4.08748e+04 4.96330e-01
4.08883e+04 4.96311e-01
4.09018e+04 4.96295e-01
4.09153e+04 4.96276e-01
4.09288e+04 4.96264e-01
4.09423e+04 4.96257e-01
4.09558e+04 4.96250e-01
4.09693e+04 4.96237e-01
4.09828e+04 4.96225e-01
4.09964e+04 4.96205e-01
4.10099e+04 4.96124e-01
4.10234e+04 4.96019e-01
4.10369e+04 4.96302e-01
4.10504e+04 4.96358e-01
4.10639e+04 4.96226e-01
4.10774e+04 4.96101e-01
4.10909e+04 4.95981e-01
4.11045e+04 4.95883e-01
4.11180e+04 4.95831e-01
4.11315e+04 4.95788e-01
4.11450e+04 4.95740e-01
4.11585e+04 4.95686e-01
4.11720e+04 4.95629e-01
4.11855e+04 4.95869e-01
4.11990e+04 4.96044e-01
4.12126e+04 4.95974e-01
4.12261e+04 4.95904e-01
4.12396e+04 4.95836e-01
4.12531e+04 4.95778e-01
4.12666e+04 4.95733e-01
4.12801e+04 4.95698e-01
4.12936e+04 4.95670e-01
4.13071e+04 4.95621e-01
4.13207e+04 4.95552e-01
4.13342e+04 4.95489e-01
4.13477e+04 4.95428e-01
4.13612e+04 4.95369e-01
4.13747e+04 4.95310e-01
4.13882e+04 4.95252e-01
4.14017e+04 4.95217e-01
4.14152e+04 4.95301e-01
4.14288e+04 4.95394e-01
4.14423e+04 4.95505e-01
4.14558e+04 4.95642e-01
4.14693e+04 4.95795e-01
4.14828e+04 4.96528e-01
4.14963e+04 4.96703e-01
4.15098e+04 4.96838e-01
4.15233e+04 4.96959e-01
4.15369e+04 4.97088e-01
4.15504e+04 4.97224e-01
4.15639e+04 4.97358e-01
4.15774e+04 4.97491e-01
4.15909e+04 4.97633e-01
4.16044e+04 4.98033e-01
4.16179e+04 4.98506e-01
4.16314e+04 4.98678e-01
4.16450e+04 4.98858e-01
4.16585e+04 4.99047e-01
4.16720e+04 4.99235e-01
4.16855e+04 4.99420e-01
4.16990e+04 4.99597e-01
4.17125e+04 4.99764e-01
4.17260e+04 4.99912e-01
4.17395e+04 5.00048e-01
4.17531e+04 5.00169e-01
4.17666e+04 5.00276e-01
4.17801e+04 5.00372e-01
4.17936e+04 5.00463e-01
4.18071e+04 5.00537e-01
4.18206e+04 5.00599e-01
4.18341e+04 5.00652e-01
4.18476e+04 5.00694e-01
4.18611e+04 5.00716e-01
4.18747e+04 5.00711e-01
4.18882e+04 5.00679e-01
4.19017e+04 5.00617e-01
4.19152e+04 5.00520e-01
4.19287e+04 5.00401e-01
4.19422e+04 5.00828e-01
4.19557e+04 5.00661e-01
4.19692e+04 5.00478e-01
4.19828e+04 5.00284e-01
4.19963e+04 5.00078e-01
4.20098e+04 4.99846e-01
4.20233e+04 4.99604e-01
4.20368e+04 4.99724e-01
4.20503e+04 4.99628e-01
4.20638e+04 4.99336e-01
4.20773e+04 4.99036e-01
4.20909e+04 4.98715e-01
4.21044e+04 4.98380e-01
4.21179e+04 4.98039e-01
4.21314e+04 4.97697e-01
4.21449e+04 4.97350e-01
4.21584e+04 4.97000e-01
4.21719e+04 4.96652e-01
4.21854e+04 4.96311e-01
4.21990e+04 4.95964e-01
4.22125e+04 4.95606e-01
4.22260e+04 4.95249e-01
4.22395e+04 4.94890e-01
4.22530e+04 4.94516e-01
4.22665e+04 4.94126e-01
4.22800e+04 4.93715e-01
4.22935e+04 4.93279e-01
4.23071e+04 4.92817e-01
4.23206e+04 4.92345e-01
4.23341e+04 4.91855e-01
4.23476e+04 4.91329e-01
4.23611e+04 4.90768e-01
4.23746e+04 4.90180e-01
4.23881e+04 4.89550e-01
4.24016e+04 4.88866e-01
4.24152e+04 4.88124e-01
4.24287e+04 4.87809e-01
4.24422e+04 4.86994e-01
4.24557e+04 4.85973e-01
4.24692e+04 4.84843e-01
4.24827e+04 4.84127e-01
4.24962e+04 4.82745e-01
4.25097e+04 4.81157e-01
4.25233e+04 4.79424e-01
4.25368e+04 4.77526e-01
4.25503e+04 4.75450e-01
4.25638e+04 4.73143e-01
4.25773e+04 4.70618e-01
4.25908e+04 4.67875e-01
4.26043e+04 4.64620e-01
4.26178e+04 4.60524e-01
4.26314e+04 4.56098e-01
4.26449e+04 4.51405e-01
4.26584e+04 4.46447e-01
4.26719e+04 4.41231e-01
4.26854e+04 4.35655e-01
4.26989e+04 4.29772e-01
4.27124e+04 4.23256e-01
4.27259e+04 4.16468e-01
4.27395e+04 4.09377e-01
4.27530e+04 4.01962e-01
4.27665e+04 3.94332e-01
4.27800e+04 3.86498e-01
4.27935e+04 3.78431e-01
4.28070e+04 3.71508e-01
4.28205e+04 3.65713e-01
4.28340e+04 3.59658e-01
4.28475e+04 3.53353e-01
4.28611e+04 3.46634e-01
4.28746e+04 3.39712e-01
4.28881e+04 3.32607e-01
4.29016e+04 3.25161e-01
4.29151e+04 3.16209e-01
4.29286e+04 3.07208e-01
4.29421e+04 2.98603e-01
4.29556e+04 2.89850e-01
4.29692e+04 2.80773e-01
4.29827e+04 2.71723e-01
4.29962e+04 2.62746e-01
4.30097e+04 2.53826e-01
4.30232e+04 2.44951e-01
4.30367e+04 2.36183e-01
4.30502e+04 2.27566e-01
4.30637e+04 2.19107e-01
4.30773e+04 2.10792e-01
4.30908e+04 2.02648e-01
4.31043e+04 1.94701e-01
4.31178e+04 1.86953e-01
4.31313e+04 1.79395e-01
4.31448e+04 1.72040e-01
4.31583e+04 1.64896e-01
4.31718e+04 1.57961e-01
4.31854e+04 1.51229e-01
4.31989e+04 1.44704e-01
4.32124e+04 1.38393e-01
4.32259e+04 1.32289e-01
4.32394e+04 1.26390e-01
4.32529e+04 1.20697e-01
4.32664e+04 1.15205e-01
4.32799e+04 1.09913e-01
4.32935e+04 1.04818e-01
4.33070e+04 9.99149e-02
4.33205e+04 9.51953e-02
4.33340e+04 9.06586e-02
4.33475e+04 8.63041e-02
4.33610e+04 8.21246e-02
4.33745e+04 7.81099e-02
4.33880e+04 7.42579e-02
4.34016e+04 7.05694e-02
4.34151e+04 6.70344e-02
4.34286e+04 6.36450e-02
4.34421e+04 6.03995e-02
4.34556e+04 5.73389e-02
4.34691e+04 5.44085e-02
4.34826e+04 5.15816e-02
4.34961e+04 4.88805e-02
4.35097e+04 4.63109e-02
4.35232e+04 4.39114e-02
4.35367e+04 4.15729e-02
4.35502e+04 3.93433e-02
4.35637e+04 3.72296e-02
4.35772e+04 3.52161e-02
4.35907e+04 3.32987e-02
4.36042e+04 3.14732e-02
4.36178e+04 2.97518e-02
4.36313e+04 2.81152e-02
4.36448e+04 2.65596e-02
4.36583e+04 2.50803e-02
4.36718e+04 2.36903e-02
4.36853e+04 2.23710e-02
4.36988e+04 2.11184e-02
4.37123e+04 1.99292e-02
4.37258e+04 1.88138e-02
4.37394e+04 1.77566e-02
4.37529e+04 1.67531e-02
4.37664e+04 1.58067e-02
4.37799e+04 1.49224e-02
4.37934e+04 1.40848e-02
4.38069e+04 1.32854e-02
4.38204e+04 1.25294e-02
4.38339e+04 1.18229e-02
4.38475e+04 1.11571e-02
4.38610e+04 1.05218e-02
4.38745e+04 9.92634e-03
4.38880e+04 9.36927e-03
4.39015e+04 8.84596e-03
4.39150e+04 8.34469e-03
4.39285e+04 7.87809e-03
4.39420e+04 7.44120e-03
4.39556e+04 7.03107e-03
4.39691e+04 6.63373e-03
4.39826e+04 6.26560e-03
4.39961e+04 5.92265e-03
4.40096e+04 5.60161e-03
4.40231e+04 5.29132e-03
4.40366e+04 5.00304e-03
4.40501e+04 4.73623e-03
4.40637e+04 4.48797e-03
4.40772e+04 4.24129e-03
4.40907e+04 4.00995e-03
4.41042e+04 3.79947e-03
4.41177e+04 3.60211e-03
4.41312e+04 3.41325e-03
4.41447e+04 3.23707e-03
4.41582e+04 3.07544e-03
4.41718e+04 2.91856e-03
4.41853e+04 2.76733e-03
4.41988e+04 2.62171e-03
4.42123e+04 2.49476e-03
4.42258e+04 2.37117e-03
4.42393e+04 2.25126e-03
4.42528e+04 2.13531e-03
4.42663e+04 2.03242e-03
4.42799e+04 1.93398e-03
4.42934e+04 1.83716e-03
4.43069e+04 1.74622e-03
4.43204e+04 1.66437e-03
4.43339e+04 1.58797e-03
4.43474e+04 1.50990e-03
4.43609e+04 1.43821e-03
4.43744e+04 1.37265e-03
4.43880e+04 1.31324e-03
4.44015e+04 1.24913e-03
4.44150e+04 1.19093e-03
4.44285e+04 1.13779e-03
4.44420e+04 1.08862e-03
4.44555e+04 1.03470e-03
4.44690e+04 9.84373e-04
4.44825e+04 9.41739e-04
4.44961e+04 9.05824e-04
4.45096e+04 8.68231e-04
4.45231e+04 8.29880e-04
4.45366e+04 7.97406e-04
4.45501e+04 7.64748e-04
4.45636e+04 7.31132e-04
4.45771e+04 6.94761e-04
4.45906e+04 6.65992e-04
4.46041e+04 6.38205e-04
4.46177e+04 6.10196e-04
4.46312e+04 5.81704e-04
4.46447e+04 5.60477e-04
4.46582e+04 5.42951e-04
4.46717e+04 5.21816e-04
4.46852e+04 4.97743e-04
4.46987e+04 4.75362e-04
4.47122e+04 4.57283e-04
4.47258e+04 4.35072e-04
4.47393e+04 4.15084e-04
4.47528e+04 3.98087e-04
4.47663e+04 3.91022e-04
4.47798e+04 3.79019e-04
4.47933e+04 3.63999e-04
4.48068e+04 3.48793e-04
4.48203e+04 3.37978e-04
4.48339e+04 3.26314e-04
4.48474e+04 3.10450e-04
4.48609e+04 2.97556e-04
4.48744e+04 2.87368e-04
4.48879e+04 2.79790e-04
4.49014e+04 2.64510e-04
4.49149e+04 2.51652e-04
4.49284e+04 2.40931e-04
4.49420e+04 2.33301e-04
4.49555e+04 2.23271e-04
4.49690e+04 2.14261e-04
4.49825e+04 2.10298e-04
4.49960e+04 2.05624e-04
4.50095e+04 1.98742e-04
4.50230e+04 1.88638e-04
4.50365e+04 1.85206e-04
4.50501e+04 1.81109e-04
4.50636e+04 1.75454e-04
4.50771e+04 1.63951e-04
4.50906e+04 1.57011e-04
4.51041e+04 1.52828e-04
4.51176e+04 1.46685e-04
4.51311e+04 1.39358e-04
4.51446e+04 1.33321e-04
4.51582e+04 1.31704e-04
4.51717e+04 1.23822e-04
4.51852e+04 1.12788e-04
4.51987e+04 1.04625e-04
4.52122e+04 1.03602e-04
4.52257e+04 1.02259e-04
