# Filter name : JWST/NIRCam.F187N
# Description : NIRCam F187N filter
# Photometric system : NIRCam
# FilterType : photon
# Band name : ------
# Observatory : JWST
# Instrument : NIRCam
# Comments : includes NIRCam optics, DBS, QE and JWST Optical Telescope Element
# 
1.83420e+04 1.03148e-04
1.83520e+04 1.31861e-04
1.83620e+04 1.71293e-04
1.83720e+04 2.19328e-04
1.83820e+04 2.98494e-04
1.83920e+04 4.21847e-04
1.84020e+04 6.22217e-04
1.84120e+04 9.49507e-04
1.84220e+04 1.51122e-03
1.84320e+04 2.44918e-03
1.84420e+04 3.90198e-03
1.84520e+04 6.06737e-03
1.84620e+04 9.05615e-03
1.84720e+04 1.26345e-02
1.84820e+04 1.63208e-02
1.84920e+04 2.00583e-02
1.85020e+04 2.36460e-02
1.85120e+04 2.76377e-02
1.85220e+04 3.16866e-02
1.85320e+04 3.59896e-02
1.85420e+04 3.96152e-02
1.85520e+04 4.64873e-02
1.85620e+04 5.38330e-02
1.85720e+04 6.38679e-02
1.85820e+04 7.54185e-02
1.85920e+04 9.17678e-02
1.86020e+04 1.12155e-01
1.86120e+04 1.40973e-01
1.86220e+04 1.76981e-01
1.86320e+04 2.21948e-01
1.86420e+04 2.78332e-01
1.86520e+04 3.30400e-01
1.86620e+04 3.78472e-01
1.86720e+04 4.13302e-01
1.86820e+04 4.34989e-01
1.86920e+04 4.45490e-01
1.87020e+04 4.52087e-01
1.87120e+04 4.53965e-01
1.87220e+04 4.53915e-01
1.87320e+04 4.54272e-01
1.87420e+04 4.53325e-01
1.87520e+04 4.52206e-01
1.87620e+04 4.49517e-01
1.87720e+04 4.45449e-01
1.87820e+04 4.37419e-01
1.87920e+04 4.25541e-01
1.88020e+04 4.04255e-01
1.88120e+04 3.73641e-01
1.88220e+04 3.32361e-01
1.88320e+04 2.84807e-01
1.88420e+04 2.36790e-01
1.88520e+04 1.93285e-01
1.88620e+04 1.57641e-01
1.88720e+04 1.28755e-01
1.88820e+04 1.07033e-01
1.88920e+04 8.91157e-02
1.89020e+04 7.60267e-02
1.89120e+04 6.50723e-02
1.89220e+04 5.69369e-02
1.89320e+04 4.94130e-02
1.89420e+04 4.33947e-02
1.89520e+04 3.73836e-02
1.89620e+04 3.17836e-02
1.89720e+04 2.66474e-02
1.89820e+04 2.16912e-02
1.89920e+04 1.70193e-02
1.90020e+04 1.25226e-02
1.90120e+04 8.89334e-03
1.90220e+04 6.08921e-03
1.90320e+04 4.06114e-03
1.90420e+04 2.61502e-03
1.90520e+04 1.69350e-03
1.90620e+04 1.11099e-03
1.90720e+04 7.41078e-04
1.90820e+04 5.08555e-04
1.90920e+04 3.62592e-04
1.91020e+04 2.60952e-04
1.91120e+04 1.96140e-04
1.91220e+04 1.49173e-04
1.91320e+04 1.15321e-04
