# Filter name : JWST/NIRCam.F405N
# Description : NIRCam F405N filter
# Photometric system : NIRCam
# FilterType : photon
# Band name : ------
# Observatory : JWST
# Instrument : NIRCam
# Comments : includes NIRCam optics, DBS, QE and JWST Optical Telescope Element
# 
3.96992e+04 1.06861e-04
3.97127e+04 1.20600e-04
3.97262e+04 1.33152e-04
3.97397e+04 1.44628e-04
3.97532e+04 1.56851e-04
3.97667e+04 1.70506e-04
3.97803e+04 1.86600e-04
3.97938e+04 2.05485e-04
3.98073e+04 2.26509e-04
3.98208e+04 2.46044e-04
3.98343e+04 2.64409e-04
3.98478e+04 2.86985e-04
3.98613e+04 3.14760e-04
3.98748e+04 3.49837e-04
3.98884e+04 3.94651e-04
3.99019e+04 4.50669e-04
3.99154e+04 5.18686e-04
3.99289e+04 6.00308e-04
3.99424e+04 6.95129e-04
3.99559e+04 7.98636e-04
3.99694e+04 9.14209e-04
3.99829e+04 1.04544e-03
3.99965e+04 1.19705e-03
4.00100e+04 1.37766e-03
4.00235e+04 1.59868e-03
4.00370e+04 1.87067e-03
4.00505e+04 2.20413e-03
4.00640e+04 2.62410e-03
4.00775e+04 3.15493e-03
4.00910e+04 3.83075e-03
4.01045e+04 4.69982e-03
4.01181e+04 5.82841e-03
4.01316e+04 7.30912e-03
4.01451e+04 9.27830e-03
4.01586e+04 1.19456e-02
4.01721e+04 1.56333e-02
4.01856e+04 2.07973e-02
4.01991e+04 2.81221e-02
4.02126e+04 3.86545e-02
4.02262e+04 5.37983e-02
4.02397e+04 7.55426e-02
4.02532e+04 1.06179e-01
4.02667e+04 1.46894e-01
4.02802e+04 1.96287e-01
4.02937e+04 2.50113e-01
4.03072e+04 3.01453e-01
4.03207e+04 3.43127e-01
4.03343e+04 3.70657e-01
4.03478e+04 3.83944e-01
4.03613e+04 3.86127e-01
4.03748e+04 3.83406e-01
4.03883e+04 3.80170e-01
4.04018e+04 3.78418e-01
4.04153e+04 3.79186e-01
4.04288e+04 3.82717e-01
4.04424e+04 3.88769e-01
4.04559e+04 3.96646e-01
4.04694e+04 4.04990e-01
4.04829e+04 4.12578e-01
4.04964e+04 4.18469e-01
4.05099e+04 4.21966e-01
4.05234e+04 4.22805e-01
4.05369e+04 4.21077e-01
4.05505e+04 4.16989e-01
4.05640e+04 4.11586e-01
4.05775e+04 4.05862e-01
4.05910e+04 4.00442e-01
4.06045e+04 3.95970e-01
4.06180e+04 3.92446e-01
4.06315e+04 3.89346e-01
4.06450e+04 3.85741e-01
4.06586e+04 3.79758e-01
4.06721e+04 3.69516e-01
4.06856e+04 3.53364e-01
4.06991e+04 3.30348e-01
4.07126e+04 3.00575e-01
4.07261e+04 2.64677e-01
4.07396e+04 2.24384e-01
4.07531e+04 1.84327e-01
4.07667e+04 1.47278e-01
4.07802e+04 1.15000e-01
4.07937e+04 8.82712e-02
4.08072e+04 6.70411e-02
4.08207e+04 5.07306e-02
4.08342e+04 3.85112e-02
4.08477e+04 2.94208e-02
4.08612e+04 2.26622e-02
4.08748e+04 1.76190e-02
4.08883e+04 1.38327e-02
4.09018e+04 1.09857e-02
4.09153e+04 8.81274e-03
4.09288e+04 7.13519e-03
4.09423e+04 5.82962e-03
4.09558e+04 4.80400e-03
4.09693e+04 3.98929e-03
4.09828e+04 3.33796e-03
4.09964e+04 2.81298e-03
4.10099e+04 2.38519e-03
4.10234e+04 2.03391e-03
4.10369e+04 1.74465e-03
4.10504e+04 1.50267e-03
4.10639e+04 1.29847e-03
4.10774e+04 1.12470e-03
4.10909e+04 9.76966e-04
4.11045e+04 8.51369e-04
4.11180e+04 7.44396e-04
4.11315e+04 6.52968e-04
4.11450e+04 5.75345e-04
4.11585e+04 5.09396e-04
4.11720e+04 4.53575e-04
4.11855e+04 4.06534e-04
4.11990e+04 3.66313e-04
4.12126e+04 3.31257e-04
4.12261e+04 3.00731e-04
4.12396e+04 2.73399e-04
4.12531e+04 2.48400e-04
4.12666e+04 2.25249e-04
4.12801e+04 2.03626e-04
4.12936e+04 1.83267e-04
4.13071e+04 1.65168e-04
4.13207e+04 1.49750e-04
4.13342e+04 1.36002e-04
4.13477e+04 1.23026e-04
4.13612e+04 1.10373e-04
