# Filter name : JWST/NIRCam.F162M
# Description : NIRCam F162M filter
# Photometric system : NIRCam
# FilterType : photon
# Band name : ------
# Observatory : JWST
# Instrument : NIRCam
# Comments : includes NIRCam optics, DBS, QE and JWST Optical Telescope Element
# 
1.48640e+04 1.02336e-04
1.48740e+04 1.16138e-04
1.48840e+04 1.28315e-04
1.48940e+04 1.47810e-04
1.49040e+04 1.68444e-04
1.49140e+04 1.91470e-04
1.49240e+04 2.19298e-04
1.49340e+04 2.48875e-04
1.49440e+04 2.93703e-04
1.49540e+04 3.25009e-04
1.49640e+04 3.80621e-04
1.49740e+04 4.43225e-04
1.49840e+04 5.22949e-04
1.49940e+04 6.03056e-04
1.50040e+04 7.15260e-04
1.50140e+04 8.32130e-04
1.50240e+04 9.69802e-04
1.50340e+04 1.14224e-03
1.50440e+04 1.32873e-03
1.50540e+04 1.58331e-03
1.50640e+04 1.85946e-03
1.50740e+04 2.19918e-03
1.50840e+04 2.54138e-03
1.50940e+04 2.97085e-03
1.51040e+04 3.46745e-03
1.51140e+04 4.14275e-03
1.51240e+04 4.71195e-03
1.51340e+04 5.60917e-03
1.51440e+04 6.28132e-03
1.51540e+04 7.55464e-03
1.51640e+04 8.80672e-03
1.51740e+04 1.02330e-02
1.51840e+04 1.17856e-02
1.51940e+04 1.31214e-02
1.52040e+04 1.45180e-02
1.52140e+04 1.58667e-02
1.52240e+04 1.77781e-02
1.52340e+04 1.97056e-02
1.52440e+04 2.12542e-02
1.52540e+04 2.45095e-02
1.52640e+04 2.70060e-02
1.52740e+04 3.03247e-02
1.52840e+04 3.46005e-02
1.52940e+04 3.92474e-02
1.53040e+04 4.49768e-02
1.53140e+04 5.11974e-02
1.53240e+04 5.88592e-02
1.53340e+04 6.83276e-02
1.53440e+04 7.73237e-02
1.53540e+04 9.16876e-02
1.53640e+04 1.03962e-01
1.53740e+04 1.17798e-01
1.53840e+04 1.42641e-01
1.53940e+04 1.61559e-01
1.54040e+04 1.85972e-01
1.54140e+04 2.12023e-01
1.54240e+04 2.39511e-01
1.54340e+04 2.64223e-01
1.54440e+04 2.91096e-01
1.54540e+04 3.17571e-01
1.54640e+04 3.35974e-01
1.54740e+04 3.54919e-01
1.54840e+04 3.69832e-01
1.54940e+04 3.79256e-01
1.55040e+04 3.85964e-01
1.55140e+04 3.89535e-01
1.55240e+04 3.95615e-01
1.55340e+04 3.96083e-01
1.55440e+04 3.99995e-01
1.55540e+04 4.04090e-01
1.55640e+04 4.04915e-01
1.55740e+04 4.04477e-01
1.55840e+04 4.00531e-01
1.55940e+04 4.11947e-01
1.56040e+04 4.06976e-01
1.56140e+04 4.08648e-01
1.56240e+04 4.15755e-01
1.56340e+04 4.17727e-01
1.56440e+04 4.11066e-01
1.56540e+04 4.16227e-01
1.56640e+04 4.13210e-01
1.56740e+04 4.16201e-01
1.56840e+04 4.15706e-01
1.56940e+04 4.17888e-01
1.57040e+04 4.15644e-01
1.57140e+04 4.16850e-01
1.57240e+04 4.20177e-01
1.57340e+04 4.12137e-01
1.57440e+04 4.20429e-01
1.57540e+04 4.27601e-01
1.57640e+04 4.22426e-01
1.57740e+04 4.20791e-01
1.57840e+04 4.17873e-01
1.57940e+04 4.19260e-01
1.58040e+04 4.36455e-01
1.58140e+04 4.21712e-01
1.58240e+04 4.34625e-01
1.58340e+04 4.25988e-01
1.58440e+04 4.24032e-01
1.58540e+04 4.31461e-01
1.58640e+04 4.25972e-01
1.58740e+04 4.30759e-01
1.58840e+04 4.24694e-01
1.58940e+04 4.27325e-01
1.59040e+04 4.27450e-01
1.59140e+04 4.27482e-01
1.59240e+04 4.23336e-01
1.59340e+04 4.27210e-01
1.59440e+04 4.23406e-01
1.59540e+04 4.23166e-01
1.59640e+04 4.22472e-01
1.59740e+04 4.25696e-01
1.59840e+04 4.20574e-01
1.59940e+04 4.21792e-01
1.60040e+04 4.22108e-01
1.60140e+04 4.23694e-01
1.60240e+04 4.24567e-01
1.60340e+04 4.23255e-01
1.60440e+04 4.25516e-01
1.60540e+04 4.27374e-01
1.60640e+04 4.19995e-01
1.60740e+04 4.19662e-01
1.60840e+04 4.22133e-01
1.60940e+04 4.23735e-01
1.61040e+04 4.20414e-01
1.61140e+04 4.22866e-01
1.61240e+04 4.17907e-01
1.61340e+04 4.18801e-01
1.61440e+04 4.13196e-01
1.61540e+04 4.26537e-01
1.61640e+04 4.13637e-01
1.61740e+04 4.21539e-01
1.61840e+04 4.14537e-01
1.61940e+04 4.17078e-01
1.62040e+04 4.22468e-01
1.62140e+04 4.18711e-01
1.62240e+04 4.15206e-01
1.62340e+04 4.18149e-01
1.62440e+04 4.19082e-01
1.62540e+04 4.10802e-01
1.62640e+04 4.32086e-01
1.62740e+04 4.20059e-01
1.62840e+04 4.22831e-01
1.62940e+04 4.22230e-01
1.63040e+04 4.23772e-01
1.63140e+04 4.16500e-01
1.63240e+04 4.24662e-01
1.63340e+04 4.22357e-01
1.63440e+04 4.18720e-01
1.63540e+04 4.29671e-01
1.63640e+04 4.30240e-01
1.63740e+04 4.24966e-01
1.63840e+04 4.27449e-01
1.63940e+04 4.29542e-01
1.64040e+04 4.30239e-01
1.64140e+04 4.31237e-01
1.64240e+04 4.31825e-01
1.64340e+04 4.28538e-01
1.64440e+04 4.34872e-01
1.64540e+04 4.33932e-01
1.64640e+04 4.30104e-01
1.64740e+04 4.30960e-01
1.64840e+04 4.34645e-01
1.64940e+04 4.35310e-01
1.65040e+04 4.34991e-01
1.65140e+04 4.41375e-01
1.65240e+04 4.33096e-01
1.65340e+04 4.29622e-01
1.65440e+04 4.36252e-01
1.65540e+04 4.32785e-01
1.65640e+04 4.31237e-01
1.65740e+04 4.32908e-01
1.65840e+04 4.28837e-01
1.65940e+04 4.36744e-01
1.66040e+04 4.34895e-01
1.66140e+04 4.30720e-01
1.66240e+04 4.30746e-01
1.66340e+04 4.28188e-01
1.66440e+04 4.31458e-01
1.66540e+04 4.28364e-01
1.66640e+04 4.27458e-01
1.66740e+04 4.30829e-01
1.66840e+04 4.28297e-01
1.66940e+04 4.28330e-01
1.67040e+04 4.26087e-01
1.67140e+04 4.23706e-01
1.67240e+04 4.22751e-01
1.67340e+04 4.27425e-01
1.67440e+04 4.27739e-01
1.67540e+04 4.28538e-01
1.67640e+04 4.33197e-01
1.67740e+04 4.26744e-01
1.67840e+04 4.30370e-01
1.67940e+04 4.33897e-01
1.68040e+04 4.31667e-01
1.68140e+04 4.28597e-01
1.68240e+04 4.28734e-01
1.68340e+04 4.39229e-01
1.68440e+04 4.35612e-01
1.68540e+04 4.35586e-01
1.68640e+04 4.29807e-01
1.68740e+04 4.34920e-01
1.68840e+04 4.32050e-01
1.68940e+04 4.28008e-01
1.69040e+04 4.27278e-01
1.69140e+04 4.35895e-01
1.69240e+04 4.34610e-01
1.69340e+04 4.31672e-01
1.69440e+04 4.26656e-01
1.69540e+04 4.37691e-01
1.69640e+04 4.25798e-01
1.69740e+04 4.25913e-01
1.69840e+04 4.25792e-01
1.69940e+04 4.18438e-01
1.70040e+04 4.14766e-01
1.70140e+04 4.11356e-01
1.70240e+04 4.03274e-01
1.70340e+04 3.93057e-01
1.70440e+04 3.81190e-01
1.70540e+04 3.69627e-01
1.70640e+04 3.54511e-01
1.70740e+04 3.40874e-01
1.70840e+04 3.19818e-01
1.70940e+04 2.98112e-01
1.71040e+04 2.76075e-01
1.71140e+04 2.54677e-01
1.71240e+04 2.25836e-01
1.71340e+04 2.17881e-01
1.71440e+04 1.89387e-01
1.71540e+04 1.70144e-01
1.71640e+04 1.51826e-01
1.71740e+04 1.34082e-01
1.71840e+04 1.17018e-01
1.71940e+04 1.05648e-01
1.72040e+04 9.30360e-02
1.72140e+04 8.21659e-02
1.72240e+04 7.18888e-02
1.72340e+04 6.42465e-02
1.72440e+04 5.70617e-02
1.72540e+04 4.95321e-02
1.72640e+04 4.65711e-02
1.72740e+04 4.15119e-02
1.72840e+04 3.73027e-02
1.72940e+04 3.33296e-02
1.73040e+04 3.10548e-02
1.73140e+04 2.74505e-02
1.73240e+04 2.45145e-02
1.73340e+04 2.13288e-02
1.73440e+04 1.82280e-02
1.73540e+04 1.55656e-02
1.73640e+04 1.33661e-02
1.73740e+04 1.10766e-02
1.73840e+04 9.94342e-03
1.73940e+04 8.38773e-03
1.74040e+04 7.36747e-03
1.74140e+04 6.19020e-03
1.74240e+04 5.40183e-03
1.74340e+04 4.63938e-03
1.74440e+04 3.89699e-03
1.74540e+04 3.42625e-03
1.74640e+04 3.03789e-03
1.74740e+04 2.69137e-03
1.74840e+04 2.31831e-03
1.74940e+04 2.04022e-03
1.75040e+04 1.78203e-03
1.75140e+04 1.58070e-03
1.75240e+04 1.39124e-03
1.75340e+04 1.22317e-03
1.75440e+04 1.11623e-03
1.75540e+04 9.64293e-04
1.75640e+04 8.61431e-04
1.75740e+04 7.92819e-04
1.75840e+04 7.09095e-04
1.75940e+04 6.40650e-04
1.76040e+04 5.63792e-04
1.76140e+04 5.15084e-04
1.76240e+04 4.61809e-04
1.76340e+04 4.13745e-04
1.76440e+04 3.76611e-04
1.76540e+04 3.50921e-04
1.76640e+04 3.21791e-04
1.76740e+04 2.91568e-04
1.76840e+04 2.66737e-04
1.76940e+04 2.44040e-04
1.77040e+04 2.19048e-04
1.77140e+04 2.03317e-04
1.77240e+04 1.90750e-04
1.77340e+04 1.73345e-04
1.77440e+04 1.63186e-04
1.77540e+04 1.43420e-04
1.77640e+04 1.40412e-04
1.77740e+04 1.23065e-04
1.77840e+04 1.16377e-04
1.77940e+04 1.09001e-04
