# Filter name : JWST/NIRCam.F070W
# Description : NIRCam F070W filter
# Photometric system : NIRCam
# FilterType : photon
# Band name : ------
# Observatory : JWST
# Instrument : NIRCam
# Comments : includes NIRCam optics, DBS, QE and JWST Optical Telescope Element
# 
6.03150e+03 3.09961e-04
6.04150e+03 1.23754e-03
6.05150e+03 4.09764e-03
6.06150e+03 1.03420e-02
6.07150e+03 2.07281e-02
6.08150e+03 3.45091e-02
6.09150e+03 4.94549e-02
6.10150e+03 6.32327e-02
6.11150e+03 7.43233e-02
6.12150e+03 8.25961e-02
6.13150e+03 8.84712e-02
6.14150e+03 9.31323e-02
6.15150e+03 9.70910e-02
6.16150e+03 1.01308e-01
6.17150e+03 1.05977e-01
6.18150e+03 1.10771e-01
6.19150e+03 1.15565e-01
6.20150e+03 1.19845e-01
6.21150e+03 1.23279e-01
6.22150e+03 1.26114e-01
6.23150e+03 1.28232e-01
6.24150e+03 1.30247e-01
6.25150e+03 1.31920e-01
6.26150e+03 1.33178e-01
6.27150e+03 1.34178e-01
6.28150e+03 1.34887e-01
6.29150e+03 1.35268e-01
6.30150e+03 1.35521e-01
6.31150e+03 1.35661e-01
6.32150e+03 1.35902e-01
6.33150e+03 1.37156e-01
6.34150e+03 1.39277e-01
6.35150e+03 1.41830e-01
6.36150e+03 1.44646e-01
6.37150e+03 1.47060e-01
6.38150e+03 1.49009e-01
6.39150e+03 1.50766e-01
6.40150e+03 1.52204e-01
6.41150e+03 1.53924e-01
6.42150e+03 1.55673e-01
6.43150e+03 1.57162e-01
6.44150e+03 1.58391e-01
6.45150e+03 1.59284e-01
6.46150e+03 1.59984e-01
6.47150e+03 1.60807e-01
6.48150e+03 1.61983e-01
6.49150e+03 1.63360e-01
6.50150e+03 1.65113e-01
6.51150e+03 1.66385e-01
6.52150e+03 1.67236e-01
6.53150e+03 1.67801e-01
6.54150e+03 1.68033e-01
6.55150e+03 1.67927e-01
6.56150e+03 1.67929e-01
6.57150e+03 1.67631e-01
6.58150e+03 1.67511e-01
6.59150e+03 1.67843e-01
6.60150e+03 1.68728e-01
6.61150e+03 1.69699e-01
6.62150e+03 1.71300e-01
6.63150e+03 1.73464e-01
6.64150e+03 1.76055e-01
6.65150e+03 1.78398e-01
6.66150e+03 1.80203e-01
6.67150e+03 1.80980e-01
6.68150e+03 1.81266e-01
6.69150e+03 1.81391e-01
6.70150e+03 1.81189e-01
6.71150e+03 1.80787e-01
6.72150e+03 1.80361e-01
6.73150e+03 1.80272e-01
6.74150e+03 1.80103e-01
6.75150e+03 1.79942e-01
6.76150e+03 1.80319e-01
6.77150e+03 1.81147e-01
6.78150e+03 1.82099e-01
6.79150e+03 1.83778e-01
6.80150e+03 1.86050e-01
6.81150e+03 1.88199e-01
6.82150e+03 1.89765e-01
6.83150e+03 1.90714e-01
6.84150e+03 1.91931e-01
6.85150e+03 1.92864e-01
6.86150e+03 1.94002e-01
6.87150e+03 1.94906e-01
6.88150e+03 1.96068e-01
6.89150e+03 1.97647e-01
6.90150e+03 1.98913e-01
6.91150e+03 1.99266e-01
6.92150e+03 1.98333e-01
6.93150e+03 1.96206e-01
6.94150e+03 1.93351e-01
6.95150e+03 1.90192e-01
6.96150e+03 1.87901e-01
6.97150e+03 1.87081e-01
6.98150e+03 1.87895e-01
6.99150e+03 1.90337e-01
7.00150e+03 1.93836e-01
7.01150e+03 1.97938e-01
7.02150e+03 2.00988e-01
7.03150e+03 2.03635e-01
7.04150e+03 2.05375e-01
7.05150e+03 2.06029e-01
7.06150e+03 2.06845e-01
7.07150e+03 2.07391e-01
7.08150e+03 2.08550e-01
7.09150e+03 2.09964e-01
7.10150e+03 2.10253e-01
7.11150e+03 2.09846e-01
7.12150e+03 2.08012e-01
7.13150e+03 2.05859e-01
7.14150e+03 2.04222e-01
7.15150e+03 2.03804e-01
7.16150e+03 2.04045e-01
7.17150e+03 2.04292e-01
7.18150e+03 2.03746e-01
7.19150e+03 2.02009e-01
7.20150e+03 1.99760e-01
7.21150e+03 1.98140e-01
7.22150e+03 1.98677e-01
7.23150e+03 2.01820e-01
7.24150e+03 2.06824e-01
7.25150e+03 2.12809e-01
7.26150e+03 2.18645e-01
7.27150e+03 2.23363e-01
7.28150e+03 2.26589e-01
7.29150e+03 2.28757e-01
7.30150e+03 2.29885e-01
7.31150e+03 2.29396e-01
7.32150e+03 2.28432e-01
7.33150e+03 2.26660e-01
7.34150e+03 2.24067e-01
7.35150e+03 2.21453e-01
7.36150e+03 2.19258e-01
7.37150e+03 2.17786e-01
7.38150e+03 2.17562e-01
7.39150e+03 2.18243e-01
7.40150e+03 2.19014e-01
7.41150e+03 2.19954e-01
7.42150e+03 2.20665e-01
7.43150e+03 2.22086e-01
7.44150e+03 2.24779e-01
7.45150e+03 2.28542e-01
7.46150e+03 2.32279e-01
7.47150e+03 2.36426e-01
7.48150e+03 2.39395e-01
7.49150e+03 2.41841e-01
7.50150e+03 2.43029e-01
7.51150e+03 2.43551e-01
7.52150e+03 2.43470e-01
7.53150e+03 2.41723e-01
7.54150e+03 2.39053e-01
7.55150e+03 2.34895e-01
7.56150e+03 2.30498e-01
7.57150e+03 2.26996e-01
7.58150e+03 2.25189e-01
7.59150e+03 2.24385e-01
7.60150e+03 2.24738e-01
7.61150e+03 2.25587e-01
7.62150e+03 2.26597e-01
7.63150e+03 2.28928e-01
7.64150e+03 2.32252e-01
7.65150e+03 2.36955e-01
7.66150e+03 2.41852e-01
7.67150e+03 2.46040e-01
7.68150e+03 2.47924e-01
7.69150e+03 2.48015e-01
7.70150e+03 2.46730e-01
7.71150e+03 2.44373e-01
7.72150e+03 2.41802e-01
7.73150e+03 2.38095e-01
7.74150e+03 2.33777e-01
7.75150e+03 2.28370e-01
7.76150e+03 2.22046e-01
7.77150e+03 2.13078e-01
7.78150e+03 1.99583e-01
7.79150e+03 1.80581e-01
7.80150e+03 1.56823e-01
7.81150e+03 1.30334e-01
7.82150e+03 1.03585e-01
7.83150e+03 7.88306e-02
7.84150e+03 5.76372e-02
7.85150e+03 4.06466e-02
7.86150e+03 2.77262e-02
7.87150e+03 1.85280e-02
7.88150e+03 1.23050e-02
7.89150e+03 8.26874e-03
7.90150e+03 5.70614e-03
7.91150e+03 4.00084e-03
7.92150e+03 2.86948e-03
7.93150e+03 2.03922e-03
7.94150e+03 1.46461e-03
7.95150e+03 1.06776e-03
7.96150e+03 7.84746e-04
7.97150e+03 5.81088e-04
7.98150e+03 4.32432e-04
7.99150e+03 3.24602e-04
8.00150e+03 2.46103e-04
8.01150e+03 1.87665e-04
8.02150e+03 1.43742e-04
8.03150e+03 1.11208e-04
