# Filter name : JWST/NIRCam.F430M
# Description : NIRCam F430M filter
# Photometric system : NIRCam
# FilterType : photon
# Band name : ------
# Observatory : JWST
# Instrument : NIRCam
# Comments : includes NIRCam optics, DBS, QE and JWST Optical Telescope Element
# 
4.06450e+04 1.04410e-04
4.06586e+04 1.09859e-04
4.06721e+04 1.15742e-04
4.06856e+04 1.23582e-04
4.06991e+04 1.33835e-04
4.07126e+04 1.45404e-04
4.07261e+04 1.56864e-04
4.07396e+04 1.68961e-04
4.07531e+04 1.83428e-04
4.07667e+04 2.00091e-04
4.07802e+04 2.18099e-04
4.07937e+04 2.36722e-04
4.08072e+04 2.56702e-04
4.08207e+04 2.79759e-04
4.08342e+04 3.05825e-04
4.08477e+04 3.34594e-04
4.08612e+04 3.65645e-04
4.08748e+04 3.99003e-04
4.08883e+04 4.35705e-04
4.09018e+04 4.77724e-04
4.09153e+04 5.23979e-04
4.09288e+04 5.74129e-04
4.09423e+04 6.28849e-04
4.09558e+04 6.88882e-04
4.09693e+04 7.54612e-04
4.09828e+04 8.27087e-04
4.09964e+04 9.08089e-04
4.10099e+04 9.97032e-04
4.10234e+04 1.09434e-03
4.10369e+04 1.20264e-03
4.10504e+04 1.32376e-03
4.10639e+04 1.46053e-03
4.10774e+04 1.61304e-03
4.10909e+04 1.78197e-03
4.11045e+04 1.96905e-03
4.11180e+04 2.17693e-03
4.11315e+04 2.40906e-03
4.11450e+04 2.67081e-03
4.11585e+04 2.96510e-03
4.11720e+04 3.29488e-03
4.11855e+04 3.66692e-03
4.11990e+04 4.08485e-03
4.12126e+04 4.55418e-03
4.12261e+04 5.08497e-03
4.12396e+04 5.68346e-03
4.12531e+04 6.35971e-03
4.12666e+04 7.12425e-03
4.12801e+04 7.98842e-03
4.12936e+04 8.96576e-03
4.13071e+04 1.00764e-02
4.13207e+04 1.13378e-02
4.13342e+04 1.27714e-02
4.13477e+04 1.44021e-02
4.13612e+04 1.62609e-02
4.13747e+04 1.83841e-02
4.13882e+04 2.08041e-02
4.14017e+04 2.35671e-02
4.14152e+04 2.67293e-02
4.14288e+04 3.03424e-02
4.14423e+04 3.44684e-02
4.14558e+04 3.91830e-02
4.14693e+04 4.45578e-02
4.14828e+04 5.07336e-02
4.14963e+04 5.76945e-02
4.15098e+04 6.55877e-02
4.15233e+04 7.44805e-02
4.15369e+04 8.44640e-02
4.15504e+04 9.56333e-02
4.15639e+04 1.08066e-01
4.15774e+04 1.21818e-01
4.15909e+04 1.36842e-01
4.16044e+04 1.53194e-01
4.16179e+04 1.70828e-01
4.16314e+04 1.89523e-01
4.16450e+04 2.09249e-01
4.16585e+04 2.29702e-01
4.16720e+04 2.50438e-01
4.16855e+04 2.71441e-01
4.16990e+04 2.92463e-01
4.17125e+04 3.13238e-01
4.17260e+04 3.33348e-01
4.17395e+04 3.52183e-01
4.17531e+04 3.70059e-01
4.17666e+04 3.86814e-01
4.17801e+04 4.02330e-01
4.17936e+04 4.16494e-01
4.18071e+04 4.28856e-01
4.18206e+04 4.39933e-01
4.18341e+04 4.49773e-01
4.18476e+04 4.58426e-01
4.18611e+04 4.65905e-01
4.18747e+04 4.71979e-01
4.18882e+04 4.77181e-01
4.19017e+04 4.81569e-01
4.19152e+04 4.85201e-01
4.19287e+04 4.88127e-01
4.19422e+04 4.90951e-01
4.19557e+04 4.92770e-01
4.19692e+04 4.94199e-01
4.19828e+04 4.95302e-01
4.19963e+04 4.96157e-01
4.20098e+04 4.96736e-01
4.20233e+04 4.97155e-01
4.20368e+04 4.97840e-01
4.20503e+04 4.98251e-01
4.20638e+04 4.98377e-01
4.20773e+04 4.98444e-01
4.20909e+04 4.98503e-01
4.21044e+04 4.98545e-01
4.21179e+04 4.98565e-01
4.21314e+04 4.98590e-01
4.21449e+04 4.98647e-01
4.21584e+04 4.98698e-01
4.21719e+04 4.98751e-01
4.21854e+04 4.98835e-01
4.21990e+04 4.98955e-01
4.22125e+04 4.99041e-01
4.22260e+04 4.99139e-01
4.22395e+04 4.99258e-01
4.22530e+04 4.99388e-01
4.22665e+04 4.99479e-01
4.22800e+04 4.99584e-01
4.22935e+04 4.99690e-01
4.23071e+04 4.99783e-01
4.23206e+04 4.99834e-01
4.23341e+04 4.99898e-01
4.23476e+04 4.99944e-01
4.23611e+04 4.99958e-01
4.23746e+04 4.99939e-01
4.23881e+04 4.99945e-01
4.24016e+04 4.99921e-01
4.24152e+04 4.99862e-01
4.24287e+04 5.00279e-01
4.24422e+04 5.00284e-01
4.24557e+04 5.00143e-01
4.24692e+04 4.99956e-01
4.24827e+04 5.00288e-01
4.24962e+04 5.00051e-01
4.25097e+04 4.99707e-01
4.25233e+04 4.99317e-01
4.25368e+04 4.98889e-01
4.25503e+04 4.98414e-01
4.25638e+04 4.97820e-01
4.25773e+04 4.97144e-01
4.25908e+04 4.96387e-01
4.26043e+04 4.95229e-01
4.26178e+04 4.93285e-01
4.26314e+04 4.91162e-01
4.26449e+04 4.88858e-01
4.26584e+04 4.86319e-01
4.26719e+04 4.83495e-01
4.26854e+04 4.80245e-01
4.26989e+04 4.76573e-01
4.27124e+04 4.72158e-01
4.27259e+04 4.67532e-01
4.27395e+04 4.63171e-01
4.27530e+04 4.60124e-01
4.27665e+04 4.58765e-01
4.27800e+04 4.59196e-01
4.27935e+04 4.61473e-01
4.28070e+04 4.66046e-01
4.28205e+04 4.71549e-01
4.28340e+04 4.76025e-01
4.28475e+04 4.79333e-01
4.28611e+04 4.81554e-01
4.28746e+04 4.83496e-01
4.28881e+04 4.85299e-01
4.29016e+04 4.86813e-01
4.29151e+04 4.86385e-01
4.29286e+04 4.85968e-01
4.29421e+04 4.86229e-01
4.29556e+04 4.86295e-01
4.29692e+04 4.85909e-01
4.29827e+04 4.85550e-01
4.29962e+04 4.85220e-01
4.30097e+04 4.84858e-01
4.30232e+04 4.84465e-01
4.30367e+04 4.84119e-01
4.30502e+04 4.83812e-01
4.30637e+04 4.83536e-01
4.30773e+04 4.83269e-01
4.30908e+04 4.83078e-01
4.31043e+04 4.82930e-01
4.31178e+04 4.82807e-01
4.31313e+04 4.82693e-01
4.31448e+04 4.82651e-01
4.31583e+04 4.82637e-01
4.31718e+04 4.82640e-01
4.31854e+04 4.82646e-01
4.31989e+04 4.82717e-01
4.32124e+04 4.82816e-01
4.32259e+04 4.82920e-01
4.32394e+04 4.83022e-01
4.32529e+04 4.83164e-01
4.32664e+04 4.83290e-01
4.32799e+04 4.83393e-01
4.32935e+04 4.83471e-01
4.33070e+04 4.83559e-01
4.33205e+04 4.83606e-01
4.33340e+04 4.83610e-01
4.33475e+04 4.83569e-01
4.33610e+04 4.83498e-01
4.33745e+04 4.83359e-01
4.33880e+04 4.83149e-01
4.34016e+04 4.82872e-01
4.34151e+04 4.82530e-01
4.34286e+04 4.82103e-01
4.34421e+04 4.81591e-01
4.34556e+04 4.81301e-01
4.34691e+04 4.80879e-01
4.34826e+04 4.80144e-01
4.34961e+04 4.79320e-01
4.35097e+04 4.78440e-01
4.35232e+04 4.78051e-01
4.35367e+04 4.77060e-01
4.35502e+04 4.76012e-01
4.35637e+04 4.74952e-01
4.35772e+04 4.73870e-01
4.35907e+04 4.72759e-01
4.36042e+04 4.71618e-01
4.36178e+04 4.70496e-01
4.36313e+04 4.69345e-01
4.36448e+04 4.68155e-01
4.36583e+04 4.66907e-01
4.36718e+04 4.65588e-01
4.36853e+04 4.64145e-01
4.36988e+04 4.62552e-01
4.37123e+04 4.60718e-01
4.37258e+04 4.58561e-01
4.37394e+04 4.56049e-01
4.37529e+04 4.53129e-01
4.37664e+04 4.49502e-01
4.37799e+04 4.45160e-01
4.37934e+04 4.40112e-01
4.38069e+04 4.34310e-01
4.38204e+04 4.27094e-01
4.38339e+04 4.18897e-01
4.38475e+04 4.09701e-01
4.38610e+04 3.99245e-01
4.38745e+04 3.87142e-01
4.38880e+04 3.73976e-01
4.39015e+04 3.59815e-01
4.39150e+04 3.44104e-01
4.39285e+04 3.27179e-01
4.39420e+04 3.09557e-01
4.39556e+04 2.91406e-01
4.39691e+04 2.71997e-01
4.39826e+04 2.52509e-01
4.39961e+04 2.33169e-01
4.40096e+04 2.13921e-01
4.40231e+04 1.94815e-01
4.40366e+04 1.76548e-01
4.40501e+04 1.59242e-01
4.40637e+04 1.42867e-01
4.40772e+04 1.27477e-01
4.40907e+04 1.13372e-01
4.41042e+04 1.00509e-01
4.41177e+04 8.87974e-02
4.41312e+04 7.83351e-02
4.41447e+04 6.90720e-02
4.41582e+04 6.07731e-02
4.41718e+04 5.34431e-02
4.41853e+04 4.69922e-02
4.41988e+04 4.13224e-02
4.42123e+04 3.63661e-02
4.42258e+04 3.20254e-02
4.42393e+04 2.82237e-02
4.42528e+04 2.49025e-02
4.42663e+04 2.20069e-02
4.42799e+04 1.94708e-02
4.42934e+04 1.72470e-02
4.43069e+04 1.53084e-02
4.43204e+04 1.36065e-02
4.43339e+04 1.21095e-02
4.43474e+04 1.07930e-02
4.43609e+04 9.63544e-03
4.43744e+04 8.61402e-03
4.43880e+04 7.71251e-03
4.44015e+04 6.91788e-03
4.44150e+04 6.21233e-03
4.44285e+04 5.58530e-03
4.44420e+04 5.03008e-03
4.44555e+04 4.53590e-03
4.44690e+04 4.09562e-03
4.44825e+04 3.70414e-03
4.44961e+04 3.35655e-03
4.45096e+04 3.04291e-03
4.45231e+04 2.75992e-03
4.45366e+04 2.50718e-03
4.45501e+04 2.28113e-03
4.45636e+04 2.07725e-03
4.45771e+04 1.89246e-03
4.45906e+04 1.72684e-03
4.46041e+04 1.57788e-03
4.46177e+04 1.44384e-03
4.46312e+04 1.32235e-03
4.46447e+04 1.21237e-03
4.46582e+04 1.11263e-03
4.46717e+04 1.02234e-03
4.46852e+04 9.39559e-04
4.46987e+04 8.63974e-04
4.47122e+04 7.95284e-04
4.47258e+04 7.32716e-04
4.47393e+04 6.75517e-04
4.47528e+04 6.23214e-04
4.47663e+04 5.76383e-04
4.47798e+04 5.32675e-04
4.47933e+04 4.92074e-04
4.48068e+04 4.55076e-04
4.48203e+04 4.21833e-04
4.48339e+04 3.91048e-04
4.48474e+04 3.62267e-04
4.48609e+04 3.36274e-04
4.48744e+04 3.13214e-04
4.48879e+04 2.92950e-04
4.49014e+04 2.72801e-04
4.49149e+04 2.52883e-04
4.49284e+04 2.33556e-04
4.49420e+04 2.15098e-04
4.49555e+04 1.99060e-04
4.49690e+04 1.85600e-04
4.49825e+04 1.75881e-04
4.49960e+04 1.66653e-04
4.50095e+04 1.56813e-04
4.50230e+04 1.45719e-04
4.50365e+04 1.36946e-04
4.50501e+04 1.29661e-04
4.50636e+04 1.23821e-04
4.50771e+04 1.16252e-04
4.50906e+04 1.09436e-04
4.51041e+04 1.03411e-04
