# Filter name : Paranal/VISTA.J
# Description : VISTA J filter (full)
# Photometric system : VISTA
# FilterType : photon
# Band name : J
# Observatory : Paranal
# Instrument : VIRCAM
# Comments : Includes mirror, ccd QE and atmosphere model (1.0)
# 
1.12300e+04 4.06165e-04
1.12400e+04 8.42382e-04
1.12500e+04 9.78250e-04
1.12600e+04 1.00166e-03
1.12700e+04 1.22311e-03
1.12800e+04 1.20524e-03
1.12900e+04 1.31615e-03
1.13000e+04 1.39291e-03
1.13100e+04 2.13245e-03
1.13200e+04 2.61681e-03
1.13300e+04 2.51117e-03
1.13400e+04 2.13657e-03
1.13500e+04 1.94491e-03
1.13600e+04 2.81686e-03
1.13700e+04 3.82964e-03
1.13800e+04 4.28665e-03
1.13900e+04 5.21031e-03
1.14000e+04 5.93120e-03
1.14100e+04 5.75078e-03
1.14200e+04 6.00905e-03
1.14300e+04 7.93040e-03
1.14400e+04 8.60135e-03
1.14500e+04 9.42268e-03
1.14600e+04 1.05204e-02
1.14700e+04 1.15015e-02
1.14800e+04 1.47952e-02
1.14900e+04 1.71046e-02
1.15000e+04 1.89449e-02
1.15100e+04 2.43936e-02
1.15200e+04 2.76845e-02
1.15300e+04 3.30165e-02
1.15400e+04 3.95391e-02
1.15500e+04 4.86024e-02
1.15600e+04 5.61220e-02
1.15700e+04 7.11047e-02
1.15800e+04 8.25005e-02
1.15900e+04 1.02718e-01
1.16000e+04 1.23519e-01
1.16100e+04 1.55289e-01
1.16200e+04 1.86241e-01
1.16300e+04 2.31478e-01
1.16400e+04 2.74423e-01
1.16500e+04 3.27110e-01
1.16600e+04 3.79288e-01
1.16700e+04 4.39583e-01
1.16800e+04 4.98570e-01
1.16900e+04 5.47679e-01
1.17000e+04 5.96554e-01
1.17100e+04 6.24714e-01
1.17200e+04 6.54761e-01
1.17300e+04 6.63838e-01
1.17400e+04 6.63671e-01
1.17500e+04 6.74397e-01
1.17600e+04 6.77702e-01
1.17700e+04 6.69537e-01
1.17800e+04 6.54455e-01
1.17900e+04 6.58597e-01
1.18000e+04 6.51335e-01
1.18100e+04 6.47707e-01
1.18200e+04 6.23780e-01
1.18300e+04 6.42781e-01
1.18400e+04 6.36862e-01
1.18500e+04 6.33146e-01
1.18600e+04 6.42692e-01
1.18700e+04 6.41358e-01
1.18800e+04 6.31669e-01
1.18900e+04 6.46327e-01
1.19000e+04 6.54478e-01
1.19100e+04 6.58308e-01
1.19200e+04 6.64956e-01
1.19300e+04 6.69478e-01
1.19400e+04 6.75348e-01
1.19500e+04 6.81540e-01
1.19600e+04 6.87385e-01
1.19700e+04 6.93865e-01
1.19800e+04 6.97425e-01
1.19900e+04 6.97041e-01
1.20000e+04 7.09562e-01
1.20100e+04 7.13233e-01
1.20200e+04 7.16819e-01
1.20300e+04 7.20724e-01
1.20400e+04 7.08131e-01
1.20500e+04 7.23354e-01
1.20600e+04 7.34486e-01
1.20700e+04 7.32808e-01
1.20800e+04 7.35492e-01
1.20900e+04 7.37722e-01
1.21000e+04 7.42394e-01
1.21100e+04 7.43688e-01
1.21200e+04 7.44110e-01
1.21300e+04 7.49225e-01
1.21400e+04 7.48491e-01
1.21500e+04 7.48303e-01
1.21600e+04 7.52081e-01
1.21700e+04 7.52197e-01
1.21800e+04 7.52387e-01
1.21900e+04 7.50106e-01
1.22000e+04 7.53784e-01
1.22100e+04 7.56341e-01
1.22200e+04 7.54589e-01
1.22300e+04 7.56477e-01
1.22400e+04 7.58333e-01
1.22500e+04 7.60880e-01
1.22600e+04 7.62339e-01
1.22700e+04 7.62155e-01
1.22800e+04 7.65800e-01
1.22900e+04 7.68141e-01
1.23000e+04 7.70492e-01
1.23100e+04 7.72655e-01
1.23200e+04 7.74086e-01
1.23300e+04 7.75412e-01
1.23400e+04 7.78090e-01
1.23500e+04 7.79470e-01
1.23600e+04 7.80830e-01
1.23700e+04 7.82509e-01
1.23800e+04 7.84551e-01
1.23900e+04 7.85524e-01
1.24000e+04 7.86454e-01
1.24100e+04 7.86925e-01
1.24200e+04 7.87636e-01
1.24300e+04 7.87539e-01
1.24400e+04 7.87376e-01
1.24500e+04 7.86996e-01
1.24600e+04 7.86625e-01
1.24700e+04 7.85010e-01
1.24800e+04 7.83160e-01
1.24900e+04 7.81749e-01
1.25000e+04 7.79968e-01
1.25100e+04 7.76041e-01
1.25200e+04 7.73737e-01
1.25300e+04 7.68686e-01
1.25400e+04 7.62665e-01
1.25500e+04 7.60340e-01
1.25600e+04 7.51865e-01
1.25700e+04 7.47427e-01
1.25800e+04 7.42903e-01
1.25900e+04 7.31763e-01
1.26000e+04 7.30503e-01
1.26100e+04 7.14657e-01
1.26200e+04 7.07874e-01
1.26300e+04 6.96052e-01
1.26400e+04 6.83294e-01
1.26500e+04 6.82301e-01
1.26600e+04 6.71106e-01
1.26700e+04 6.81693e-01
1.26800e+04 6.51435e-01
1.26900e+04 5.69040e-01
1.27000e+04 6.65838e-01
1.27100e+04 6.82281e-01
1.27200e+04 6.79820e-01
1.27300e+04 6.79073e-01
1.27400e+04 6.79347e-01
1.27500e+04 6.81140e-01
1.27600e+04 6.82070e-01
1.27700e+04 6.83763e-01
1.27800e+04 6.83649e-01
1.27900e+04 6.86289e-01
1.28000e+04 6.86839e-01
1.28100e+04 6.91733e-01
1.28200e+04 6.96009e-01
1.28300e+04 7.00323e-01
1.28400e+04 7.04530e-01
1.28500e+04 7.05877e-01
1.28600e+04 7.08183e-01
1.28700e+04 7.07737e-01
1.28800e+04 7.08369e-01
1.28900e+04 7.11422e-01
1.29000e+04 7.16858e-01
1.29100e+04 7.23921e-01
1.29200e+04 7.30348e-01
1.29300e+04 7.35648e-01
1.29400e+04 7.39543e-01
1.29500e+04 7.38878e-01
1.29600e+04 7.37829e-01
1.29700e+04 7.42395e-01
1.29800e+04 7.49328e-01
1.29900e+04 7.57834e-01
1.30000e+04 7.62625e-01
1.30100e+04 7.63749e-01
1.30200e+04 7.68676e-01
1.30300e+04 7.64382e-01
1.30400e+04 7.59053e-01
1.30500e+04 7.75838e-01
1.30600e+04 7.82931e-01
1.30700e+04 7.80328e-01
1.30800e+04 7.83834e-01
1.30900e+04 7.86072e-01
1.31000e+04 7.69748e-01
1.31100e+04 7.84507e-01
1.31200e+04 7.89981e-01
1.31300e+04 7.85695e-01
1.31400e+04 7.82518e-01
1.31500e+04 7.88052e-01
1.31600e+04 7.87841e-01
1.31700e+04 7.76151e-01
1.31800e+04 7.79308e-01
1.31900e+04 7.74195e-01
1.32000e+04 7.64590e-01
1.32100e+04 7.71516e-01
1.32200e+04 7.66278e-01
1.32300e+04 7.41586e-01
1.32400e+04 7.33866e-01
1.32500e+04 7.37742e-01
1.32600e+04 7.29035e-01
1.32700e+04 7.06367e-01
1.32800e+04 6.79999e-01
1.32900e+04 6.40529e-01
1.33000e+04 6.35566e-01
1.33100e+04 5.95160e-01
1.33200e+04 5.63001e-01
1.33300e+04 5.53640e-01
1.33400e+04 5.17108e-01
1.33500e+04 4.99547e-01
1.33600e+04 4.47704e-01
1.33700e+04 4.29428e-01
1.33800e+04 3.97757e-01
1.33900e+04 3.73059e-01
1.34000e+04 3.29348e-01
1.34100e+04 3.05992e-01
1.34200e+04 2.85739e-01
1.34300e+04 2.59074e-01
1.34400e+04 2.08196e-01
1.34500e+04 1.95754e-01
1.34600e+04 1.71286e-01
1.34700e+04 1.52137e-01
1.34800e+04 1.02454e-01
1.34900e+04 1.07324e-01
1.35000e+04 8.93678e-02
1.35100e+04 7.83580e-02
1.35200e+04 6.51373e-02
1.35300e+04 4.86484e-02
1.35400e+04 4.16819e-02
1.35500e+04 2.44270e-02
1.35600e+04 2.89710e-02
1.35700e+04 2.58865e-02
1.35800e+04 1.99325e-02
1.35900e+04 1.76320e-02
1.36000e+04 1.41036e-02
1.36100e+04 7.21604e-03
1.36200e+04 2.87769e-03
1.36300e+04 1.08676e-02
1.36400e+04 9.90480e-03
1.36500e+04 3.71898e-03
1.36600e+04 9.60147e-03
1.36700e+04 7.57395e-03
1.36800e+04 3.07159e-03
1.36900e+04 5.30546e-03
1.37000e+04 4.80913e-03
1.37100e+04 3.21530e-03
1.37200e+04 4.29791e-03
1.37300e+04 5.38127e-03
1.37400e+04 5.39665e-03
1.37500e+04 4.60165e-03
1.37600e+04 4.47657e-03
1.37700e+04 3.75850e-03
1.37800e+04 4.89926e-03
1.37900e+04 2.68605e-03
1.38000e+04 2.45652e-03
1.38100e+04 1.00594e-03
1.38200e+04 1.17494e-03
1.38300e+04 5.51091e-04
1.38400e+04 1.20956e-03
1.38500e+04 1.27481e-03
1.38600e+04 1.99988e-03
1.38700e+04 2.15324e-03
1.38800e+04 6.34675e-04
1.38900e+04 1.31457e-03
1.39000e+04 1.18752e-03
1.39100e+04 1.27060e-03
1.39200e+04 7.43556e-04
1.39300e+04 8.32283e-04
1.39400e+04 9.68563e-04
1.39500e+04 3.40887e-04
1.39600e+04 2.33565e-04
1.39700e+04 4.47763e-04
1.39800e+04 6.59364e-04
1.39900e+04 6.56531e-04
1.40000e+04 3.19867e-04
1.40100e+04 2.67618e-04
1.40200e+04 7.31149e-04
1.40300e+04 8.96358e-04
1.40400e+04 6.69532e-04
1.40500e+04 2.93236e-04
1.40600e+04 5.00090e-04
1.40700e+04 1.65363e-04
