# Filter name : Paranal/VISTA.Ks
# Description : VISTA Ks filter (full)
# Photometric system : VISTA
# FilterType : photon
# Band name : Ks
# Observatory : Paranal
# Instrument : VIRCAM
# Comments : Includes mirror, ccd QE and atmosphere model (1.0)
# 
1.90800e+04 5.46438e-04
1.90900e+04 8.58269e-04
1.91000e+04 1.03327e-03
1.91100e+04 7.29318e-04
1.91200e+04 7.47259e-04
1.91300e+04 3.74501e-04
1.91400e+04 2.04119e-04
1.91500e+04 1.10107e-03
1.91600e+04 1.25574e-03
1.91700e+04 1.42635e-03
1.91800e+04 2.74936e-03
1.91900e+04 2.33897e-03
1.92000e+04 4.81715e-04
1.92100e+04 7.76845e-04
1.92200e+04 3.18147e-03
1.92300e+04 2.88287e-03
1.92400e+04 1.80183e-03
1.92500e+04 4.19253e-03
1.92600e+04 4.27249e-03
1.92700e+04 2.27477e-03
1.92800e+04 3.97494e-03
1.92900e+04 4.64099e-03
1.93000e+04 5.65472e-03
1.93100e+04 3.74165e-03
1.93200e+04 5.52993e-03
1.93300e+04 6.51253e-03
1.93400e+04 5.70307e-03
1.93500e+04 8.20560e-03
1.93600e+04 7.80783e-03
1.93700e+04 8.00570e-03
1.93800e+04 8.13279e-03
1.93900e+04 8.84193e-03
1.94000e+04 1.01360e-02
1.94100e+04 1.11067e-02
1.94200e+04 1.20074e-02
1.94300e+04 1.32823e-02
1.94400e+04 1.28193e-02
1.94500e+04 1.26662e-02
1.94600e+04 1.72061e-02
1.94700e+04 1.73519e-02
1.94800e+04 1.71720e-02
1.94900e+04 1.87010e-02
1.95000e+04 2.12045e-02
1.95100e+04 2.22732e-02
1.95200e+04 2.27547e-02
1.95300e+04 2.06723e-02
1.95400e+04 2.09856e-02
1.95500e+04 2.09634e-02
1.95600e+04 2.11741e-02
1.95700e+04 2.33557e-02
1.95800e+04 2.56128e-02
1.95900e+04 2.76697e-02
1.96000e+04 3.75756e-02
1.96100e+04 4.34095e-02
1.96200e+04 4.66977e-02
1.96300e+04 4.34198e-02
1.96400e+04 4.68467e-02
1.96500e+04 5.09569e-02
1.96600e+04 5.62120e-02
1.96700e+04 6.42177e-02
1.96800e+04 6.81276e-02
1.96900e+04 7.69528e-02
1.97000e+04 8.42986e-02
1.97100e+04 9.15506e-02
1.97200e+04 9.72653e-02
1.97300e+04 1.13798e-01
1.97400e+04 1.19935e-01
1.97500e+04 1.35026e-01
1.97600e+04 1.48087e-01
1.97700e+04 1.64635e-01
1.97800e+04 1.77868e-01
1.97900e+04 1.90003e-01
1.98000e+04 1.73967e-01
1.98100e+04 2.13140e-01
1.98200e+04 2.36879e-01
1.98300e+04 2.47855e-01
1.98400e+04 2.72635e-01
1.98500e+04 2.77919e-01
1.98600e+04 3.03453e-01
1.98700e+04 2.95990e-01
1.98800e+04 3.40530e-01
1.98900e+04 3.70028e-01
1.99000e+04 3.59943e-01
1.99100e+04 4.01745e-01
1.99200e+04 4.30541e-01
1.99300e+04 4.52866e-01
1.99400e+04 4.66910e-01
1.99500e+04 4.83474e-01
1.99600e+04 4.96010e-01
1.99700e+04 4.82880e-01
1.99800e+04 4.41226e-01
1.99900e+04 4.23204e-01
2.00000e+04 3.80361e-01
2.00100e+04 3.45995e-01
2.00200e+04 3.16567e-01
2.00300e+04 2.86591e-01
2.00400e+04 2.99032e-01
2.00500e+04 2.91617e-01
2.00600e+04 3.11440e-01
2.00700e+04 3.79532e-01
2.00800e+04 4.36216e-01
2.00900e+04 5.46192e-01
2.01000e+04 4.51184e-01
2.01100e+04 4.09135e-01
2.01200e+04 4.09689e-01
2.01300e+04 4.10104e-01
2.01400e+04 4.30832e-01
2.01500e+04 4.45610e-01
2.01600e+04 4.60272e-01
2.01700e+04 4.83246e-01
2.01800e+04 4.97185e-01
2.01900e+04 5.36233e-01
2.02000e+04 5.79533e-01
2.02100e+04 5.94898e-01
2.02200e+04 6.37638e-01
2.02300e+04 6.62966e-01
2.02400e+04 6.81626e-01
2.02500e+04 7.17696e-01
2.02600e+04 7.26187e-01
2.02700e+04 7.51108e-01
2.02800e+04 7.55239e-01
2.02900e+04 7.56612e-01
2.03000e+04 7.83555e-01
2.03100e+04 7.75179e-01
2.03200e+04 7.77220e-01
2.03300e+04 7.82363e-01
2.03400e+04 7.71839e-01
2.03500e+04 7.83805e-01
2.03600e+04 7.80662e-01
2.03700e+04 7.71514e-01
2.03800e+04 7.85916e-01
2.03900e+04 7.71759e-01
2.04000e+04 7.64939e-01
2.04100e+04 7.71049e-01
2.04200e+04 7.59290e-01
2.04300e+04 7.74129e-01
2.04400e+04 7.69524e-01
2.04500e+04 7.70177e-01
2.04600e+04 7.85544e-01
2.04700e+04 7.55098e-01
2.04800e+04 7.33387e-01
2.04900e+04 7.07985e-01
2.05000e+04 6.67526e-01
2.05100e+04 6.54878e-01
2.05200e+04 6.25199e-01
2.05300e+04 6.07809e-01
2.05400e+04 5.97835e-01
2.05500e+04 5.87134e-01
2.05600e+04 5.93474e-01
2.05700e+04 6.07165e-01
2.05800e+04 6.27951e-01
2.05900e+04 6.78907e-01
2.06000e+04 7.49108e-01
2.06100e+04 7.18963e-01
2.06200e+04 6.80180e-01
2.06300e+04 6.50078e-01
2.06400e+04 6.43234e-01
2.06500e+04 6.51635e-01
2.06600e+04 6.46365e-01
2.06700e+04 6.63819e-01
2.06800e+04 6.80995e-01
2.06900e+04 6.85866e-01
2.07000e+04 7.09157e-01
2.07100e+04 7.21350e-01
2.07200e+04 7.31540e-01
2.07300e+04 7.55610e-01
2.07400e+04 7.58144e-01
2.07500e+04 7.69454e-01
2.07600e+04 7.90431e-01
2.07700e+04 7.91191e-01
2.07800e+04 8.05955e-01
2.07900e+04 8.24662e-01
2.08000e+04 8.20927e-01
2.08100e+04 8.31060e-01
2.08200e+04 8.21212e-01
2.08300e+04 8.14741e-01
2.08400e+04 8.23771e-01
2.08500e+04 8.12616e-01
2.08600e+04 8.22260e-01
2.08700e+04 8.33379e-01
2.08800e+04 8.24658e-01
2.08900e+04 8.32886e-01
2.09000e+04 8.35610e-01
2.09100e+04 8.31135e-01
2.09200e+04 8.43878e-01
2.09300e+04 8.42437e-01
2.09400e+04 8.33110e-01
2.09500e+04 8.52661e-01
2.09600e+04 8.49228e-01
2.09700e+04 8.45673e-01
2.09800e+04 8.53695e-01
2.09900e+04 8.39377e-01
2.10000e+04 8.46363e-01
2.10100e+04 8.53155e-01
2.10200e+04 8.40631e-01
2.10300e+04 8.54284e-01
2.10400e+04 8.58398e-01
2.10500e+04 8.47732e-01
2.10600e+04 8.55340e-01
2.10700e+04 8.54594e-01
2.10800e+04 8.46787e-01
2.10900e+04 8.59302e-01
2.11000e+04 8.53870e-01
2.11100e+04 8.46727e-01
2.11200e+04 8.53594e-01
2.11300e+04 8.51402e-01
2.11400e+04 8.52553e-01
2.11500e+04 8.60513e-01
2.11600e+04 8.50703e-01
2.11700e+04 8.54375e-01
2.11800e+04 8.56976e-01
2.11900e+04 8.42630e-01
2.12000e+04 8.52294e-01
2.12100e+04 8.59416e-01
2.12200e+04 8.52098e-01
2.12300e+04 8.59960e-01
2.12400e+04 8.56054e-01
2.12500e+04 8.49396e-01
2.12600e+04 8.62738e-01
2.12700e+04 8.57919e-01
2.12800e+04 8.47456e-01
2.12900e+04 8.64664e-01
2.13000e+04 8.57363e-01
2.13100e+04 8.54496e-01
2.13200e+04 8.64496e-01
2.13300e+04 8.57892e-01
2.13400e+04 8.56839e-01
2.13500e+04 8.67247e-01
2.13600e+04 8.56506e-01
2.13700e+04 8.56771e-01
2.13800e+04 8.64924e-01
2.13900e+04 8.57810e-01
2.14000e+04 8.59331e-01
2.14100e+04 8.64171e-01
2.14200e+04 8.53883e-01
2.14300e+04 8.55116e-01
2.14400e+04 8.63496e-01
2.14500e+04 8.53811e-01
2.14600e+04 8.55754e-01
2.14700e+04 8.64667e-01
2.14800e+04 8.54081e-01
2.14900e+04 8.55760e-01
2.15000e+04 8.59769e-01
2.15100e+04 8.45722e-01
2.15200e+04 8.48605e-01
2.15300e+04 8.55256e-01
2.15400e+04 8.49046e-01
2.15500e+04 8.53504e-01
2.15600e+04 8.56724e-01
2.15700e+04 8.49986e-01
2.15800e+04 8.59492e-01
2.15900e+04 8.57300e-01
2.16000e+04 8.49092e-01
2.16100e+04 8.50074e-01
2.16200e+04 8.54176e-01
2.16300e+04 8.41983e-01
2.16400e+04 8.52843e-01
2.16500e+04 8.58920e-01
2.16600e+04 8.48069e-01
2.16700e+04 8.50389e-01
2.16800e+04 8.54855e-01
2.16900e+04 8.45650e-01
2.17000e+04 8.58937e-01
2.17100e+04 8.59816e-01
2.17200e+04 8.49973e-01
2.17300e+04 8.50687e-01
2.17400e+04 8.56734e-01
2.17500e+04 8.49126e-01
2.17600e+04 8.58290e-01
2.17700e+04 8.60996e-01
2.17800e+04 8.46909e-01
2.17900e+04 8.51291e-01
2.18000e+04 8.61858e-01
2.18100e+04 8.55390e-01
2.18200e+04 8.61871e-01
2.18300e+04 8.53913e-01
2.18400e+04 8.44355e-01
2.18500e+04 8.48244e-01
2.18600e+04 8.63667e-01
2.18700e+04 8.55689e-01
2.18800e+04 8.60705e-01
2.18900e+04 8.68553e-01
2.19000e+04 8.54554e-01
2.19100e+04 8.62010e-01
2.19200e+04 8.67647e-01
2.19300e+04 8.60066e-01
2.19400e+04 8.63696e-01
2.19500e+04 8.58366e-01
2.19600e+04 8.60970e-01
2.19700e+04 8.64060e-01
2.19800e+04 8.58735e-01
2.19900e+04 8.44072e-01
2.20000e+04 8.09425e-01
2.20100e+04 8.45777e-01
2.20200e+04 8.45224e-01
2.20300e+04 8.52882e-01
2.20400e+04 8.62441e-01
2.20500e+04 8.44750e-01
2.20600e+04 8.61267e-01
2.20700e+04 8.68859e-01
2.20800e+04 8.66271e-01
2.20900e+04 8.65746e-01
2.21000e+04 8.70494e-01
2.21100e+04 8.61332e-01
2.21200e+04 8.62584e-01
2.21300e+04 8.73723e-01
2.21400e+04 8.66249e-01
2.21500e+04 8.60774e-01
2.21600e+04 8.55362e-01
2.21700e+04 8.58573e-01
2.21800e+04 8.59969e-01
2.21900e+04 8.63594e-01
2.22000e+04 8.66866e-01
2.22100e+04 8.49171e-01
2.22200e+04 8.48356e-01
2.22300e+04 8.64982e-01
2.22400e+04 8.59206e-01
2.22500e+04 8.56871e-01
2.22600e+04 8.57996e-01
2.22700e+04 8.41798e-01
2.22800e+04 8.51574e-01
2.22900e+04 8.61332e-01
2.23000e+04 8.58871e-01
2.23100e+04 8.47162e-01
2.23200e+04 8.37397e-01
2.23300e+04 8.44715e-01
2.23400e+04 8.43791e-01
2.23500e+04 8.51563e-01
2.23600e+04 8.45724e-01
2.23700e+04 8.40063e-01
2.23800e+04 8.40737e-01
2.23900e+04 8.52185e-01
2.24000e+04 8.38539e-01
2.24100e+04 8.36529e-01
2.24200e+04 8.46351e-01
2.24300e+04 8.42974e-01
2.24400e+04 8.29421e-01
2.24500e+04 8.48315e-01
2.24600e+04 8.32746e-01
2.24700e+04 8.18496e-01
2.24800e+04 8.45151e-01
2.24900e+04 8.43794e-01
2.25000e+04 8.34066e-01
2.25100e+04 8.39445e-01
2.25200e+04 8.44381e-01
2.25300e+04 8.35802e-01
2.25400e+04 8.21610e-01
2.25500e+04 8.39911e-01
2.25600e+04 8.26356e-01
2.25700e+04 8.17316e-01
2.25800e+04 8.39975e-01
2.25900e+04 8.43151e-01
2.26000e+04 8.35904e-01
2.26100e+04 8.16903e-01
2.26200e+04 8.06908e-01
2.26300e+04 8.40175e-01
2.26400e+04 8.31728e-01
2.26500e+04 8.28111e-01
2.26600e+04 8.53211e-01
2.26700e+04 8.50945e-01
2.26800e+04 8.23152e-01
2.26900e+04 8.14244e-01
2.27000e+04 8.36860e-01
2.27100e+04 8.42867e-01
2.27200e+04 8.29140e-01
2.27300e+04 8.34173e-01
2.27400e+04 8.44848e-01
2.27500e+04 8.08597e-01
2.27600e+04 7.76049e-01
2.27700e+04 8.07718e-01
2.27800e+04 8.24713e-01
2.27900e+04 8.25342e-01
2.28000e+04 8.11698e-01
2.28100e+04 7.77359e-01
2.28200e+04 7.90044e-01
2.28300e+04 7.29076e-01
2.28400e+04 7.39941e-01
2.28500e+04 7.43210e-01
2.28600e+04 7.41237e-01
2.28700e+04 7.29625e-01
2.28800e+04 7.12383e-01
2.28900e+04 6.83874e-01
2.29000e+04 6.29941e-01
2.29100e+04 6.52088e-01
2.29200e+04 6.24909e-01
2.29300e+04 6.06798e-01
2.29400e+04 5.80169e-01
2.29500e+04 5.46676e-01
2.29600e+04 5.22742e-01
2.29700e+04 5.23459e-01
2.29800e+04 4.85283e-01
2.29900e+04 4.53753e-01
2.30000e+04 4.32525e-01
2.30100e+04 4.17546e-01
2.30200e+04 4.04384e-01
2.30300e+04 3.79938e-01
2.30400e+04 3.48441e-01
2.30500e+04 3.34007e-01
2.30600e+04 3.20211e-01
2.30700e+04 2.99196e-01
2.30800e+04 2.82620e-01
2.30900e+04 2.70899e-01
2.31000e+04 2.56162e-01
2.31100e+04 2.43513e-01
2.31200e+04 2.24299e-01
2.31300e+04 2.12795e-01
2.31400e+04 1.99174e-01
2.31500e+04 1.84988e-01
2.31600e+04 1.62771e-01
2.31700e+04 1.32199e-01
2.31800e+04 1.31278e-01
2.31900e+04 1.32577e-01
2.32000e+04 1.26707e-01
2.32100e+04 1.20163e-01
2.32200e+04 1.12080e-01
2.32300e+04 1.05868e-01
2.32400e+04 1.00728e-01
2.32500e+04 9.37215e-02
2.32600e+04 8.78820e-02
2.32700e+04 8.44211e-02
2.32800e+04 7.81238e-02
2.32900e+04 7.16654e-02
2.33000e+04 6.96154e-02
2.33100e+04 6.38349e-02
2.33200e+04 5.81784e-02
2.33300e+04 5.63721e-02
2.33400e+04 5.22657e-02
2.33500e+04 4.80438e-02
2.33600e+04 4.51349e-02
2.33700e+04 4.34947e-02
2.33800e+04 3.93563e-02
2.33900e+04 3.64784e-02
2.34000e+04 3.26114e-02
2.34100e+04 3.20579e-02
2.34200e+04 3.13314e-02
2.34300e+04 3.00851e-02
2.34400e+04 2.88896e-02
2.34500e+04 2.69474e-02
2.34600e+04 2.56702e-02
2.34700e+04 2.41272e-02
2.34800e+04 2.26293e-02
2.34900e+04 2.22714e-02
2.35000e+04 2.05609e-02
2.35100e+04 1.87163e-02
2.35200e+04 1.77916e-02
2.35300e+04 1.67309e-02
2.35400e+04 1.65610e-02
2.35500e+04 1.58642e-02
2.35600e+04 1.33450e-02
2.35700e+04 1.36035e-02
2.35800e+04 1.27297e-02
2.35900e+04 1.17142e-02
2.36000e+04 1.28122e-02
2.36100e+04 1.20727e-02
2.36200e+04 1.06032e-02
2.36300e+04 1.01725e-02
2.36400e+04 9.55626e-03
2.36500e+04 9.29781e-03
2.36600e+04 8.78817e-03
2.36700e+04 8.51756e-03
2.36800e+04 7.72471e-03
2.36900e+04 7.54463e-03
2.37000e+04 7.19509e-03
2.37100e+04 5.98861e-03
2.37200e+04 6.58855e-03
2.37300e+04 7.21417e-03
2.37400e+04 6.53474e-03
2.37500e+04 5.10971e-03
2.37600e+04 4.43105e-03
2.37700e+04 4.07193e-03
2.37800e+04 3.80395e-03
2.37900e+04 3.95349e-03
2.38000e+04 3.59038e-03
2.38100e+04 3.10465e-03
2.38200e+04 3.82625e-03
2.38300e+04 3.84620e-03
2.38400e+04 3.09664e-03
2.38500e+04 3.37745e-03
2.38600e+04 3.14985e-03
2.38700e+04 3.24284e-03
2.38800e+04 3.51638e-03
2.38900e+04 4.11078e-03
2.39000e+04 3.71531e-03
2.39100e+04 2.88190e-03
2.39200e+04 2.20430e-03
2.39300e+04 2.07486e-03
2.39400e+04 1.59477e-03
2.39500e+04 1.57992e-03
2.39600e+04 1.86771e-03
2.39700e+04 1.54132e-03
2.39800e+04 1.32759e-03
2.39900e+04 1.29108e-03
2.40000e+04 9.18122e-04
2.40100e+04 2.50063e-03
2.40200e+04 2.78007e-03
2.40300e+04 1.64763e-03
2.40400e+04 1.54818e-03
2.40500e+04 1.95639e-03
2.40600e+04 2.28272e-03
2.40700e+04 2.11449e-03
2.40800e+04 1.41241e-03
2.40900e+04 1.68438e-03
2.41000e+04 1.59675e-03
2.41100e+04 1.32800e-03
2.41200e+04 1.06302e-03
2.41300e+04 6.86668e-04
2.41400e+04 4.67333e-04
