# Filter name : Paranal/VISTA.H
# Description : VISTA H filter (full)
# Photometric system : VISTA
# FilterType : photon
# Band name : H
# Observatory : Paranal
# Instrument : VIRCAM
# Comments : Includes mirror, ccd QE and atmosphere model (1.0)
# 
1.42900e+04 3.87205e-04
1.43000e+04 6.34420e-04
1.43100e+04 9.76704e-04
1.43200e+04 4.47183e-04
1.43300e+04 1.44203e-03
1.43400e+04 9.88008e-04
1.43500e+04 1.09379e-03
1.43600e+04 1.23776e-03
1.43700e+04 1.52461e-03
1.43800e+04 1.38822e-03
1.43900e+04 2.22323e-03
1.44000e+04 2.19877e-03
1.44100e+04 2.05031e-03
1.44200e+04 1.93929e-03
1.44300e+04 1.66866e-03
1.44400e+04 2.32572e-03
1.44500e+04 2.64579e-03
1.44600e+04 2.27477e-03
1.44700e+04 3.44801e-03
1.44800e+04 3.46491e-03
1.44900e+04 2.11581e-03
1.45000e+04 3.30840e-03
1.45100e+04 3.27199e-03
1.45200e+04 3.96914e-03
1.45300e+04 3.99419e-03
1.45400e+04 3.49325e-03
1.45500e+04 5.17624e-03
1.45600e+04 5.65353e-03
1.45700e+04 6.23522e-03
1.45800e+04 6.35825e-03
1.45900e+04 7.92986e-03
1.46000e+04 7.45649e-03
1.46100e+04 8.15764e-03
1.46200e+04 8.52486e-03
1.46300e+04 7.35584e-03
1.46400e+04 9.45467e-03
1.46500e+04 9.66231e-03
1.46600e+04 1.09631e-02
1.46700e+04 1.08920e-02
1.46800e+04 1.38807e-02
1.46900e+04 1.46561e-02
1.47000e+04 1.48244e-02
1.47100e+04 1.47765e-02
1.47200e+04 1.77128e-02
1.47300e+04 2.03506e-02
1.47400e+04 2.48503e-02
1.47500e+04 2.88543e-02
1.47600e+04 2.82137e-02
1.47700e+04 3.17149e-02
1.47800e+04 3.34833e-02
1.47900e+04 4.21433e-02
1.48000e+04 4.24584e-02
1.48100e+04 4.93648e-02
1.48200e+04 5.41232e-02
1.48300e+04 6.92602e-02
1.48400e+04 7.54446e-02
1.48500e+04 8.54872e-02
1.48600e+04 9.34643e-02
1.48700e+04 1.01945e-01
1.48800e+04 1.19028e-01
1.48900e+04 1.40218e-01
1.49000e+04 1.55870e-01
1.49100e+04 1.75778e-01
1.49200e+04 1.96442e-01
1.49300e+04 2.24756e-01
1.49400e+04 2.52783e-01
1.49500e+04 2.74618e-01
1.49600e+04 3.03897e-01
1.49700e+04 3.42917e-01
1.49800e+04 3.79443e-01
1.49900e+04 4.19063e-01
1.50000e+04 4.57480e-01
1.50100e+04 5.01961e-01
1.50200e+04 5.33108e-01
1.50300e+04 5.65500e-01
1.50400e+04 5.93340e-01
1.50500e+04 6.39480e-01
1.50600e+04 6.81282e-01
1.50700e+04 7.15643e-01
1.50800e+04 7.35024e-01
1.50900e+04 7.41609e-01
1.51000e+04 7.85857e-01
1.51100e+04 8.01574e-01
1.51200e+04 8.10106e-01
1.51300e+04 8.20310e-01
1.51400e+04 8.26999e-01
1.51500e+04 8.29410e-01
1.51600e+04 8.31999e-01
1.51700e+04 8.32486e-01
1.51800e+04 8.27454e-01
1.51900e+04 8.23479e-01
1.52000e+04 8.26600e-01
1.52100e+04 8.17229e-01
1.52200e+04 8.10805e-01
1.52300e+04 8.11216e-01
1.52400e+04 8.01199e-01
1.52500e+04 7.93299e-01
1.52600e+04 7.94127e-01
1.52700e+04 7.85195e-01
1.52800e+04 7.81103e-01
1.52900e+04 7.82646e-01
1.53000e+04 7.75627e-01
1.53100e+04 7.72123e-01
1.53200e+04 7.77230e-01
1.53300e+04 7.70973e-01
1.53400e+04 7.68033e-01
1.53500e+04 7.72703e-01
1.53600e+04 7.69585e-01
1.53700e+04 7.73628e-01
1.53800e+04 7.81203e-01
1.53900e+04 7.76013e-01
1.54000e+04 7.81489e-01
1.54100e+04 7.87591e-01
1.54200e+04 7.86533e-01
1.54300e+04 7.96150e-01
1.54400e+04 8.00731e-01
1.54500e+04 8.01069e-01
1.54600e+04 8.11441e-01
1.54700e+04 8.13626e-01
1.54800e+04 8.14773e-01
1.54900e+04 8.25630e-01
1.55000e+04 8.25681e-01
1.55100e+04 8.27875e-01
1.55200e+04 8.37215e-01
1.55300e+04 8.35389e-01
1.55400e+04 8.39826e-01
1.55500e+04 8.47015e-01
1.55600e+04 8.43509e-01
1.55700e+04 8.48671e-01
1.55800e+04 8.53545e-01
1.55900e+04 8.47729e-01
1.56000e+04 8.55170e-01
1.56100e+04 8.57263e-01
1.56200e+04 8.51481e-01
1.56300e+04 8.58059e-01
1.56400e+04 8.55322e-01
1.56500e+04 8.53740e-01
1.56600e+04 8.59506e-01
1.56700e+04 8.53531e-01
1.56800e+04 8.52066e-01
1.56900e+04 8.49252e-01
1.57000e+04 8.30816e-01
1.57100e+04 8.20798e-01
1.57200e+04 8.11857e-01
1.57300e+04 8.09326e-01
1.57400e+04 8.25958e-01
1.57500e+04 8.40353e-01
1.57600e+04 8.36393e-01
1.57700e+04 8.27877e-01
1.57800e+04 8.19845e-01
1.57900e+04 8.25555e-01
1.58000e+04 8.29599e-01
1.58100e+04 8.33991e-01
1.58200e+04 8.44391e-01
1.58300e+04 8.43261e-01
1.58400e+04 8.49018e-01
1.58500e+04 8.51253e-01
1.58600e+04 8.48705e-01
1.58700e+04 8.53872e-01
1.58800e+04 8.49535e-01
1.58900e+04 8.50946e-01
1.59000e+04 8.52248e-01
1.59100e+04 8.47014e-01
1.59200e+04 8.53818e-01
1.59300e+04 8.50668e-01
1.59400e+04 8.47944e-01
1.59500e+04 8.51672e-01
1.59600e+04 8.45638e-01
1.59700e+04 8.48400e-01
1.59800e+04 8.45603e-01
1.59900e+04 8.37079e-01
1.60000e+04 8.30731e-01
1.60100e+04 8.12227e-01
1.60200e+04 8.04322e-01
1.60300e+04 8.03754e-01
1.60400e+04 8.08548e-01
1.60500e+04 8.29572e-01
1.60600e+04 8.30285e-01
1.60700e+04 8.18922e-01
1.60800e+04 8.13535e-01
1.60900e+04 8.08489e-01
1.61000e+04 8.15062e-01
1.61100e+04 8.16386e-01
1.61200e+04 8.24064e-01
1.61300e+04 8.28978e-01
1.61400e+04 8.30042e-01
1.61500e+04 8.35494e-01
1.61600e+04 8.31708e-01
1.61700e+04 8.36199e-01
1.61800e+04 8.35862e-01
1.61900e+04 8.33660e-01
1.62000e+04 8.37511e-01
1.62100e+04 8.33516e-01
1.62200e+04 8.37406e-01
1.62300e+04 8.34867e-01
1.62400e+04 8.36476e-01
1.62500e+04 8.36943e-01
1.62600e+04 8.34608e-01
1.62700e+04 8.39678e-01
1.62800e+04 8.34497e-01
1.62900e+04 8.39257e-01
1.63000e+04 8.37168e-01
1.63100e+04 8.36055e-01
1.63200e+04 8.39700e-01
1.63300e+04 8.34704e-01
1.63400e+04 8.41730e-01
1.63500e+04 8.35348e-01
1.63600e+04 8.38569e-01
1.63700e+04 8.39106e-01
1.63800e+04 8.32529e-01
1.63900e+04 8.42455e-01
1.64000e+04 8.29290e-01
1.64100e+04 8.39970e-01
1.64200e+04 8.39009e-01
1.64300e+04 8.24816e-01
1.64400e+04 8.41848e-01
1.64500e+04 8.33089e-01
1.64600e+04 8.37368e-01
1.64700e+04 8.41452e-01
1.64800e+04 8.33196e-01
1.64900e+04 8.39917e-01
1.65000e+04 8.41364e-01
1.65100e+04 8.32596e-01
1.65200e+04 8.43892e-01
1.65300e+04 8.49030e-01
1.65400e+04 8.36444e-01
1.65500e+04 8.50941e-01
1.65600e+04 8.46832e-01
1.65700e+04 8.48375e-01
1.65800e+04 8.54731e-01
1.65900e+04 8.50408e-01
1.66000e+04 8.57775e-01
1.66100e+04 8.53630e-01
1.66200e+04 8.57895e-01
1.66300e+04 8.53908e-01
1.66400e+04 8.60254e-01
1.66500e+04 8.41833e-01
1.66600e+04 8.15547e-01
1.66700e+04 8.49956e-01
1.66800e+04 8.57628e-01
1.66900e+04 8.67634e-01
1.67000e+04 8.60434e-01
1.67100e+04 8.66295e-01
1.67200e+04 8.63505e-01
1.67300e+04 8.71175e-01
1.67400e+04 8.65155e-01
1.67500e+04 8.66662e-01
1.67600e+04 8.74596e-01
1.67700e+04 8.66900e-01
1.67800e+04 8.71305e-01
1.67900e+04 8.70588e-01
1.68000e+04 8.77340e-01
1.68100e+04 8.67060e-01
1.68200e+04 8.77862e-01
1.68300e+04 8.76348e-01
1.68400e+04 8.65461e-01
1.68500e+04 8.79011e-01
1.68600e+04 8.75594e-01
1.68700e+04 8.76791e-01
1.68800e+04 8.74210e-01
1.68900e+04 8.85878e-01
1.69000e+04 8.73950e-01
1.69100e+04 8.76637e-01
1.69200e+04 8.75022e-01
1.69300e+04 8.81595e-01
1.69400e+04 8.75349e-01
1.69500e+04 8.77875e-01
1.69600e+04 8.82073e-01
1.69700e+04 8.72361e-01
1.69800e+04 8.80971e-01
1.69900e+04 8.77484e-01
1.70000e+04 8.80592e-01
1.70100e+04 8.73107e-01
1.70200e+04 8.81054e-01
1.70300e+04 8.71576e-01
1.70400e+04 8.80940e-01
1.70500e+04 8.72828e-01
1.70600e+04 8.77824e-01
1.70700e+04 8.71902e-01
1.70800e+04 8.73340e-01
1.70900e+04 8.70227e-01
1.71000e+04 8.76585e-01
1.71100e+04 8.78903e-01
1.71200e+04 8.78403e-01
1.71300e+04 8.80605e-01
1.71400e+04 8.69604e-01
1.71500e+04 8.78838e-01
1.71600e+04 8.72703e-01
1.71700e+04 8.81902e-01
1.71800e+04 8.76279e-01
1.71900e+04 8.82777e-01
1.72000e+04 8.75245e-01
1.72100e+04 8.68124e-01
1.72200e+04 8.69084e-01
1.72300e+04 8.72498e-01
1.72400e+04 8.65514e-01
1.72500e+04 8.69787e-01
1.72600e+04 8.72164e-01
1.72700e+04 8.71795e-01
1.72800e+04 8.72697e-01
1.72900e+04 8.66688e-01
1.73000e+04 8.75105e-01
1.73100e+04 8.68852e-01
1.73200e+04 8.51973e-01
1.73300e+04 8.62059e-01
1.73400e+04 8.72569e-01
1.73500e+04 8.62914e-01
1.73600e+04 8.59647e-01
1.73700e+04 8.56089e-01
1.73800e+04 8.68742e-01
1.73900e+04 8.61641e-01
1.74000e+04 8.56068e-01
1.74100e+04 8.40849e-01
1.74200e+04 8.52975e-01
1.74300e+04 8.57257e-01
1.74400e+04 8.49818e-01
1.74500e+04 8.46980e-01
1.74600e+04 8.47987e-01
1.74700e+04 7.97036e-01
1.74800e+04 8.45564e-01
1.74900e+04 8.47451e-01
1.75000e+04 8.50457e-01
1.75100e+04 8.30007e-01
1.75200e+04 8.28476e-01
1.75300e+04 8.39391e-01
1.75400e+04 8.40869e-01
1.75500e+04 8.09636e-01
1.75600e+04 8.30339e-01
1.75700e+04 7.99728e-01
1.75800e+04 8.21642e-01
1.75900e+04 8.29646e-01
1.76000e+04 8.28410e-01
1.76100e+04 8.05680e-01
1.76200e+04 8.14780e-01
1.76300e+04 7.95985e-01
1.76400e+04 8.13866e-01
1.76500e+04 7.93836e-01
1.76600e+04 6.94100e-01
1.76700e+04 7.96003e-01
1.76800e+04 7.96109e-01
1.76900e+04 7.86370e-01
1.77000e+04 7.72177e-01
1.77100e+04 7.58737e-01
1.77200e+04 7.71843e-01
1.77300e+04 7.62065e-01
1.77400e+04 7.18723e-01
1.77500e+04 7.31291e-01
1.77600e+04 6.91659e-01
1.77700e+04 7.09904e-01
1.77800e+04 6.89128e-01
1.77900e+04 6.29787e-01
1.78000e+04 6.76772e-01
1.78100e+04 6.06043e-01
1.78200e+04 6.24465e-01
1.78300e+04 6.23145e-01
1.78400e+04 5.71176e-01
1.78500e+04 4.89898e-01
1.78600e+04 5.21059e-01
1.78700e+04 5.01765e-01
1.78800e+04 5.06514e-01
1.78900e+04 4.78872e-01
1.79000e+04 4.52668e-01
1.79100e+04 3.98672e-01
1.79200e+04 3.87146e-01
1.79300e+04 3.48316e-01
1.79400e+04 3.11605e-01
1.79500e+04 3.14388e-01
1.79600e+04 2.89134e-01
1.79700e+04 2.58479e-01
1.79800e+04 2.49312e-01
1.79900e+04 2.45672e-01
1.80000e+04 1.74026e-01
1.80100e+04 1.40102e-01
1.80200e+04 1.45019e-01
1.80300e+04 1.47136e-01
1.80400e+04 1.42573e-01
1.80500e+04 1.43519e-01
1.80600e+04 8.58202e-02
1.80700e+04 9.31548e-02
1.80800e+04 1.00595e-01
1.80900e+04 9.19831e-02
1.81000e+04 8.40235e-02
1.81100e+04 5.21443e-02
1.81200e+04 5.75952e-02
1.81300e+04 4.18355e-02
1.81400e+04 6.34797e-02
1.81500e+04 4.63547e-02
1.81600e+04 3.31380e-02
1.81700e+04 4.11067e-02
1.81800e+04 4.00311e-02
1.81900e+04 3.12559e-02
1.82000e+04 1.96819e-02
1.82100e+04 1.36889e-02
1.82200e+04 1.36739e-02
1.82300e+04 2.28336e-02
1.82400e+04 2.87851e-02
1.82500e+04 2.16858e-02
1.82600e+04 1.14912e-02
1.82700e+04 1.39827e-02
1.82800e+04 1.30265e-02
1.82900e+04 7.73906e-03
1.83000e+04 8.82050e-03
1.83100e+04 6.32767e-03
1.83200e+04 9.44101e-03
1.83300e+04 8.00864e-03
1.83400e+04 9.20907e-03
1.83500e+04 3.19378e-03
1.83600e+04 2.39578e-03
1.83700e+04 3.12099e-03
1.83800e+04 1.68826e-03
1.83900e+04 4.77616e-03
1.84000e+04 1.35905e-03
1.84100e+04 3.24009e-03
1.84200e+04 6.40889e-04
1.84300e+04 3.23427e-03
1.84400e+04 3.74314e-03
1.84500e+04 5.82978e-03
1.84600e+04 3.93427e-03
1.84700e+04 5.35000e-04
1.84800e+04 3.31339e-04
1.84900e+04 1.31841e-03
1.85000e+04 2.36114e-03
1.85100e+04 1.89219e-03
1.85200e+04 3.24570e-03
1.85300e+04 9.91324e-04
1.85400e+04 4.98979e-04
1.85500e+04 1.94219e-03
1.85600e+04 2.06533e-03
1.85700e+04 6.28463e-04
1.85800e+04 1.27227e-03
1.85900e+04 9.77697e-04
1.86000e+04 2.33152e-04
1.86100e+04 6.85530e-04
1.86200e+04 1.60982e-03
1.86300e+04 1.36901e-03
1.86400e+04 8.90680e-04
1.86500e+04 1.03339e-03
1.86600e+04 1.68407e-03
