# Filter name : Subaru/HSC.NB656_filter
# Description : HSC NB656 (filter only)
# Photometric system : ------
# FilterType : photon
# Band name : ------
# Observatory : Subaru
# Instrument : HSC
# Comments : ------
# 
6.41500e+03 0.00000e+00
6.42000e+03 8.00000e-04
6.42500e+03 6.00000e-04
6.43000e+03 2.60000e-03
6.43500e+03 4.10000e-03
6.44000e+03 5.90000e-03
6.44500e+03 1.04000e-02
6.45000e+03 1.67000e-02
6.45500e+03 2.93000e-02
6.46000e+03 4.65000e-02
6.46500e+03 7.51000e-02
6.47000e+03 1.27200e-01
6.47500e+03 1.96300e-01
6.48000e+03 2.91000e-01
6.48500e+03 3.92400e-01
6.49000e+03 5.00200e-01
6.49500e+03 6.05000e-01
6.50000e+03 6.91500e-01
6.50500e+03 7.69000e-01
6.51000e+03 8.27200e-01
6.51500e+03 8.61800e-01
6.52000e+03 8.89100e-01
6.52500e+03 9.05100e-01
6.53000e+03 9.12000e-01
6.53500e+03 9.16900e-01
6.54000e+03 9.26600e-01
6.54500e+03 9.23800e-01
6.55000e+03 9.41000e-01
6.55500e+03 9.36700e-01
6.56000e+03 9.39000e-01
6.56500e+03 9.38300e-01
6.57000e+03 9.20100e-01
6.57500e+03 8.91700e-01
6.58000e+03 8.33600e-01
6.58500e+03 7.53000e-01
6.59000e+03 6.44900e-01
6.59500e+03 5.30900e-01
6.60000e+03 4.14400e-01
6.60500e+03 3.03700e-01
6.61000e+03 2.11700e-01
6.61500e+03 1.42100e-01
6.62000e+03 9.20000e-02
6.62500e+03 5.67000e-02
6.63000e+03 3.53000e-02
6.63500e+03 2.24000e-02
6.64000e+03 1.31000e-02
6.64500e+03 8.20000e-03
6.65000e+03 6.40000e-03
6.65500e+03 3.80000e-03
6.66000e+03 2.00000e-03
6.66500e+03 1.70000e-03
6.67000e+03 9.00000e-04
