# Filter name : Subaru/HSC.NB468_filter
# Description : HSC NB468 (filter only)
# Photometric system : ------
# FilterType : photon
# Band name : ------
# Observatory : Subaru
# Instrument : HSC
# Comments : ------
# 
4.56980e+03 1.00000e-04
4.57400e+03 1.60000e-03
4.57810e+03 1.70000e-03
4.58220e+03 8.00000e-04
4.58640e+03 9.00000e-04
4.59050e+03 1.10000e-03
4.59460e+03 6.00000e-04
4.59880e+03 9.00000e-04
4.60290e+03 3.80000e-03
4.60700e+03 8.30000e-03
4.61120e+03 1.40000e-02
4.61530e+03 2.37000e-02
4.61940e+03 4.20000e-02
4.62360e+03 7.38000e-02
4.62770e+03 1.23600e-01
4.63190e+03 1.92200e-01
4.63600e+03 2.73800e-01
4.64010e+03 3.63200e-01
4.64430e+03 4.60200e-01
4.64840e+03 5.64300e-01
4.65250e+03 6.70400e-01
4.65670e+03 7.69400e-01
4.66080e+03 8.48700e-01
4.66500e+03 8.99900e-01
4.66910e+03 9.24900e-01
4.67330e+03 9.32400e-01
4.67740e+03 9.30100e-01
4.68150e+03 9.23000e-01
4.68570e+03 9.14100e-01
4.68980e+03 9.06700e-01
4.69400e+03 9.03500e-01
4.69810e+03 9.03100e-01
4.70230e+03 9.00000e-01
4.70640e+03 8.88600e-01
4.71050e+03 8.62900e-01
4.71470e+03 8.19100e-01
4.71880e+03 7.61200e-01
4.72300e+03 6.97800e-01
4.72710e+03 6.31200e-01
4.73130e+03 5.55800e-01
4.73540e+03 4.65400e-01
4.73960e+03 3.61300e-01
4.74370e+03 2.54200e-01
4.74790e+03 1.60100e-01
4.75200e+03 9.11000e-02
4.75620e+03 4.94000e-02
4.76030e+03 2.76000e-02
4.76450e+03 1.63000e-02
4.76860e+03 9.90000e-03
4.77280e+03 6.70000e-03
4.77690e+03 5.50000e-03
4.78110e+03 4.50000e-03
4.78530e+03 3.00000e-03
4.78940e+03 1.30000e-03
