# Filter name : Subaru/HSC.NB926_filter
# Description : HSC NB926 (filter only)
# Photometric system : ------
# FilterType : photon
# Band name : ------
# Observatory : Subaru
# Instrument : HSC
# Comments : ------
# 
9.03100e+03 0.00000e+00
9.03500e+03 1.00000e-03
9.04000e+03 2.00000e-03
9.04400e+03 2.00000e-03
9.04900e+03 2.00000e-03
9.05300e+03 1.00000e-03
9.05800e+03 2.00000e-03
9.06200e+03 3.00000e-03
9.06700e+03 3.00000e-03
9.07100e+03 3.00000e-03
9.07600e+03 3.00000e-03
9.08000e+03 4.00000e-03
9.08500e+03 4.00000e-03
9.08900e+03 3.00000e-03
9.09400e+03 4.00000e-03
9.09800e+03 4.00000e-03
9.10300e+03 5.00000e-03
9.10700e+03 7.00000e-03
9.11200e+03 9.00000e-03
9.11600e+03 1.00000e-02
9.12100e+03 1.20000e-02
9.12500e+03 1.40000e-02
9.13000e+03 1.70000e-02
9.13400e+03 2.30000e-02
9.13900e+03 3.10000e-02
9.14300e+03 4.10000e-02
9.14800e+03 5.60000e-02
9.15200e+03 8.00000e-02
9.15700e+03 1.13000e-01
9.16100e+03 1.50000e-01
9.16600e+03 1.91000e-01
9.17000e+03 2.37000e-01
9.17500e+03 2.89000e-01
9.17900e+03 3.49000e-01
9.18400e+03 4.15000e-01
9.18800e+03 4.88000e-01
9.19300e+03 5.68000e-01
9.19700e+03 6.51000e-01
9.20200e+03 7.30000e-01
9.20600e+03 8.01000e-01
9.21100e+03 8.55000e-01
9.21500e+03 8.91000e-01
9.22000e+03 9.10000e-01
9.22400e+03 9.19000e-01
9.22900e+03 9.21000e-01
9.23300e+03 9.20000e-01
9.23800e+03 9.16000e-01
9.24200e+03 9.11000e-01
9.24700e+03 9.08000e-01
9.25100e+03 9.06000e-01
9.25600e+03 9.06000e-01
9.26000e+03 9.04000e-01
9.26500e+03 8.99000e-01
9.27000e+03 8.94000e-01
9.27400e+03 8.87000e-01
9.27900e+03 8.75000e-01
9.28300e+03 8.59000e-01
9.28800e+03 8.37000e-01
9.29200e+03 8.09000e-01
9.29700e+03 7.78000e-01
9.30100e+03 7.43000e-01
9.30600e+03 7.00000e-01
9.31000e+03 6.49000e-01
9.31500e+03 5.92000e-01
9.31900e+03 5.28000e-01
9.32400e+03 4.55000e-01
9.32800e+03 3.77000e-01
9.33300e+03 3.02000e-01
9.33700e+03 2.34000e-01
9.34200e+03 1.76000e-01
9.34600e+03 1.30000e-01
9.35100e+03 9.70000e-02
9.35500e+03 7.30000e-02
9.36000e+03 5.50000e-02
9.36400e+03 4.10000e-02
9.36900e+03 3.10000e-02
9.37300e+03 2.60000e-02
9.37800e+03 2.50000e-02
9.38200e+03 1.90000e-02
9.38700e+03 1.30000e-02
9.39100e+03 1.10000e-02
9.39600e+03 1.40000e-02
9.40000e+03 1.60000e-02
9.40500e+03 1.50000e-02
9.40900e+03 1.10000e-02
9.41400e+03 6.00000e-03
9.41900e+03 4.00000e-03
9.42300e+03 5.00000e-03
9.42800e+03 7.00000e-03
9.43200e+03 8.00000e-03
9.43600e+03 7.00000e-03
9.44100e+03 7.00000e-03
9.44600e+03 4.00000e-03
9.45000e+03 0.00000e+00
