# Filter name : Subaru/HSC.NB718_filter
# Description : HSC NB718 (filter only)
# Photometric system : ------
# FilterType : photon
# Band name : ------
# Observatory : Subaru
# Instrument : HSC
# Comments : ------
# 
7.00270e+03 1.60000e-03
7.00700e+03 2.30000e-03
7.01140e+03 1.70000e-03
7.01580e+03 1.20000e-03
7.02010e+03 2.70000e-03
7.02450e+03 2.40000e-03
7.02890e+03 3.10000e-03
7.03320e+03 2.60000e-03
7.03760e+03 2.90000e-03
7.04200e+03 3.50000e-03
7.04630e+03 4.40000e-03
7.05070e+03 6.00000e-03
7.05510e+03 8.70000e-03
7.05940e+03 1.06000e-02
7.06380e+03 1.49000e-02
7.06820e+03 2.23000e-02
7.07260e+03 3.25000e-02
7.07690e+03 4.76000e-02
7.08130e+03 6.89000e-02
7.08570e+03 9.59000e-02
7.09000e+03 1.33900e-01
7.09440e+03 1.78800e-01
7.09880e+03 2.34400e-01
7.10320e+03 2.96400e-01
7.10750e+03 3.66600e-01
7.11190e+03 4.40300e-01
7.11630e+03 5.14200e-01
7.12070e+03 5.87300e-01
7.12500e+03 6.50100e-01
7.12940e+03 7.04300e-01
7.13380e+03 7.49000e-01
7.13820e+03 7.90300e-01
7.14250e+03 8.25800e-01
7.14690e+03 8.54400e-01
7.15130e+03 8.77900e-01
7.15570e+03 8.97100e-01
7.16010e+03 9.08100e-01
7.16440e+03 9.11000e-01
7.16880e+03 9.07400e-01
7.17320e+03 9.00900e-01
7.17760e+03 8.90700e-01
7.18200e+03 8.78800e-01
7.18630e+03 8.63000e-01
7.19070e+03 8.35900e-01
7.19510e+03 7.98200e-01
7.19950e+03 7.54700e-01
7.20390e+03 7.08800e-01
7.20820e+03 6.63600e-01
7.21260e+03 6.17200e-01
7.21700e+03 5.67800e-01
7.22140e+03 5.00200e-01
7.22580e+03 4.07800e-01
7.23020e+03 2.99300e-01
7.23450e+03 1.95000e-01
7.23890e+03 1.17100e-01
7.24330e+03 6.82000e-02
7.24770e+03 4.35000e-02
7.25210e+03 2.88000e-02
7.25650e+03 2.00000e-02
7.26080e+03 1.44000e-02
7.26520e+03 1.02000e-02
7.26960e+03 8.70000e-03
7.27400e+03 6.60000e-03
7.27840e+03 4.90000e-03
7.28280e+03 4.50000e-03
7.28720e+03 3.30000e-03
7.29160e+03 3.00000e-03
7.29600e+03 2.80000e-03
7.30030e+03 1.10000e-03
7.30470e+03 1.50000e-03
7.30910e+03 1.90000e-03
7.31350e+03 2.10000e-03
7.31790e+03 1.40000e-03
7.32230e+03 0.00000e+00
