# Filter name : Subaru/HSC.NB921_filter
# Description : HSC NB921 (filter only)
# Photometric system : ------
# FilterType : photon
# Band name : ------
# Observatory : Subaru
# Instrument : HSC
# Comments : ------
# 
9.00300e+03 1.70000e-03
9.00350e+03 2.10000e-03
9.00400e+03 2.50000e-03
9.00450e+03 2.90000e-03
9.00500e+03 3.40000e-03
9.00550e+03 2.30000e-03
9.00600e+03 1.30000e-03
9.00650e+03 3.00000e-04
9.00700e+03 2.00000e-04
9.00750e+03 3.00000e-04
9.00800e+03 4.00000e-04
9.00850e+03 9.00000e-04
9.00900e+03 1.40000e-03
9.00950e+03 2.10000e-03
9.01000e+03 2.90000e-03
9.01050e+03 2.10000e-03
9.01100e+03 1.40000e-03
9.01150e+03 8.00000e-04
9.01200e+03 3.00000e-04
9.01250e+03 1.00000e-04
9.01300e+03 1.00000e-04
9.01350e+03 4.00000e-04
9.01400e+03 1.20000e-03
9.01450e+03 2.00000e-03
9.01500e+03 2.80000e-03
9.01550e+03 2.10000e-03
9.01600e+03 1.40000e-03
9.01650e+03 8.00000e-04
9.01700e+03 4.00000e-04
9.01750e+03 6.00000e-04
9.01800e+03 3.00000e-04
9.01850e+03 9.00000e-04
9.01900e+03 1.70000e-03
9.01950e+03 2.60000e-03
9.02000e+03 3.50000e-03
9.02050e+03 2.50000e-03
9.02100e+03 1.50000e-03
9.02150e+03 9.00000e-04
9.02200e+03 1.00000e-03
9.02250e+03 1.60000e-03
9.02300e+03 1.60000e-03
9.02350e+03 1.60000e-03
9.02400e+03 1.80000e-03
9.02450e+03 2.00000e-03
9.02500e+03 2.40000e-03
9.02550e+03 1.80000e-03
9.02600e+03 1.10000e-03
9.02650e+03 6.00000e-04
9.02700e+03 2.00000e-04
9.02750e+03 1.00000e-04
9.02800e+03 4.00000e-04
9.02850e+03 1.00000e-03
9.02900e+03 1.70000e-03
9.02950e+03 2.40000e-03
9.03000e+03 3.10000e-03
9.03050e+03 2.60000e-03
9.03100e+03 2.10000e-03
9.03150e+03 1.70000e-03
9.03200e+03 1.90000e-03
9.03250e+03 2.30000e-03
9.03300e+03 2.20000e-03
9.03350e+03 2.20000e-03
9.03400e+03 2.20000e-03
9.03450e+03 2.30000e-03
9.03500e+03 2.50000e-03
9.03550e+03 2.00000e-03
9.03600e+03 1.60000e-03
9.03650e+03 1.50000e-03
9.03700e+03 1.40000e-03
9.03750e+03 1.50000e-03
9.03800e+03 1.20000e-03
9.03850e+03 1.20000e-03
9.03900e+03 1.60000e-03
9.03950e+03 2.30000e-03
9.04000e+03 2.90000e-03
9.04050e+03 2.80000e-03
9.04100e+03 2.70000e-03
9.04150e+03 2.60000e-03
9.04200e+03 2.80000e-03
9.04250e+03 3.10000e-03
9.04300e+03 2.20000e-03
9.04350e+03 1.50000e-03
9.04400e+03 1.10000e-03
9.04450e+03 9.00000e-04
9.04500e+03 9.00000e-04
9.04550e+03 9.00000e-04
9.04600e+03 9.00000e-04
9.04650e+03 1.20000e-03
9.04700e+03 1.70000e-03
9.04750e+03 2.90000e-03
9.04800e+03 2.70000e-03
9.04850e+03 2.80000e-03
9.04900e+03 3.10000e-03
9.04950e+03 3.30000e-03
9.05000e+03 3.60000e-03
9.05050e+03 3.00000e-03
9.05100e+03 2.50000e-03
9.05150e+03 2.20000e-03
9.05200e+03 2.10000e-03
9.05250e+03 2.20000e-03
9.05300e+03 2.00000e-03
9.05350e+03 1.90000e-03
9.05400e+03 1.70000e-03
9.05450e+03 1.60000e-03
9.05500e+03 1.60000e-03
9.05550e+03 1.60000e-03
9.05600e+03 1.60000e-03
9.05650e+03 1.60000e-03
9.05700e+03 1.70000e-03
9.05750e+03 1.70000e-03
9.05800e+03 2.00000e-03
9.05850e+03 2.50000e-03
9.05900e+03 3.00000e-03
9.05950e+03 3.50000e-03
9.06000e+03 4.00000e-03
9.06050e+03 3.70000e-03
9.06100e+03 3.50000e-03
9.06150e+03 3.40000e-03
9.06200e+03 3.50000e-03
9.06250e+03 3.70000e-03
9.06300e+03 3.70000e-03
9.06350e+03 3.70000e-03
9.06400e+03 3.80000e-03
9.06450e+03 3.80000e-03
9.06500e+03 3.90000e-03
9.06550e+03 3.40000e-03
9.06600e+03 3.00000e-03
9.06650e+03 2.60000e-03
9.06700e+03 2.20000e-03
9.06750e+03 1.90000e-03
9.06800e+03 2.20000e-03
9.06850e+03 2.80000e-03
9.06900e+03 3.50000e-03
9.06950e+03 4.30000e-03
9.07000e+03 5.00000e-03
9.07050e+03 5.00000e-03
9.07100e+03 5.10000e-03
9.07150e+03 5.10000e-03
9.07200e+03 5.60000e-03
9.07250e+03 6.00000e-03
9.07300e+03 5.60000e-03
9.07350e+03 5.10000e-03
9.07400e+03 4.70000e-03
9.07450e+03 4.40000e-03
9.07500e+03 4.30000e-03
9.07550e+03 4.90000e-03
9.07600e+03 5.80000e-03
9.07650e+03 6.70000e-03
9.07700e+03 7.70000e-03
9.07750e+03 8.70000e-03
9.07800e+03 8.70000e-03
9.07850e+03 8.70000e-03
9.07900e+03 8.80000e-03
9.07950e+03 8.90000e-03
9.08000e+03 9.00000e-03
9.08050e+03 9.00000e-03
9.08100e+03 9.10000e-03
9.08150e+03 9.20000e-03
9.08200e+03 9.40000e-03
9.08250e+03 9.60000e-03
9.08300e+03 1.01000e-02
9.08350e+03 1.07000e-02
9.08400e+03 1.12000e-02
9.08450e+03 1.18000e-02
9.08500e+03 1.24000e-02
9.08550e+03 1.30000e-02
9.08600e+03 1.37000e-02
9.08650e+03 1.44000e-02
9.08700e+03 1.51000e-02
9.08750e+03 1.59000e-02
9.08800e+03 1.63000e-02
9.08850e+03 1.68000e-02
9.08900e+03 1.72000e-02
9.08950e+03 1.77000e-02
9.09000e+03 1.81000e-02
9.09050e+03 1.91000e-02
9.09100e+03 2.01000e-02
9.09150e+03 2.11000e-02
9.09200e+03 2.20000e-02
9.09250e+03 2.30000e-02
9.09300e+03 2.32000e-02
9.09350e+03 2.34000e-02
9.09400e+03 2.36000e-02
9.09450e+03 2.38000e-02
9.09500e+03 2.40000e-02
9.09550e+03 2.60000e-02
9.09600e+03 2.81000e-02
9.09650e+03 3.01000e-02
9.09700e+03 3.21000e-02
9.09750e+03 3.42000e-02
9.09800e+03 3.56000e-02
9.09850e+03 3.70000e-02
9.09900e+03 3.84000e-02
9.09950e+03 3.97000e-02
9.10000e+03 4.11000e-02
9.10050e+03 4.31000e-02
9.10100e+03 4.51000e-02
9.10150e+03 4.71000e-02
9.10200e+03 4.91000e-02
9.10250e+03 5.11000e-02
9.10300e+03 5.35000e-02
9.10350e+03 5.58000e-02
9.10400e+03 5.81000e-02
9.10450e+03 6.05000e-02
9.10500e+03 6.28000e-02
9.10550e+03 6.57000e-02
9.10600e+03 6.86000e-02
9.10650e+03 7.16000e-02
9.10700e+03 7.45000e-02
9.10750e+03 7.74000e-02
9.10800e+03 8.15000e-02
9.10850e+03 8.56000e-02
9.10900e+03 8.97000e-02
9.10950e+03 9.37000e-02
9.11000e+03 9.78000e-02
9.11050e+03 1.02500e-01
9.11100e+03 1.07200e-01
9.11150e+03 1.11900e-01
9.11200e+03 1.16500e-01
9.11250e+03 1.21200e-01
9.11300e+03 1.26600e-01
9.11350e+03 1.31900e-01
9.11400e+03 1.37300e-01
9.11450e+03 1.42700e-01
9.11500e+03 1.48100e-01
9.11550e+03 1.53600e-01
9.11600e+03 1.59300e-01
9.11650e+03 1.64900e-01
9.11700e+03 1.70500e-01
9.11750e+03 1.76100e-01
9.11800e+03 1.82300e-01
9.11850e+03 1.88500e-01
9.11900e+03 1.94600e-01
9.11950e+03 2.00700e-01
9.12000e+03 2.06800e-01
9.12050e+03 2.14100e-01
9.12100e+03 2.21400e-01
9.12150e+03 2.28700e-01
9.12200e+03 2.36000e-01
9.12250e+03 2.43200e-01
9.12300e+03 2.50100e-01
9.12350e+03 2.57000e-01
9.12400e+03 2.63800e-01
9.12450e+03 2.70600e-01
9.12500e+03 2.77500e-01
9.12550e+03 2.85400e-01
9.12600e+03 2.93300e-01
9.12650e+03 3.01100e-01
9.12700e+03 3.09000e-01
9.12750e+03 3.17000e-01
9.12800e+03 3.24500e-01
9.12850e+03 3.32000e-01
9.12900e+03 3.39500e-01
9.12950e+03 3.47000e-01
9.13000e+03 3.54500e-01
9.13050e+03 3.62600e-01
9.13100e+03 3.70800e-01
9.13150e+03 3.79000e-01
9.13200e+03 3.87200e-01
9.13250e+03 3.95400e-01
9.13300e+03 4.03200e-01
9.13350e+03 4.11100e-01
9.13400e+03 4.19000e-01
9.13450e+03 4.26900e-01
9.13500e+03 4.34700e-01
9.13550e+03 4.42600e-01
9.13600e+03 4.50500e-01
9.13650e+03 4.58400e-01
9.13700e+03 4.66300e-01
9.13750e+03 4.74300e-01
9.13800e+03 4.81000e-01
9.13850e+03 4.87600e-01
9.13900e+03 4.94300e-01
9.13950e+03 5.00900e-01
9.14000e+03 5.07600e-01
9.14050e+03 5.15100e-01
9.14100e+03 5.22700e-01
9.14150e+03 5.30200e-01
9.14200e+03 5.37800e-01
9.14250e+03 5.45300e-01
9.14300e+03 5.52300e-01
9.14350e+03 5.59200e-01
9.14400e+03 5.66100e-01
9.14450e+03 5.72900e-01
9.14500e+03 5.79800e-01
9.14550e+03 5.87600e-01
9.14600e+03 5.95400e-01
9.14650e+03 6.03200e-01
9.14700e+03 6.11000e-01
9.14750e+03 6.18800e-01
9.14800e+03 6.25800e-01
9.14850e+03 6.32900e-01
9.14900e+03 6.39900e-01
9.14950e+03 6.47000e-01
9.15000e+03 6.54000e-01
9.15050e+03 6.61200e-01
9.15100e+03 6.68300e-01
9.15150e+03 6.75500e-01
9.15200e+03 6.82600e-01
9.15250e+03 6.89700e-01
9.15300e+03 6.96300e-01
9.15350e+03 7.03000e-01
9.15400e+03 7.09600e-01
9.15450e+03 7.16300e-01
9.15500e+03 7.23000e-01
9.15550e+03 7.28900e-01
9.15600e+03 7.34800e-01
9.15650e+03 7.40800e-01
9.15700e+03 7.46700e-01
9.15750e+03 7.52600e-01
9.15800e+03 7.58700e-01
9.15850e+03 7.64700e-01
9.15900e+03 7.70800e-01
9.15950e+03 7.76900e-01
9.16000e+03 7.82900e-01
9.16050e+03 7.88200e-01
9.16100e+03 7.93500e-01
9.16150e+03 7.98800e-01
9.16200e+03 8.04200e-01
9.16250e+03 8.09500e-01
9.16300e+03 8.14400e-01
9.16350e+03 8.19300e-01
9.16400e+03 8.24300e-01
9.16450e+03 8.29100e-01
9.16500e+03 8.34100e-01
9.16550e+03 8.38000e-01
9.16600e+03 8.41900e-01
9.16650e+03 8.45700e-01
9.16700e+03 8.49700e-01
9.16750e+03 8.53600e-01
9.16800e+03 8.57800e-01
9.16850e+03 8.62100e-01
9.16900e+03 8.66300e-01
9.16950e+03 8.70500e-01
9.17000e+03 8.74700e-01
9.17050e+03 8.78000e-01
9.17100e+03 8.81300e-01
9.17150e+03 8.84500e-01
9.17200e+03 8.87800e-01
9.17250e+03 8.91100e-01
9.17300e+03 8.94000e-01
9.17350e+03 8.96800e-01
9.17400e+03 8.99600e-01
9.17450e+03 9.02500e-01
9.17500e+03 9.05300e-01
9.17550e+03 9.07900e-01
9.17600e+03 9.10500e-01
9.17650e+03 9.13000e-01
9.17700e+03 9.15600e-01
9.17750e+03 9.18200e-01
9.17800e+03 9.19200e-01
9.17850e+03 9.20100e-01
9.17900e+03 9.21000e-01
9.17950e+03 9.22000e-01
9.18000e+03 9.23000e-01
9.18050e+03 9.23100e-01
9.18100e+03 9.23300e-01
9.18150e+03 9.23400e-01
9.18200e+03 9.23600e-01
9.18250e+03 9.23700e-01
9.18300e+03 9.23900e-01
9.18350e+03 9.24000e-01
9.18400e+03 9.24100e-01
9.18450e+03 9.24300e-01
9.18500e+03 9.24400e-01
9.18550e+03 9.24800e-01
9.18600e+03 9.25200e-01
9.18650e+03 9.25600e-01
9.18700e+03 9.26100e-01
9.18750e+03 9.26500e-01
9.18800e+03 9.27200e-01
9.18850e+03 9.28000e-01
9.18900e+03 9.28700e-01
9.18950e+03 9.29500e-01
9.19000e+03 9.30300e-01
9.19050e+03 9.30600e-01
9.19100e+03 9.31000e-01
9.19150e+03 9.31400e-01
9.19200e+03 9.31800e-01
9.19250e+03 9.32100e-01
9.19300e+03 9.33400e-01
9.19350e+03 9.34800e-01
9.19400e+03 9.36100e-01
9.19450e+03 9.37500e-01
9.19500e+03 9.38800e-01
9.19550e+03 9.38900e-01
9.19600e+03 9.39000e-01
9.19650e+03 9.39200e-01
9.19700e+03 9.39300e-01
9.19750e+03 9.39400e-01
9.19800e+03 9.38600e-01
9.19850e+03 9.38200e-01
9.19900e+03 9.37800e-01
9.19950e+03 9.37300e-01
9.20000e+03 9.36900e-01
9.20050e+03 9.37800e-01
9.20100e+03 9.38800e-01
9.20150e+03 9.39700e-01
9.20200e+03 9.40700e-01
9.20250e+03 9.41700e-01
9.20300e+03 9.39500e-01
9.20350e+03 9.37400e-01
9.20400e+03 9.35200e-01
9.20450e+03 9.33100e-01
9.20500e+03 9.31100e-01
9.20550e+03 9.32200e-01
9.20600e+03 9.33400e-01
9.20650e+03 9.34600e-01
9.20700e+03 9.35800e-01
9.20750e+03 9.37000e-01
9.20800e+03 9.36900e-01
9.20850e+03 9.36900e-01
9.20900e+03 9.36900e-01
9.20950e+03 9.36800e-01
9.21000e+03 9.36800e-01
9.21050e+03 9.36300e-01
9.21100e+03 9.35900e-01
9.21150e+03 9.35400e-01
9.21200e+03 9.34900e-01
9.21250e+03 9.34500e-01
9.21300e+03 9.34000e-01
9.21350e+03 9.33500e-01
9.21400e+03 9.33000e-01
9.21450e+03 9.32500e-01
9.21500e+03 9.32000e-01
9.21550e+03 9.31100e-01
9.21600e+03 9.30100e-01
9.21650e+03 9.29200e-01
9.21700e+03 9.28300e-01
9.21750e+03 9.27400e-01
9.21800e+03 9.27100e-01
9.21850e+03 9.26700e-01
9.21900e+03 9.26300e-01
9.21950e+03 9.26000e-01
9.22000e+03 9.25700e-01
9.22050e+03 9.24400e-01
9.22100e+03 9.23000e-01
9.22150e+03 9.21700e-01
9.22200e+03 9.20400e-01
9.22250e+03 9.19000e-01
9.22300e+03 9.18700e-01
9.22350e+03 9.18400e-01
9.22400e+03 9.18100e-01
9.22450e+03 9.17800e-01
9.22500e+03 9.17400e-01
9.22550e+03 9.15900e-01
9.22600e+03 9.14300e-01
9.22650e+03 9.12700e-01
9.22700e+03 9.11100e-01
9.22750e+03 9.09500e-01
9.22800e+03 9.08000e-01
9.22850e+03 9.06600e-01
9.22900e+03 9.05100e-01
9.22950e+03 9.03600e-01
9.23000e+03 9.02100e-01
9.23050e+03 8.99800e-01
9.23100e+03 8.97500e-01
9.23150e+03 8.95300e-01
9.23200e+03 8.93000e-01
9.23250e+03 8.90800e-01
9.23300e+03 8.88600e-01
9.23350e+03 8.86500e-01
9.23400e+03 8.84300e-01
9.23450e+03 8.82200e-01
9.23500e+03 8.80000e-01
9.23550e+03 8.78000e-01
9.23600e+03 8.75900e-01
9.23650e+03 8.73900e-01
9.23700e+03 8.71800e-01
9.23750e+03 8.69800e-01
9.23800e+03 8.65400e-01
9.23850e+03 8.61100e-01
9.23900e+03 8.56700e-01
9.23950e+03 8.52400e-01
9.24000e+03 8.48000e-01
9.24050e+03 8.44200e-01
9.24100e+03 8.40300e-01
9.24150e+03 8.36400e-01
9.24200e+03 8.32400e-01
9.24250e+03 8.28500e-01
9.24300e+03 8.22800e-01
9.24350e+03 8.17100e-01
9.24400e+03 8.11400e-01
9.24450e+03 8.05700e-01
9.24500e+03 8.00000e-01
9.24550e+03 7.95300e-01
9.24600e+03 7.90600e-01
9.24650e+03 7.86000e-01
9.24700e+03 7.81400e-01
9.24750e+03 7.76800e-01
9.24800e+03 7.71700e-01
9.24850e+03 7.66700e-01
9.24900e+03 7.61600e-01
9.24950e+03 7.56500e-01
9.25000e+03 7.51500e-01
9.25050e+03 7.45200e-01
9.25100e+03 7.38900e-01
9.25150e+03 7.32700e-01
9.25200e+03 7.26400e-01
9.25250e+03 7.20200e-01
9.25300e+03 7.14500e-01
9.25350e+03 7.08800e-01
9.25400e+03 7.03100e-01
9.25450e+03 6.97400e-01
9.25500e+03 6.91700e-01
9.25550e+03 6.85000e-01
9.25600e+03 6.78300e-01
9.25650e+03 6.71700e-01
9.25700e+03 6.65000e-01
9.25750e+03 6.58400e-01
9.25800e+03 6.50900e-01
9.25850e+03 6.43300e-01
9.25900e+03 6.35800e-01
9.25950e+03 6.28300e-01
9.26000e+03 6.20800e-01
9.26050e+03 6.13900e-01
9.26100e+03 6.06900e-01
9.26150e+03 5.99900e-01
9.26200e+03 5.93000e-01
9.26250e+03 5.86000e-01
9.26300e+03 5.79200e-01
9.26350e+03 5.72400e-01
9.26400e+03 5.65700e-01
9.26450e+03 5.58900e-01
9.26500e+03 5.52100e-01
9.26550e+03 5.44900e-01
9.26600e+03 5.37700e-01
9.26650e+03 5.30500e-01
9.26700e+03 5.23200e-01
9.26750e+03 5.16000e-01
9.26800e+03 5.09000e-01
9.26850e+03 5.02100e-01
9.26900e+03 4.95000e-01
9.26950e+03 4.88100e-01
9.27000e+03 4.81200e-01
9.27050e+03 4.74200e-01
9.27100e+03 4.67200e-01
9.27150e+03 4.60200e-01
9.27200e+03 4.53200e-01
9.27250e+03 4.46300e-01
9.27300e+03 4.38800e-01
9.27350e+03 4.31200e-01
9.27400e+03 4.23700e-01
9.27450e+03 4.16200e-01
9.27500e+03 4.08700e-01
9.27550e+03 4.01400e-01
9.27600e+03 3.94000e-01
9.27650e+03 3.86700e-01
9.27700e+03 3.79400e-01
9.27750e+03 3.72200e-01
9.27800e+03 3.64500e-01
9.27850e+03 3.56800e-01
9.27900e+03 3.49100e-01
9.27950e+03 3.41400e-01
9.28000e+03 3.33800e-01
9.28050e+03 3.27200e-01
9.28100e+03 3.20500e-01
9.28150e+03 3.13900e-01
9.28200e+03 3.07300e-01
9.28250e+03 3.00800e-01
9.28300e+03 2.93300e-01
9.28350e+03 2.85800e-01
9.28400e+03 2.78300e-01
9.28450e+03 2.70800e-01
9.28500e+03 2.63300e-01
9.28550e+03 2.57200e-01
9.28600e+03 2.51000e-01
9.28650e+03 2.44900e-01
9.28700e+03 2.38800e-01
9.28750e+03 2.32600e-01
9.28800e+03 2.26600e-01
9.28850e+03 2.20600e-01
9.28900e+03 2.14500e-01
9.28950e+03 2.08500e-01
9.29000e+03 2.02400e-01
9.29050e+03 1.96900e-01
9.29100e+03 1.91300e-01
9.29150e+03 1.85900e-01
9.29200e+03 1.80300e-01
9.29250e+03 1.74800e-01
9.29300e+03 1.69500e-01
9.29350e+03 1.64300e-01
9.29400e+03 1.59000e-01
9.29450e+03 1.53700e-01
9.29500e+03 1.48400e-01
9.29550e+03 1.43700e-01
9.29600e+03 1.38900e-01
9.29650e+03 1.34200e-01
9.29700e+03 1.29500e-01
9.29750e+03 1.24800e-01
9.29800e+03 1.20700e-01
9.29850e+03 1.16600e-01
9.29900e+03 1.12600e-01
9.29950e+03 1.08500e-01
9.30000e+03 1.04400e-01
9.30050e+03 1.01200e-01
9.30100e+03 9.80000e-02
9.30150e+03 9.48000e-02
9.30200e+03 9.15000e-02
9.30250e+03 8.83000e-02
9.30300e+03 8.49000e-02
9.30350e+03 8.16000e-02
9.30400e+03 7.83000e-02
9.30450e+03 7.50000e-02
9.30500e+03 7.18000e-02
9.30550e+03 6.94000e-02
9.30600e+03 6.71000e-02
9.30650e+03 6.48000e-02
9.30700e+03 6.24000e-02
9.30750e+03 6.01000e-02
9.30800e+03 5.73000e-02
9.30850e+03 5.45000e-02
9.30900e+03 5.18000e-02
9.30950e+03 4.90000e-02
9.31000e+03 4.62000e-02
9.31050e+03 4.50000e-02
9.31100e+03 4.37000e-02
9.31150e+03 4.25000e-02
9.31200e+03 4.13000e-02
9.31250e+03 4.00000e-02
9.31300e+03 3.86000e-02
9.31350e+03 3.72000e-02
9.31400e+03 3.58000e-02
9.31450e+03 3.44000e-02
9.31500e+03 3.29000e-02
9.31550e+03 3.12000e-02
9.31600e+03 2.94000e-02
9.31650e+03 2.77000e-02
9.31700e+03 2.60000e-02
9.31750e+03 2.44000e-02
9.31800e+03 2.40000e-02
9.31850e+03 2.37000e-02
9.31900e+03 2.34000e-02
9.31950e+03 2.31000e-02
9.32000e+03 2.29000e-02
9.32050e+03 2.20000e-02
9.32100e+03 2.12000e-02
9.32150e+03 2.04000e-02
9.32200e+03 1.95000e-02
9.32250e+03 1.87000e-02
9.32300e+03 1.86000e-02
9.32350e+03 1.84000e-02
9.32400e+03 1.83000e-02
9.32450e+03 1.81000e-02
9.32500e+03 1.80000e-02
9.32550e+03 1.71000e-02
9.32600e+03 1.62000e-02
9.32650e+03 1.54000e-02
9.32700e+03 1.45000e-02
9.32750e+03 1.37000e-02
9.32800e+03 1.30000e-02
9.32850e+03 1.23000e-02
9.32900e+03 1.16000e-02
9.32950e+03 1.09000e-02
9.33000e+03 1.03000e-02
9.33050e+03 9.90000e-03
9.33100e+03 9.50000e-03
9.33150e+03 9.20000e-03
9.33200e+03 9.00000e-03
9.33250e+03 9.10000e-03
9.33300e+03 8.50000e-03
9.33350e+03 7.90000e-03
9.33400e+03 7.40000e-03
9.33450e+03 7.00000e-03
9.33500e+03 6.50000e-03
9.33550e+03 6.30000e-03
9.33600e+03 6.30000e-03
9.33650e+03 6.30000e-03
9.33700e+03 6.40000e-03
9.33750e+03 6.60000e-03
9.33800e+03 6.30000e-03
9.33850e+03 6.20000e-03
9.33900e+03 6.20000e-03
9.33950e+03 6.10000e-03
9.34000e+03 6.00000e-03
9.34050e+03 5.50000e-03
9.34100e+03 5.00000e-03
9.34150e+03 4.50000e-03
9.34200e+03 4.30000e-03
9.34250e+03 4.30000e-03
9.34300e+03 4.00000e-03
9.34350e+03 3.70000e-03
9.34400e+03 3.50000e-03
9.34450e+03 3.40000e-03
9.34500e+03 3.40000e-03
9.34550e+03 3.70000e-03
9.34600e+03 3.90000e-03
9.34650e+03 4.20000e-03
9.34700e+03 4.50000e-03
9.34750e+03 4.80000e-03
9.34800e+03 4.30000e-03
9.34850e+03 3.90000e-03
9.34900e+03 3.50000e-03
9.34950e+03 3.20000e-03
9.35000e+03 2.90000e-03
9.35050e+03 3.10000e-03
9.35100e+03 3.20000e-03
9.35150e+03 3.40000e-03
9.35200e+03 3.60000e-03
9.35250e+03 3.90000e-03
9.35300e+03 3.90000e-03
9.35350e+03 4.10000e-03
9.35400e+03 4.20000e-03
9.35450e+03 4.30000e-03
9.35500e+03 4.50000e-03
9.35550e+03 4.20000e-03
9.35600e+03 4.00000e-03
9.35650e+03 3.80000e-03
9.35700e+03 4.00000e-03
9.35750e+03 4.10000e-03
9.35800e+03 3.60000e-03
9.35850e+03 3.30000e-03
9.35900e+03 3.00000e-03
9.35950e+03 3.20000e-03
9.36000e+03 3.40000e-03
9.36050e+03 2.70000e-03
9.36100e+03 1.90000e-03
9.36150e+03 1.60000e-03
9.36200e+03 1.70000e-03
9.36250e+03 1.80000e-03
9.36300e+03 1.80000e-03
9.36350e+03 1.80000e-03
9.36400e+03 1.80000e-03
9.36450e+03 1.80000e-03
9.36500e+03 2.10000e-03
9.36550e+03 2.20000e-03
9.36600e+03 2.60000e-03
9.36650e+03 3.10000e-03
9.36700e+03 3.60000e-03
9.36750e+03 4.20000e-03
9.36800e+03 3.40000e-03
9.36850e+03 2.70000e-03
9.36900e+03 2.00000e-03
9.36950e+03 1.60000e-03
9.37000e+03 1.60000e-03
9.37050e+03 1.60000e-03
9.37100e+03 1.70000e-03
9.37150e+03 2.00000e-03
9.37200e+03 2.50000e-03
9.37250e+03 3.00000e-03
9.37300e+03 2.60000e-03
9.37350e+03 2.30000e-03
9.37400e+03 2.30000e-03
9.37450e+03 2.30000e-03
9.37500e+03 2.40000e-03
9.37550e+03 2.20000e-03
9.37600e+03 2.00000e-03
9.37650e+03 1.80000e-03
9.37700e+03 1.60000e-03
9.37750e+03 1.30000e-03
9.37800e+03 1.40000e-03
9.37850e+03 1.50000e-03
9.37900e+03 1.60000e-03
9.37950e+03 1.80000e-03
9.38000e+03 2.00000e-03
9.38050e+03 1.90000e-03
9.38100e+03 1.90000e-03
9.38150e+03 1.80000e-03
9.38200e+03 1.80000e-03
9.38250e+03 1.70000e-03
9.38300e+03 1.40000e-03
9.38350e+03 1.10000e-03
9.38400e+03 1.00000e-03
9.38450e+03 9.00000e-04
9.38500e+03 8.00000e-04
9.38550e+03 1.00000e-03
9.38600e+03 1.30000e-03
9.38650e+03 1.80000e-03
9.38700e+03 2.50000e-03
9.38750e+03 3.30000e-03
9.38800e+03 2.90000e-03
9.38850e+03 2.40000e-03
9.38900e+03 2.00000e-03
9.38950e+03 1.60000e-03
9.39000e+03 1.20000e-03
9.39050e+03 1.20000e-03
9.39100e+03 1.20000e-03
9.39150e+03 1.40000e-03
9.39200e+03 1.60000e-03
9.39250e+03 1.90000e-03
9.39300e+03 1.70000e-03
9.39350e+03 2.30000e-03
9.39400e+03 3.00000e-03
9.39450e+03 3.70000e-03
9.39500e+03 4.30000e-03
9.39550e+03 3.50000e-03
9.39600e+03 2.70000e-03
9.39650e+03 2.00000e-03
9.39700e+03 1.40000e-03
9.39750e+03 9.00000e-04
9.39800e+03 1.10000e-03
9.39850e+03 1.30000e-03
9.39900e+03 1.60000e-03
9.39950e+03 1.90000e-03
9.40000e+03 2.30000e-03
9.40050e+03 1.70000e-03
9.40100e+03 1.40000e-03
9.40150e+03 1.40000e-03
9.40200e+03 1.40000e-03
9.40250e+03 1.40000e-03
9.40300e+03 1.00000e-03
9.40350e+03 8.00000e-04
9.40400e+03 6.00000e-04
9.40450e+03 5.00000e-04
9.40500e+03 4.00000e-04
9.40550e+03 3.00000e-04
9.40600e+03 2.00000e-04
9.40650e+03 4.00000e-04
9.40700e+03 6.00000e-04
9.40750e+03 9.00000e-04
9.40800e+03 8.00000e-04
9.40850e+03 8.00000e-04
9.40900e+03 9.00000e-04
9.40950e+03 1.10000e-03
9.41000e+03 1.30000e-03
9.41050e+03 1.00000e-03
9.41100e+03 7.00000e-04
9.41150e+03 5.00000e-04
9.41200e+03 6.00000e-04
9.41250e+03 7.00000e-04
9.41300e+03 5.00000e-04
9.41350e+03 3.00000e-04
9.41400e+03 2.00000e-04
9.41450e+03 2.00000e-04
9.41500e+03 2.00000e-04
9.41550e+03 3.00000e-04
9.41600e+03 5.00000e-04
9.41650e+03 7.00000e-04
9.41700e+03 1.00000e-03
9.41750e+03 1.30000e-03
9.41800e+03 9.00000e-04
9.41850e+03 5.00000e-04
9.41900e+03 2.00000e-04
9.41950e+03 3.00000e-04
9.42000e+03 5.00000e-04
9.42050e+03 4.00000e-04
9.42100e+03 3.00000e-04
9.42150e+03 3.00000e-04
9.42200e+03 3.00000e-04
9.42250e+03 5.00000e-04
9.42300e+03 5.00000e-04
9.42350e+03 5.00000e-04
9.42400e+03 1.10000e-03
9.42450e+03 1.80000e-03
9.42500e+03 2.50000e-03
9.42550e+03 1.90000e-03
9.42600e+03 1.30000e-03
9.42650e+03 7.00000e-04
9.42700e+03 3.00000e-04
9.42750e+03 6.00000e-04
9.42800e+03 3.00000e-04
9.42850e+03 1.00000e-04
9.42900e+03 1.00000e-04
9.42950e+03 2.00000e-04
9.43000e+03 3.00000e-04
9.43050e+03 4.00000e-04
9.43100e+03 6.00000e-04
9.43150e+03 7.00000e-04
9.43200e+03 8.00000e-04
9.43250e+03 1.10000e-03
9.43300e+03 1.10000e-03
9.43350e+03 1.10000e-03
9.43400e+03 1.10000e-03
9.43450e+03 1.40000e-03
9.43500e+03 1.80000e-03
9.43550e+03 1.60000e-03
9.43600e+03 1.60000e-03
9.43650e+03 1.50000e-03
9.43700e+03 1.60000e-03
9.43750e+03 1.60000e-03
9.43800e+03 1.60000e-03
9.43850e+03 1.80000e-03
9.43900e+03 2.00000e-03
9.43950e+03 2.20000e-03
9.44000e+03 2.50000e-03
9.44050e+03 2.30000e-03
9.44100e+03 2.10000e-03
9.44150e+03 1.90000e-03
9.44200e+03 1.70000e-03
9.44250e+03 1.50000e-03
9.44300e+03 9.00000e-04
9.44350e+03 8.00000e-04
9.44400e+03 6.00000e-04
9.44450e+03 6.00000e-04
9.44500e+03 6.00000e-04
9.44550e+03 6.00000e-04
9.44600e+03 7.00000e-04
9.44650e+03 7.00000e-04
9.44700e+03 8.00000e-04
9.44750e+03 8.00000e-04
9.44800e+03 8.00000e-04
9.44850e+03 1.00000e-03
9.44900e+03 1.10000e-03
9.44950e+03 1.30000e-03
9.45000e+03 1.60000e-03
9.45050e+03 1.40000e-03
9.45100e+03 1.30000e-03
9.45150e+03 1.20000e-03
9.45200e+03 1.10000e-03
9.45250e+03 1.10000e-03
9.45300e+03 9.00000e-04
9.45350e+03 8.00000e-04
9.45400e+03 8.00000e-04
9.45450e+03 8.00000e-04
9.45500e+03 9.00000e-04
9.45550e+03 8.00000e-04
9.45600e+03 9.00000e-04
9.45650e+03 1.20000e-03
9.45700e+03 1.50000e-03
9.45750e+03 1.80000e-03
9.45800e+03 1.50000e-03
9.45850e+03 1.10000e-03
9.45900e+03 1.00000e-03
9.45950e+03 1.20000e-03
9.46000e+03 1.50000e-03
9.46050e+03 1.40000e-03
9.46100e+03 1.40000e-03
9.46150e+03 1.40000e-03
9.46200e+03 1.50000e-03
9.46250e+03 1.50000e-03
9.46300e+03 1.30000e-03
9.46350e+03 1.20000e-03
9.46400e+03 1.20000e-03
9.46450e+03 1.20000e-03
9.46500e+03 1.40000e-03
9.46550e+03 1.30000e-03
9.46600e+03 1.20000e-03
9.46650e+03 1.20000e-03
9.46700e+03 1.30000e-03
9.46750e+03 1.60000e-03
9.46800e+03 1.80000e-03
9.46850e+03 2.10000e-03
9.46900e+03 2.30000e-03
9.46950e+03 2.60000e-03
9.47000e+03 2.80000e-03
9.47050e+03 2.30000e-03
9.47100e+03 1.90000e-03
9.47150e+03 1.50000e-03
9.47200e+03 1.30000e-03
9.47250e+03 1.30000e-03
9.47300e+03 1.30000e-03
9.47350e+03 1.20000e-03
9.47400e+03 1.10000e-03
9.47450e+03 1.20000e-03
9.47500e+03 1.30000e-03
9.47550e+03 1.20000e-03
9.47600e+03 1.20000e-03
9.47650e+03 1.40000e-03
9.47700e+03 1.50000e-03
9.47750e+03 1.70000e-03
9.47800e+03 1.60000e-03
9.47850e+03 1.60000e-03
9.47900e+03 1.90000e-03
9.47950e+03 2.40000e-03
9.48000e+03 2.90000e-03
9.48050e+03 2.40000e-03
9.48100e+03 1.90000e-03
9.48150e+03 1.50000e-03
9.48200e+03 1.20000e-03
9.48250e+03 1.10000e-03
9.48300e+03 9.00000e-04
