# Filter name : PAN-STARRS/PS1.w
# Description : PS1 w filter
# Photometric system : PAN-STARRS
# FilterType : photon
# Band name : ------
# Observatory : PAN-STARRS
# Instrument : PAN-STARRS
# Comments : Including the nominal 1.2 airmasses of the Pan-STARRS1 standard atmospheric extinction.
# 
3.88000e+03 1.00000e-03
3.89000e+03 6.00000e-03
3.90000e+03 6.00000e-03
3.91000e+03 5.00000e-03
3.92000e+03 5.00000e-03
3.93000e+03 5.00000e-03
3.94000e+03 6.00000e-03
3.95000e+03 6.00000e-03
3.96000e+03 8.00000e-03
3.97000e+03 1.00000e-02
3.98000e+03 1.40000e-02
3.99000e+03 2.10000e-02
4.00000e+03 3.20000e-02
4.01000e+03 4.90000e-02
4.02000e+03 7.10000e-02
4.03000e+03 9.60000e-02
4.04000e+03 1.23000e-01
4.05000e+03 1.48000e-01
4.06000e+03 1.69000e-01
4.07000e+03 1.86000e-01
4.08000e+03 1.98000e-01
4.09000e+03 2.08000e-01
4.10000e+03 2.16000e-01
4.11000e+03 2.23000e-01
4.12000e+03 2.31000e-01
4.13000e+03 2.40000e-01
4.14000e+03 2.48000e-01
4.15000e+03 2.57000e-01
4.16000e+03 2.65000e-01
4.17000e+03 2.72000e-01
4.18000e+03 2.78000e-01
4.19000e+03 2.84000e-01
4.20000e+03 2.88000e-01
4.21000e+03 2.93000e-01
4.22000e+03 2.97000e-01
4.23000e+03 3.03000e-01
4.24000e+03 3.08000e-01
4.25000e+03 3.15000e-01
4.26000e+03 3.22000e-01
4.27000e+03 3.28000e-01
4.28000e+03 3.35000e-01
4.29000e+03 3.42000e-01
4.30000e+03 3.50000e-01
4.31000e+03 3.58000e-01
4.32000e+03 3.67000e-01
4.33000e+03 3.75000e-01
4.34000e+03 3.82000e-01
4.35000e+03 3.89000e-01
4.36000e+03 3.96000e-01
4.37000e+03 4.02000e-01
4.38000e+03 4.08000e-01
4.39000e+03 4.11000e-01
4.40000e+03 4.16000e-01
4.41000e+03 4.21000e-01
4.42000e+03 4.26000e-01
4.43000e+03 4.30000e-01
4.44000e+03 4.33000e-01
4.45000e+03 4.37000e-01
4.46000e+03 4.42000e-01
4.47000e+03 4.46000e-01
4.48000e+03 4.49000e-01
4.49000e+03 4.53000e-01
4.50000e+03 4.58000e-01
4.51000e+03 4.62000e-01
4.52000e+03 4.67000e-01
4.53000e+03 4.70000e-01
4.54000e+03 4.73000e-01
4.55000e+03 4.76000e-01
4.56000e+03 4.80000e-01
4.57000e+03 4.84000e-01
4.58000e+03 4.88000e-01
4.59000e+03 4.91000e-01
4.60000e+03 4.94000e-01
4.61000e+03 4.97000e-01
4.62000e+03 5.00000e-01
4.63000e+03 5.03000e-01
4.64000e+03 5.07000e-01
4.65000e+03 5.11000e-01
4.66000e+03 5.15000e-01
4.67000e+03 5.17000e-01
4.68000e+03 5.18000e-01
4.69000e+03 5.16000e-01
4.70000e+03 5.12000e-01
4.71000e+03 5.11000e-01
4.72000e+03 5.11000e-01
4.73000e+03 5.09000e-01
4.74000e+03 5.06000e-01
4.75000e+03 5.04000e-01
4.76000e+03 5.03000e-01
4.77000e+03 5.05000e-01
4.78000e+03 5.10000e-01
4.79000e+03 5.18000e-01
4.80000e+03 5.26000e-01
4.81000e+03 5.33000e-01
4.82000e+03 5.38000e-01
4.83000e+03 5.40000e-01
4.84000e+03 5.42000e-01
4.85000e+03 5.42000e-01
4.86000e+03 5.42000e-01
4.87000e+03 5.43000e-01
4.88000e+03 5.46000e-01
4.89000e+03 5.47000e-01
4.90000e+03 5.50000e-01
4.91000e+03 5.52000e-01
4.92000e+03 5.53000e-01
4.93000e+03 5.54000e-01
4.94000e+03 5.55000e-01
4.95000e+03 5.57000e-01
4.96000e+03 5.59000e-01
4.97000e+03 5.61000e-01
4.98000e+03 5.62000e-01
4.99000e+03 5.61000e-01
5.00000e+03 5.59000e-01
5.01000e+03 5.59000e-01
5.02000e+03 5.61000e-01
5.03000e+03 5.64000e-01
5.04000e+03 5.67000e-01
5.05000e+03 5.71000e-01
5.06000e+03 5.73000e-01
5.07000e+03 5.74000e-01
5.08000e+03 5.75000e-01
5.09000e+03 5.77000e-01
5.10000e+03 5.80000e-01
5.11000e+03 5.81000e-01
5.12000e+03 5.83000e-01
5.13000e+03 5.83000e-01
5.14000e+03 5.82000e-01
5.15000e+03 5.82000e-01
5.16000e+03 5.82000e-01
5.17000e+03 5.83000e-01
5.18000e+03 5.86000e-01
5.19000e+03 5.90000e-01
5.20000e+03 5.94000e-01
5.21000e+03 5.98000e-01
5.22000e+03 6.02000e-01
5.23000e+03 6.06000e-01
5.24000e+03 6.09000e-01
5.25000e+03 6.12000e-01
5.26000e+03 6.15000e-01
5.27000e+03 6.17000e-01
5.28000e+03 6.19000e-01
5.29000e+03 6.21000e-01
5.30000e+03 6.23000e-01
5.31000e+03 6.25000e-01
5.32000e+03 6.27000e-01
5.33000e+03 6.29000e-01
5.34000e+03 6.31000e-01
5.35000e+03 6.33000e-01
5.36000e+03 6.35000e-01
5.37000e+03 6.37000e-01
5.38000e+03 6.39000e-01
5.39000e+03 6.40000e-01
5.40000e+03 6.41000e-01
5.41000e+03 6.44000e-01
5.42000e+03 6.47000e-01
5.43000e+03 6.49000e-01
5.44000e+03 6.51000e-01
5.45000e+03 6.54000e-01
5.46000e+03 6.56000e-01
5.47000e+03 6.57000e-01
5.48000e+03 6.58000e-01
5.49000e+03 6.60000e-01
5.50000e+03 6.62000e-01
5.51000e+03 6.65000e-01
5.52000e+03 6.68000e-01
5.53000e+03 6.70000e-01
5.54000e+03 6.72000e-01
5.55000e+03 6.73000e-01
5.56000e+03 6.74000e-01
5.57000e+03 6.74000e-01
5.58000e+03 6.75000e-01
5.59000e+03 6.78000e-01
5.60000e+03 6.80000e-01
5.61000e+03 6.82000e-01
5.62000e+03 6.83000e-01
5.63000e+03 6.85000e-01
5.64000e+03 6.86000e-01
5.65000e+03 6.88000e-01
5.66000e+03 6.90000e-01
5.67000e+03 6.92000e-01
5.68000e+03 6.95000e-01
5.69000e+03 6.96000e-01
5.70000e+03 6.98000e-01
5.71000e+03 7.00000e-01
5.72000e+03 7.00000e-01
5.73000e+03 7.01000e-01
5.74000e+03 7.02000e-01
5.75000e+03 7.04000e-01
5.76000e+03 7.07000e-01
5.77000e+03 7.09000e-01
5.78000e+03 7.12000e-01
5.79000e+03 7.15000e-01
5.80000e+03 7.19000e-01
5.81000e+03 7.22000e-01
5.82000e+03 7.25000e-01
5.83000e+03 7.27000e-01
5.84000e+03 7.28000e-01
5.85000e+03 7.29000e-01
5.86000e+03 7.29000e-01
5.87000e+03 7.30000e-01
5.88000e+03 7.31000e-01
5.89000e+03 7.31000e-01
5.90000e+03 7.33000e-01
5.91000e+03 7.38000e-01
5.92000e+03 7.40000e-01
5.93000e+03 7.42000e-01
5.94000e+03 7.42000e-01
5.95000e+03 7.42000e-01
5.96000e+03 7.44000e-01
5.97000e+03 7.43000e-01
5.98000e+03 7.44000e-01
5.99000e+03 7.47000e-01
6.00000e+03 7.51000e-01
6.01000e+03 7.55000e-01
6.02000e+03 7.58000e-01
6.03000e+03 7.61000e-01
6.04000e+03 7.64000e-01
6.05000e+03 7.65000e-01
6.06000e+03 7.66000e-01
6.07000e+03 7.66000e-01
6.08000e+03 7.68000e-01
6.09000e+03 7.71000e-01
6.10000e+03 7.75000e-01
6.11000e+03 7.79000e-01
6.12000e+03 7.82000e-01
6.13000e+03 7.85000e-01
6.14000e+03 7.87000e-01
6.15000e+03 7.88000e-01
6.16000e+03 7.89000e-01
6.17000e+03 7.89000e-01
6.18000e+03 7.91000e-01
6.19000e+03 7.92000e-01
6.20000e+03 7.94000e-01
6.21000e+03 7.97000e-01
6.22000e+03 8.00000e-01
6.23000e+03 8.02000e-01
6.24000e+03 8.04000e-01
6.25000e+03 8.06000e-01
6.26000e+03 8.08000e-01
6.27000e+03 8.10000e-01
6.28000e+03 7.91000e-01
6.29000e+03 8.05000e-01
6.30000e+03 8.04000e-01
6.31000e+03 8.11000e-01
6.32000e+03 8.14000e-01
6.33000e+03 8.17000e-01
6.34000e+03 8.21000e-01
6.35000e+03 8.24000e-01
6.36000e+03 8.28000e-01
6.37000e+03 8.31000e-01
6.38000e+03 8.35000e-01
6.39000e+03 8.38000e-01
6.40000e+03 8.38000e-01
6.41000e+03 8.38000e-01
6.42000e+03 8.36000e-01
6.43000e+03 8.35000e-01
6.44000e+03 8.35000e-01
6.45000e+03 8.35000e-01
6.46000e+03 8.36000e-01
6.47000e+03 8.38000e-01
6.48000e+03 8.42000e-01
6.49000e+03 8.46000e-01
6.50000e+03 8.52000e-01
6.51000e+03 8.56000e-01
6.52000e+03 8.54000e-01
6.53000e+03 8.58000e-01
6.54000e+03 8.58000e-01
6.55000e+03 8.54000e-01
6.56000e+03 8.53000e-01
6.57000e+03 8.52000e-01
6.58000e+03 8.54000e-01
6.59000e+03 8.57000e-01
6.60000e+03 8.61000e-01
6.61000e+03 8.66000e-01
6.62000e+03 8.71000e-01
6.63000e+03 8.75000e-01
6.64000e+03 8.78000e-01
6.65000e+03 8.79000e-01
6.66000e+03 8.78000e-01
6.67000e+03 8.76000e-01
6.68000e+03 8.75000e-01
6.69000e+03 8.73000e-01
6.70000e+03 8.72000e-01
6.71000e+03 8.72000e-01
6.72000e+03 8.73000e-01
6.73000e+03 8.75000e-01
6.74000e+03 8.79000e-01
6.75000e+03 8.83000e-01
6.76000e+03 8.88000e-01
6.77000e+03 8.92000e-01
6.78000e+03 8.96000e-01
6.79000e+03 8.98000e-01
6.80000e+03 9.00000e-01
6.81000e+03 8.99000e-01
6.82000e+03 8.98000e-01
6.83000e+03 8.96000e-01
6.84000e+03 8.95000e-01
6.85000e+03 8.94000e-01
6.86000e+03 8.94000e-01
6.87000e+03 7.28000e-01
6.88000e+03 7.91000e-01
6.89000e+03 8.04000e-01
6.90000e+03 8.17000e-01
6.91000e+03 8.53000e-01
6.92000e+03 8.73000e-01
6.93000e+03 8.88000e-01
6.94000e+03 8.95000e-01
6.95000e+03 9.03000e-01
6.96000e+03 9.03000e-01
6.97000e+03 9.12000e-01
6.98000e+03 9.11000e-01
6.99000e+03 9.05000e-01
7.00000e+03 9.04000e-01
7.01000e+03 9.02000e-01
7.02000e+03 9.03000e-01
7.03000e+03 9.04000e-01
7.04000e+03 9.08000e-01
7.05000e+03 9.11000e-01
7.06000e+03 9.14000e-01
7.07000e+03 9.16000e-01
7.08000e+03 9.17000e-01
7.09000e+03 9.19000e-01
7.10000e+03 9.18000e-01
7.11000e+03 9.17000e-01
7.12000e+03 9.16000e-01
7.13000e+03 9.14000e-01
7.14000e+03 9.12000e-01
7.15000e+03 9.10000e-01
7.16000e+03 9.08000e-01
7.17000e+03 8.91000e-01
7.18000e+03 8.79000e-01
7.19000e+03 8.62000e-01
7.20000e+03 8.72000e-01
7.21000e+03 8.90000e-01
7.22000e+03 9.14000e-01
7.23000e+03 8.98000e-01
7.24000e+03 8.86000e-01
7.25000e+03 8.85000e-01
7.26000e+03 8.94000e-01
7.27000e+03 8.87000e-01
7.28000e+03 8.87000e-01
7.29000e+03 8.88000e-01
7.30000e+03 8.99000e-01
7.31000e+03 8.89000e-01
7.32000e+03 9.00000e-01
7.33000e+03 9.08000e-01
7.34000e+03 9.10000e-01
7.35000e+03 9.12000e-01
7.36000e+03 9.15000e-01
7.37000e+03 9.16000e-01
7.38000e+03 9.21000e-01
7.39000e+03 9.20000e-01
7.40000e+03 9.22000e-01
7.41000e+03 9.22000e-01
7.42000e+03 9.22000e-01
7.43000e+03 9.21000e-01
7.44000e+03 9.20000e-01
7.45000e+03 9.20000e-01
7.46000e+03 9.20000e-01
7.47000e+03 9.20000e-01
7.48000e+03 9.21000e-01
7.49000e+03 9.22000e-01
7.50000e+03 9.23000e-01
7.51000e+03 9.24000e-01
7.52000e+03 9.24000e-01
7.53000e+03 9.25000e-01
7.54000e+03 9.25000e-01
7.55000e+03 9.25000e-01
7.56000e+03 9.26000e-01
7.57000e+03 9.25000e-01
7.58000e+03 9.25000e-01
7.59000e+03 9.23000e-01
7.60000e+03 4.38000e-01
7.61000e+03 3.56000e-01
7.62000e+03 7.03000e-01
7.63000e+03 4.89000e-01
7.64000e+03 6.02000e-01
7.65000e+03 6.84000e-01
7.66000e+03 7.78000e-01
7.67000e+03 8.32000e-01
7.68000e+03 8.83000e-01
7.69000e+03 8.93000e-01
7.70000e+03 9.06000e-01
7.71000e+03 9.10000e-01
7.72000e+03 9.10000e-01
7.73000e+03 9.09000e-01
7.74000e+03 9.10000e-01
7.75000e+03 9.11000e-01
7.76000e+03 9.13000e-01
7.77000e+03 9.15000e-01
7.78000e+03 9.17000e-01
7.79000e+03 9.18000e-01
7.80000e+03 9.19000e-01
7.81000e+03 9.19000e-01
7.82000e+03 9.18000e-01
7.83000e+03 9.17000e-01
7.84000e+03 9.15000e-01
7.85000e+03 9.13000e-01
7.86000e+03 9.11000e-01
7.87000e+03 9.08000e-01
7.88000e+03 9.06000e-01
7.89000e+03 9.05000e-01
7.90000e+03 9.04000e-01
7.91000e+03 9.07000e-01
7.92000e+03 9.08000e-01
7.93000e+03 9.09000e-01
7.94000e+03 9.13000e-01
7.95000e+03 9.15000e-01
7.96000e+03 9.12000e-01
7.97000e+03 9.14000e-01
7.98000e+03 9.16000e-01
7.99000e+03 9.14000e-01
8.00000e+03 9.11000e-01
8.01000e+03 9.07000e-01
8.02000e+03 9.03000e-01
8.03000e+03 9.00000e-01
8.04000e+03 8.95000e-01
8.05000e+03 8.84000e-01
8.06000e+03 8.68000e-01
8.07000e+03 8.40000e-01
8.08000e+03 8.04000e-01
8.09000e+03 7.58000e-01
8.10000e+03 7.04000e-01
8.11000e+03 6.44000e-01
8.12000e+03 5.78000e-01
8.13000e+03 5.12000e-01
8.14000e+03 4.42000e-01
8.15000e+03 3.84000e-01
8.16000e+03 3.25000e-01
8.17000e+03 2.80000e-01
8.18000e+03 2.38000e-01
8.19000e+03 2.06000e-01
8.20000e+03 1.72000e-01
8.21000e+03 1.49000e-01
8.22000e+03 1.23000e-01
8.23000e+03 9.40000e-02
8.24000e+03 8.20000e-02
8.25000e+03 6.60000e-02
8.26000e+03 5.30000e-02
8.27000e+03 4.20000e-02
8.28000e+03 3.30000e-02
8.29000e+03 2.70000e-02
8.30000e+03 2.10000e-02
8.31000e+03 1.70000e-02
8.32000e+03 1.40000e-02
8.33000e+03 1.20000e-02
8.34000e+03 1.00000e-02
8.35000e+03 8.00000e-03
8.36000e+03 7.00000e-03
8.37000e+03 6.00000e-03
8.38000e+03 6.00000e-03
8.39000e+03 5.00000e-03
8.40000e+03 4.00000e-03
8.41000e+03 4.00000e-03
8.42000e+03 4.00000e-03
8.43000e+03 4.00000e-03
8.44000e+03 3.00000e-03
8.45000e+03 3.00000e-03
8.46000e+03 3.00000e-03
8.47000e+03 3.00000e-03
8.48000e+03 2.00000e-03
8.49000e+03 2.00000e-03
8.50000e+03 2.00000e-03
8.51000e+03 2.00000e-03
8.52000e+03 1.00000e-03
