# Filter name : PAN-STARRS/PS1.open
# Description : PS1 open filter
# Photometric system : PAN-STARRS
# FilterType : photon
# Band name : ------
# Observatory : PAN-STARRS
# Instrument : PAN-STARRS
# Comments : Including the nominal 1.2 airmasses of the Pan-STARRS1 standard atmospheric extinction.
# 
3.80000e+03 9.60000e-02
3.81000e+03 9.90000e-02
3.82000e+03 1.03000e-01
3.83000e+03 1.06000e-01
3.84000e+03 1.10000e-01
3.85000e+03 1.13000e-01
3.86000e+03 1.17000e-01
3.87000e+03 1.21000e-01
3.88000e+03 1.25000e-01
3.89000e+03 1.29000e-01
3.90000e+03 1.33000e-01
3.91000e+03 1.37000e-01
3.92000e+03 1.42000e-01
3.93000e+03 1.46000e-01
3.94000e+03 1.51000e-01
3.95000e+03 1.56000e-01
3.96000e+03 1.61000e-01
3.97000e+03 1.66000e-01
3.98000e+03 1.71000e-01
3.99000e+03 1.76000e-01
4.00000e+03 1.82000e-01
4.01000e+03 1.88000e-01
4.02000e+03 1.94000e-01
4.03000e+03 1.99000e-01
4.04000e+03 2.05000e-01
4.05000e+03 2.10000e-01
4.06000e+03 2.17000e-01
4.07000e+03 2.23000e-01
4.08000e+03 2.28000e-01
4.09000e+03 2.35000e-01
4.10000e+03 2.42000e-01
4.11000e+03 2.48000e-01
4.12000e+03 2.54000e-01
4.13000e+03 2.61000e-01
4.14000e+03 2.68000e-01
4.15000e+03 2.76000e-01
4.16000e+03 2.84000e-01
4.17000e+03 2.91000e-01
4.18000e+03 2.98000e-01
4.19000e+03 3.05000e-01
4.20000e+03 3.12000e-01
4.21000e+03 3.18000e-01
4.22000e+03 3.24000e-01
4.23000e+03 3.31000e-01
4.24000e+03 3.38000e-01
4.25000e+03 3.44000e-01
4.26000e+03 3.51000e-01
4.27000e+03 3.56000e-01
4.28000e+03 3.62000e-01
4.29000e+03 3.68000e-01
4.30000e+03 3.74000e-01
4.31000e+03 3.80000e-01
4.32000e+03 3.86000e-01
4.33000e+03 3.92000e-01
4.34000e+03 3.98000e-01
4.35000e+03 4.03000e-01
4.36000e+03 4.09000e-01
4.37000e+03 4.15000e-01
4.38000e+03 4.20000e-01
4.39000e+03 4.25000e-01
4.40000e+03 4.30000e-01
4.41000e+03 4.36000e-01
4.42000e+03 4.42000e-01
4.43000e+03 4.47000e-01
4.44000e+03 4.51000e-01
4.45000e+03 4.55000e-01
4.46000e+03 4.60000e-01
4.47000e+03 4.65000e-01
4.48000e+03 4.70000e-01
4.49000e+03 4.74000e-01
4.50000e+03 4.78000e-01
4.51000e+03 4.82000e-01
4.52000e+03 4.86000e-01
4.53000e+03 4.90000e-01
4.54000e+03 4.93000e-01
4.55000e+03 4.97000e-01
4.56000e+03 5.00000e-01
4.57000e+03 5.03000e-01
4.58000e+03 5.06000e-01
4.59000e+03 5.09000e-01
4.60000e+03 5.12000e-01
4.61000e+03 5.14000e-01
4.62000e+03 5.17000e-01
4.63000e+03 5.20000e-01
4.64000e+03 5.21000e-01
4.65000e+03 5.25000e-01
4.66000e+03 5.28000e-01
4.67000e+03 5.30000e-01
4.68000e+03 5.32000e-01
4.69000e+03 5.34000e-01
4.70000e+03 5.37000e-01
4.71000e+03 5.39000e-01
4.72000e+03 5.41000e-01
4.73000e+03 5.42000e-01
4.74000e+03 5.43000e-01
4.75000e+03 5.44000e-01
4.76000e+03 5.45000e-01
4.77000e+03 5.47000e-01
4.78000e+03 5.48000e-01
4.79000e+03 5.50000e-01
4.80000e+03 5.52000e-01
4.81000e+03 5.54000e-01
4.82000e+03 5.55000e-01
4.83000e+03 5.57000e-01
4.84000e+03 5.58000e-01
4.85000e+03 5.59000e-01
4.86000e+03 5.61000e-01
4.87000e+03 5.62000e-01
4.88000e+03 5.64000e-01
4.89000e+03 5.65000e-01
4.90000e+03 5.67000e-01
4.91000e+03 5.68000e-01
4.92000e+03 5.70000e-01
4.93000e+03 5.72000e-01
4.94000e+03 5.74000e-01
4.95000e+03 5.75000e-01
4.96000e+03 5.77000e-01
4.97000e+03 5.79000e-01
4.98000e+03 5.81000e-01
4.99000e+03 5.82000e-01
5.00000e+03 5.82000e-01
5.01000e+03 5.83000e-01
5.02000e+03 5.84000e-01
5.03000e+03 5.85000e-01
5.04000e+03 5.87000e-01
5.05000e+03 5.89000e-01
5.06000e+03 5.91000e-01
5.07000e+03 5.94000e-01
5.08000e+03 5.96000e-01
5.09000e+03 5.98000e-01
5.10000e+03 6.01000e-01
5.11000e+03 6.02000e-01
5.12000e+03 6.04000e-01
5.13000e+03 6.05000e-01
5.14000e+03 6.07000e-01
5.15000e+03 6.09000e-01
5.16000e+03 6.11000e-01
5.17000e+03 6.13000e-01
5.18000e+03 6.15000e-01
5.19000e+03 6.16000e-01
5.20000e+03 6.17000e-01
5.21000e+03 6.18000e-01
5.22000e+03 6.20000e-01
5.23000e+03 6.22000e-01
5.24000e+03 6.24000e-01
5.25000e+03 6.26000e-01
5.26000e+03 6.27000e-01
5.27000e+03 6.29000e-01
5.28000e+03 6.30000e-01
5.29000e+03 6.32000e-01
5.30000e+03 6.34000e-01
5.31000e+03 6.35000e-01
5.32000e+03 6.37000e-01
5.33000e+03 6.40000e-01
5.34000e+03 6.43000e-01
5.35000e+03 6.45000e-01
5.36000e+03 6.47000e-01
5.37000e+03 6.49000e-01
5.38000e+03 6.51000e-01
5.39000e+03 6.53000e-01
5.40000e+03 6.54000e-01
5.41000e+03 6.56000e-01
5.42000e+03 6.59000e-01
5.43000e+03 6.61000e-01
5.44000e+03 6.63000e-01
5.45000e+03 6.67000e-01
5.46000e+03 6.70000e-01
5.47000e+03 6.71000e-01
5.48000e+03 6.72000e-01
5.49000e+03 6.73000e-01
5.50000e+03 6.75000e-01
5.51000e+03 6.78000e-01
5.52000e+03 6.82000e-01
5.53000e+03 6.85000e-01
5.54000e+03 6.88000e-01
5.55000e+03 6.89000e-01
5.56000e+03 6.90000e-01
5.57000e+03 6.91000e-01
5.58000e+03 6.91000e-01
5.59000e+03 6.93000e-01
5.60000e+03 6.95000e-01
5.61000e+03 6.97000e-01
5.62000e+03 6.99000e-01
5.63000e+03 7.01000e-01
5.64000e+03 7.03000e-01
5.65000e+03 7.05000e-01
5.66000e+03 7.07000e-01
5.67000e+03 7.09000e-01
5.68000e+03 7.10000e-01
5.69000e+03 7.12000e-01
5.70000e+03 7.14000e-01
5.71000e+03 7.16000e-01
5.72000e+03 7.17000e-01
5.73000e+03 7.18000e-01
5.74000e+03 7.19000e-01
5.75000e+03 7.21000e-01
5.76000e+03 7.24000e-01
5.77000e+03 7.26000e-01
5.78000e+03 7.29000e-01
5.79000e+03 7.32000e-01
5.80000e+03 7.35000e-01
5.81000e+03 7.38000e-01
5.82000e+03 7.41000e-01
5.83000e+03 7.44000e-01
5.84000e+03 7.46000e-01
5.85000e+03 7.48000e-01
5.86000e+03 7.50000e-01
5.87000e+03 7.52000e-01
5.88000e+03 7.54000e-01
5.89000e+03 7.52000e-01
5.90000e+03 7.54000e-01
5.91000e+03 7.58000e-01
5.92000e+03 7.59000e-01
5.93000e+03 7.62000e-01
5.94000e+03 7.64000e-01
5.95000e+03 7.66000e-01
5.96000e+03 7.69000e-01
5.97000e+03 7.70000e-01
5.98000e+03 7.72000e-01
5.99000e+03 7.74000e-01
6.00000e+03 7.76000e-01
6.01000e+03 7.78000e-01
6.02000e+03 7.79000e-01
6.03000e+03 7.81000e-01
6.04000e+03 7.84000e-01
6.05000e+03 7.86000e-01
6.06000e+03 7.88000e-01
6.07000e+03 7.90000e-01
6.08000e+03 7.92000e-01
6.09000e+03 7.95000e-01
6.10000e+03 7.97000e-01
6.11000e+03 7.99000e-01
6.12000e+03 8.01000e-01
6.13000e+03 8.04000e-01
6.14000e+03 8.06000e-01
6.15000e+03 8.07000e-01
6.16000e+03 8.08000e-01
6.17000e+03 8.10000e-01
6.18000e+03 8.12000e-01
6.19000e+03 8.14000e-01
6.20000e+03 8.17000e-01
6.21000e+03 8.20000e-01
6.22000e+03 8.23000e-01
6.23000e+03 8.24000e-01
6.24000e+03 8.25000e-01
6.25000e+03 8.25000e-01
6.26000e+03 8.26000e-01
6.27000e+03 8.28000e-01
6.28000e+03 8.08000e-01
6.29000e+03 8.23000e-01
6.30000e+03 8.23000e-01
6.31000e+03 8.32000e-01
6.32000e+03 8.36000e-01
6.33000e+03 8.40000e-01
6.34000e+03 8.43000e-01
6.35000e+03 8.45000e-01
6.36000e+03 8.47000e-01
6.37000e+03 8.50000e-01
6.38000e+03 8.52000e-01
6.39000e+03 8.55000e-01
6.40000e+03 8.57000e-01
6.41000e+03 8.59000e-01
6.42000e+03 8.60000e-01
6.43000e+03 8.62000e-01
6.44000e+03 8.65000e-01
6.45000e+03 8.66000e-01
6.46000e+03 8.66000e-01
6.47000e+03 8.67000e-01
6.48000e+03 8.67000e-01
6.49000e+03 8.69000e-01
6.50000e+03 8.73000e-01
6.51000e+03 8.75000e-01
6.52000e+03 8.74000e-01
6.53000e+03 8.79000e-01
6.54000e+03 8.81000e-01
6.55000e+03 8.80000e-01
6.56000e+03 8.82000e-01
6.57000e+03 8.83000e-01
6.58000e+03 8.85000e-01
6.59000e+03 8.87000e-01
6.60000e+03 8.89000e-01
6.61000e+03 8.92000e-01
6.62000e+03 8.94000e-01
6.63000e+03 8.95000e-01
6.64000e+03 8.96000e-01
6.65000e+03 8.97000e-01
6.66000e+03 8.98000e-01
6.67000e+03 8.99000e-01
6.68000e+03 9.00000e-01
6.69000e+03 9.02000e-01
6.70000e+03 9.03000e-01
6.71000e+03 9.04000e-01
6.72000e+03 9.06000e-01
6.73000e+03 9.06000e-01
6.74000e+03 9.07000e-01
6.75000e+03 9.08000e-01
6.76000e+03 9.10000e-01
6.77000e+03 9.11000e-01
6.78000e+03 9.12000e-01
6.79000e+03 9.14000e-01
6.80000e+03 9.16000e-01
6.81000e+03 9.17000e-01
6.82000e+03 9.18000e-01
6.83000e+03 9.19000e-01
6.84000e+03 9.20000e-01
6.85000e+03 9.21000e-01
6.86000e+03 9.21000e-01
6.87000e+03 7.50000e-01
6.88000e+03 8.13000e-01
6.89000e+03 8.25000e-01
6.90000e+03 8.35000e-01
6.91000e+03 8.70000e-01
6.92000e+03 8.88000e-01
6.93000e+03 9.01000e-01
6.94000e+03 9.08000e-01
6.95000e+03 9.17000e-01
6.96000e+03 9.18000e-01
6.97000e+03 9.29000e-01
6.98000e+03 9.30000e-01
6.99000e+03 9.26000e-01
7.00000e+03 9.26000e-01
7.01000e+03 9.25000e-01
7.02000e+03 9.26000e-01
7.03000e+03 9.26000e-01
7.04000e+03 9.30000e-01
7.05000e+03 9.31000e-01
7.06000e+03 9.34000e-01
7.07000e+03 9.35000e-01
7.08000e+03 9.36000e-01
7.09000e+03 9.37000e-01
7.10000e+03 9.37000e-01
7.11000e+03 9.38000e-01
7.12000e+03 9.39000e-01
7.13000e+03 9.38000e-01
7.14000e+03 9.38000e-01
7.15000e+03 9.36000e-01
7.16000e+03 9.35000e-01
7.17000e+03 9.17000e-01
7.18000e+03 9.04000e-01
7.19000e+03 8.85000e-01
7.20000e+03 8.94000e-01
7.21000e+03 9.12000e-01
7.22000e+03 9.36000e-01
7.23000e+03 9.20000e-01
7.24000e+03 9.06000e-01
7.25000e+03 9.07000e-01
7.26000e+03 9.17000e-01
7.27000e+03 9.10000e-01
7.28000e+03 9.11000e-01
7.29000e+03 9.14000e-01
7.30000e+03 9.25000e-01
7.31000e+03 9.16000e-01
7.32000e+03 9.27000e-01
7.33000e+03 9.35000e-01
7.34000e+03 9.37000e-01
7.35000e+03 9.38000e-01
7.36000e+03 9.39000e-01
7.37000e+03 9.40000e-01
7.38000e+03 9.44000e-01
7.39000e+03 9.43000e-01
7.40000e+03 9.44000e-01
7.41000e+03 9.44000e-01
7.42000e+03 9.45000e-01
7.43000e+03 9.44000e-01
7.44000e+03 9.44000e-01
7.45000e+03 9.44000e-01
7.46000e+03 9.45000e-01
7.47000e+03 9.45000e-01
7.48000e+03 9.46000e-01
7.49000e+03 9.47000e-01
7.50000e+03 9.48000e-01
7.51000e+03 9.48000e-01
7.52000e+03 9.49000e-01
7.53000e+03 9.49000e-01
7.54000e+03 9.48000e-01
7.55000e+03 9.48000e-01
7.56000e+03 9.48000e-01
7.57000e+03 9.47000e-01
7.58000e+03 9.46000e-01
7.59000e+03 9.43000e-01
7.60000e+03 4.48000e-01
7.61000e+03 3.64000e-01
7.62000e+03 7.19000e-01
7.63000e+03 5.01000e-01
7.64000e+03 6.17000e-01
7.65000e+03 7.02000e-01
7.66000e+03 8.00000e-01
7.67000e+03 8.57000e-01
7.68000e+03 9.11000e-01
7.69000e+03 9.23000e-01
7.70000e+03 9.38000e-01
7.71000e+03 9.43000e-01
7.72000e+03 9.44000e-01
7.73000e+03 9.43000e-01
7.74000e+03 9.42000e-01
7.75000e+03 9.42000e-01
7.76000e+03 9.43000e-01
7.77000e+03 9.43000e-01
7.78000e+03 9.43000e-01
7.79000e+03 9.43000e-01
7.80000e+03 9.43000e-01
7.81000e+03 9.42000e-01
7.82000e+03 9.42000e-01
7.83000e+03 9.42000e-01
7.84000e+03 9.41000e-01
7.85000e+03 9.40000e-01
7.86000e+03 9.39000e-01
7.87000e+03 9.37000e-01
7.88000e+03 9.37000e-01
7.89000e+03 9.36000e-01
7.90000e+03 9.33000e-01
7.91000e+03 9.34000e-01
7.92000e+03 9.34000e-01
7.93000e+03 9.33000e-01
7.94000e+03 9.36000e-01
7.95000e+03 9.37000e-01
7.96000e+03 9.33000e-01
7.97000e+03 9.35000e-01
7.98000e+03 9.38000e-01
7.99000e+03 9.36000e-01
8.00000e+03 9.33000e-01
8.01000e+03 9.31000e-01
8.02000e+03 9.30000e-01
8.03000e+03 9.30000e-01
8.04000e+03 9.32000e-01
8.05000e+03 9.33000e-01
8.06000e+03 9.35000e-01
8.07000e+03 9.34000e-01
8.08000e+03 9.34000e-01
8.09000e+03 9.32000e-01
8.10000e+03 9.30000e-01
8.11000e+03 9.30000e-01
8.12000e+03 9.25000e-01
8.13000e+03 9.20000e-01
8.14000e+03 9.04000e-01
8.15000e+03 9.02000e-01
8.16000e+03 8.85000e-01
8.17000e+03 8.87000e-01
8.18000e+03 8.83000e-01
8.19000e+03 9.02000e-01
8.20000e+03 8.92000e-01
8.21000e+03 9.21000e-01
8.22000e+03 9.16000e-01
8.23000e+03 8.51000e-01
8.24000e+03 9.13000e-01
8.25000e+03 9.14000e-01
8.26000e+03 9.07000e-01
8.27000e+03 9.16000e-01
8.28000e+03 8.87000e-01
8.29000e+03 9.06000e-01
8.30000e+03 9.04000e-01
8.31000e+03 9.04000e-01
8.32000e+03 8.95000e-01
8.33000e+03 9.15000e-01
8.34000e+03 9.09000e-01
8.35000e+03 9.19000e-01
8.36000e+03 9.15000e-01
8.37000e+03 9.21000e-01
8.38000e+03 9.20000e-01
8.39000e+03 9.20000e-01
8.40000e+03 9.20000e-01
8.41000e+03 9.18000e-01
8.42000e+03 9.17000e-01
8.43000e+03 9.17000e-01
8.44000e+03 9.15000e-01
8.45000e+03 9.15000e-01
8.46000e+03 9.14000e-01
8.47000e+03 9.13000e-01
8.48000e+03 9.11000e-01
8.49000e+03 9.11000e-01
8.50000e+03 9.10000e-01
8.51000e+03 9.09000e-01
8.52000e+03 9.09000e-01
8.53000e+03 9.09000e-01
8.54000e+03 9.08000e-01
8.55000e+03 9.07000e-01
8.56000e+03 9.06000e-01
8.57000e+03 9.04000e-01
8.58000e+03 9.02000e-01
8.59000e+03 9.01000e-01
8.60000e+03 9.00000e-01
8.61000e+03 9.00000e-01
8.62000e+03 8.99000e-01
8.63000e+03 8.98000e-01
8.64000e+03 8.97000e-01
8.65000e+03 8.96000e-01
8.66000e+03 8.96000e-01
8.67000e+03 8.95000e-01
8.68000e+03 8.93000e-01
8.69000e+03 8.92000e-01
8.70000e+03 8.91000e-01
8.71000e+03 8.89000e-01
8.72000e+03 8.87000e-01
8.73000e+03 8.85000e-01
8.74000e+03 8.83000e-01
8.75000e+03 8.81000e-01
8.76000e+03 8.78000e-01
8.77000e+03 8.77000e-01
8.78000e+03 8.74000e-01
8.79000e+03 8.72000e-01
8.80000e+03 8.69000e-01
8.81000e+03 8.66000e-01
8.82000e+03 8.63000e-01
8.83000e+03 8.61000e-01
8.84000e+03 8.59000e-01
8.85000e+03 8.57000e-01
8.86000e+03 8.54000e-01
8.87000e+03 8.51000e-01
8.88000e+03 8.46000e-01
8.89000e+03 8.44000e-01
8.90000e+03 8.39000e-01
8.91000e+03 8.38000e-01
8.92000e+03 8.36000e-01
8.93000e+03 8.30000e-01
8.94000e+03 8.25000e-01
8.95000e+03 8.17000e-01
8.96000e+03 8.01000e-01
8.97000e+03 7.78000e-01
8.98000e+03 7.86000e-01
8.99000e+03 7.29000e-01
9.00000e+03 7.83000e-01
9.01000e+03 7.60000e-01
9.02000e+03 7.73000e-01
9.03000e+03 7.52000e-01
9.04000e+03 7.93000e-01
9.05000e+03 7.85000e-01
9.06000e+03 7.70000e-01
9.07000e+03 7.38000e-01
9.08000e+03 7.38000e-01
9.09000e+03 7.44000e-01
9.10000e+03 7.31000e-01
9.11000e+03 7.40000e-01
9.12000e+03 7.31000e-01
9.13000e+03 7.20000e-01
9.14000e+03 7.11000e-01
9.15000e+03 7.23000e-01
9.16000e+03 6.94000e-01
9.17000e+03 7.25000e-01
9.18000e+03 6.86000e-01
9.19000e+03 7.11000e-01
9.20000e+03 7.05000e-01
9.21000e+03 7.11000e-01
9.22000e+03 6.93000e-01
9.23000e+03 6.99000e-01
9.24000e+03 6.87000e-01
9.25000e+03 6.77000e-01
9.26000e+03 6.75000e-01
9.27000e+03 6.79000e-01
9.28000e+03 6.42000e-01
9.29000e+03 6.35000e-01
9.30000e+03 5.95000e-01
9.31000e+03 5.62000e-01
9.32000e+03 5.16000e-01
9.33000e+03 4.99000e-01
9.34000e+03 4.45000e-01
9.35000e+03 4.73000e-01
9.36000e+03 4.09000e-01
9.37000e+03 4.42000e-01
9.38000e+03 4.47000e-01
9.39000e+03 5.20000e-01
9.40000e+03 5.36000e-01
9.41000e+03 5.04000e-01
9.42000e+03 5.05000e-01
9.43000e+03 4.37000e-01
9.44000e+03 4.25000e-01
9.45000e+03 4.78000e-01
9.46000e+03 3.93000e-01
9.47000e+03 4.68000e-01
9.48000e+03 4.12000e-01
9.49000e+03 4.98000e-01
9.50000e+03 3.58000e-01
9.51000e+03 4.93000e-01
9.52000e+03 3.97000e-01
9.53000e+03 4.35000e-01
9.54000e+03 4.48000e-01
9.55000e+03 4.26000e-01
9.56000e+03 4.15000e-01
9.57000e+03 4.00000e-01
9.58000e+03 4.25000e-01
9.59000e+03 4.09000e-01
9.60000e+03 4.14000e-01
9.61000e+03 4.14000e-01
9.62000e+03 4.07000e-01
9.63000e+03 4.12000e-01
9.64000e+03 3.99000e-01
9.65000e+03 3.99000e-01
9.66000e+03 3.94000e-01
9.67000e+03 3.93000e-01
9.68000e+03 4.00000e-01
9.69000e+03 4.02000e-01
9.70000e+03 3.90000e-01
9.71000e+03 3.91000e-01
9.72000e+03 3.79000e-01
9.73000e+03 3.68000e-01
9.74000e+03 3.58000e-01
9.75000e+03 3.49000e-01
9.76000e+03 3.45000e-01
9.77000e+03 3.43000e-01
9.78000e+03 3.35000e-01
9.79000e+03 3.34000e-01
9.80000e+03 3.23000e-01
9.81000e+03 3.25000e-01
9.82000e+03 3.18000e-01
9.83000e+03 3.08000e-01
9.84000e+03 3.07000e-01
9.85000e+03 2.98000e-01
9.86000e+03 2.95000e-01
9.87000e+03 2.87000e-01
9.88000e+03 2.78000e-01
9.89000e+03 2.72000e-01
9.90000e+03 2.64000e-01
9.91000e+03 2.59000e-01
9.92000e+03 2.53000e-01
9.93000e+03 2.46000e-01
9.94000e+03 2.41000e-01
9.95000e+03 2.35000e-01
9.96000e+03 2.29000e-01
9.97000e+03 2.24000e-01
9.98000e+03 2.18000e-01
9.99000e+03 2.13000e-01
1.00000e+04 2.08000e-01
1.00100e+04 2.03000e-01
1.00200e+04 1.97000e-01
1.00300e+04 1.92000e-01
1.00400e+04 1.86000e-01
1.00500e+04 1.81000e-01
1.00600e+04 1.76000e-01
1.00700e+04 1.71000e-01
1.00800e+04 1.65000e-01
1.00900e+04 1.60000e-01
1.01000e+04 1.55000e-01
1.01100e+04 1.49000e-01
1.01200e+04 1.43000e-01
1.01300e+04 1.38000e-01
1.01400e+04 1.33000e-01
1.01500e+04 1.29000e-01
1.01600e+04 1.26000e-01
1.01700e+04 1.22000e-01
1.01800e+04 1.18000e-01
1.01900e+04 1.13000e-01
1.02000e+04 1.08000e-01
1.02100e+04 1.03000e-01
1.02200e+04 9.80000e-02
1.02300e+04 9.50000e-02
1.02400e+04 9.20000e-02
1.02500e+04 8.90000e-02
1.02600e+04 8.50000e-02
1.02700e+04 8.20000e-02
1.02800e+04 7.90000e-02
1.02900e+04 7.60000e-02
1.03000e+04 7.20000e-02
1.03100e+04 6.80000e-02
1.03200e+04 6.50000e-02
1.03300e+04 6.10000e-02
1.03400e+04 5.80000e-02
1.03500e+04 5.60000e-02
1.03600e+04 5.30000e-02
1.03700e+04 5.10000e-02
1.03800e+04 4.90000e-02
1.03900e+04 4.60000e-02
1.04000e+04 4.40000e-02
1.04100e+04 4.20000e-02
1.04200e+04 4.00000e-02
1.04300e+04 3.80000e-02
1.04400e+04 3.70000e-02
1.04500e+04 3.60000e-02
1.04600e+04 3.50000e-02
1.04700e+04 3.40000e-02
1.04800e+04 3.20000e-02
1.04900e+04 3.10000e-02
1.05000e+04 2.90000e-02
1.05100e+04 2.80000e-02
1.05200e+04 2.70000e-02
1.05300e+04 2.60000e-02
1.05400e+04 2.50000e-02
1.05500e+04 2.40000e-02
1.05600e+04 2.30000e-02
1.05700e+04 2.20000e-02
1.05800e+04 2.20000e-02
1.05900e+04 2.00000e-02
1.06000e+04 1.90000e-02
1.06100e+04 1.80000e-02
1.06200e+04 1.70000e-02
1.06300e+04 1.70000e-02
1.06400e+04 1.60000e-02
1.06500e+04 1.50000e-02
1.06600e+04 1.50000e-02
1.06700e+04 1.40000e-02
1.06800e+04 1.40000e-02
1.06900e+04 1.30000e-02
1.07000e+04 1.20000e-02
1.07100e+04 1.20000e-02
1.07200e+04 1.10000e-02
1.07300e+04 1.10000e-02
1.07400e+04 1.10000e-02
1.07500e+04 1.00000e-02
1.07600e+04 9.00000e-03
1.07700e+04 9.00000e-03
1.07800e+04 8.00000e-03
1.07900e+04 8.00000e-03
1.08000e+04 8.00000e-03
1.08100e+04 7.00000e-03
1.08200e+04 7.00000e-03
1.08300e+04 7.00000e-03
1.08400e+04 6.00000e-03
1.08500e+04 6.00000e-03
1.08600e+04 6.00000e-03
1.08700e+04 6.00000e-03
1.08800e+04 6.00000e-03
1.08900e+04 5.00000e-03
1.09000e+04 5.00000e-03
1.09100e+04 5.00000e-03
1.09200e+04 4.00000e-03
1.09300e+04 4.00000e-03
1.09400e+04 4.00000e-03
1.09500e+04 4.00000e-03
1.09600e+04 3.00000e-03
1.09700e+04 3.00000e-03
1.09800e+04 3.00000e-03
1.09900e+04 3.00000e-03
1.10000e+04 3.00000e-03
