# Filter name : PAN-STARRS/PS1.r
# Description : PS1 r filter
# Photometric system : PAN-STARRS
# FilterType : photon
# Band name : ------
# Observatory : PAN-STARRS
# Instrument : PAN-STARRS
# Comments : Including the nominal 1.2 airmasses of the Pan-STARRS1 standard atmospheric extinction.
# 
5.33000e+03 1.00000e-03
5.34000e+03 2.00000e-03
5.35000e+03 2.00000e-03
5.36000e+03 3.00000e-03
5.37000e+03 4.00000e-03
5.38000e+03 5.00000e-03
5.39000e+03 8.00000e-03
5.40000e+03 1.10000e-02
5.41000e+03 1.70000e-02
5.42000e+03 2.60000e-02
5.43000e+03 4.00000e-02
5.44000e+03 6.20000e-02
5.45000e+03 9.30000e-02
5.46000e+03 1.34000e-01
5.47000e+03 1.84000e-01
5.48000e+03 2.42000e-01
5.49000e+03 3.05000e-01
5.50000e+03 3.67000e-01
5.51000e+03 4.23000e-01
5.52000e+03 4.69000e-01
5.53000e+03 5.04000e-01
5.54000e+03 5.28000e-01
5.55000e+03 5.44000e-01
5.56000e+03 5.56000e-01
5.57000e+03 5.65000e-01
5.58000e+03 5.70000e-01
5.59000e+03 5.75000e-01
5.60000e+03 5.78000e-01
5.61000e+03 5.82000e-01
5.62000e+03 5.84000e-01
5.63000e+03 5.86000e-01
5.64000e+03 5.88000e-01
5.65000e+03 5.90000e-01
5.66000e+03 5.91000e-01
5.67000e+03 5.92000e-01
5.68000e+03 5.92000e-01
5.69000e+03 5.91000e-01
5.70000e+03 5.91000e-01
5.71000e+03 5.89000e-01
5.72000e+03 5.86000e-01
5.73000e+03 5.83000e-01
5.74000e+03 5.81000e-01
5.75000e+03 5.82000e-01
5.76000e+03 5.86000e-01
5.77000e+03 5.92000e-01
5.78000e+03 5.99000e-01
5.79000e+03 6.06000e-01
5.80000e+03 6.12000e-01
5.81000e+03 6.15000e-01
5.82000e+03 6.17000e-01
5.83000e+03 6.17000e-01
5.84000e+03 6.16000e-01
5.85000e+03 6.14000e-01
5.86000e+03 6.11000e-01
5.87000e+03 6.09000e-01
5.88000e+03 6.09000e-01
5.89000e+03 6.10000e-01
5.90000e+03 6.15000e-01
5.91000e+03 6.21000e-01
5.92000e+03 6.23000e-01
5.93000e+03 6.23000e-01
5.94000e+03 6.21000e-01
5.95000e+03 6.21000e-01
5.96000e+03 6.24000e-01
5.97000e+03 6.28000e-01
5.98000e+03 6.33000e-01
5.99000e+03 6.38000e-01
6.00000e+03 6.41000e-01
6.01000e+03 6.42000e-01
6.02000e+03 6.44000e-01
6.03000e+03 6.47000e-01
6.04000e+03 6.49000e-01
6.05000e+03 6.51000e-01
6.06000e+03 6.52000e-01
6.07000e+03 6.53000e-01
6.08000e+03 6.54000e-01
6.09000e+03 6.55000e-01
6.10000e+03 6.55000e-01
6.11000e+03 6.56000e-01
6.12000e+03 6.56000e-01
6.13000e+03 6.57000e-01
6.14000e+03 6.56000e-01
6.15000e+03 6.53000e-01
6.16000e+03 6.48000e-01
6.17000e+03 6.43000e-01
6.18000e+03 6.40000e-01
6.19000e+03 6.40000e-01
6.20000e+03 6.42000e-01
6.21000e+03 6.45000e-01
6.22000e+03 6.48000e-01
6.23000e+03 6.47000e-01
6.24000e+03 6.46000e-01
6.25000e+03 6.46000e-01
6.26000e+03 6.48000e-01
6.27000e+03 6.52000e-01
6.28000e+03 6.41000e-01
6.29000e+03 6.55000e-01
6.30000e+03 6.57000e-01
6.31000e+03 6.62000e-01
6.32000e+03 6.62000e-01
6.33000e+03 6.60000e-01
6.34000e+03 6.60000e-01
6.35000e+03 6.60000e-01
6.36000e+03 6.63000e-01
6.37000e+03 6.68000e-01
6.38000e+03 6.73000e-01
6.39000e+03 6.78000e-01
6.40000e+03 6.81000e-01
6.41000e+03 6.84000e-01
6.42000e+03 6.85000e-01
6.43000e+03 6.86000e-01
6.44000e+03 6.87000e-01
6.45000e+03 6.86000e-01
6.46000e+03 6.85000e-01
6.47000e+03 6.84000e-01
6.48000e+03 6.83000e-01
6.49000e+03 6.83000e-01
6.50000e+03 6.85000e-01
6.51000e+03 6.86000e-01
6.52000e+03 6.84000e-01
6.53000e+03 6.86000e-01
6.54000e+03 6.87000e-01
6.55000e+03 6.84000e-01
6.56000e+03 6.84000e-01
6.57000e+03 6.82000e-01
6.58000e+03 6.82000e-01
6.59000e+03 6.81000e-01
6.60000e+03 6.79000e-01
6.61000e+03 6.77000e-01
6.62000e+03 6.75000e-01
6.63000e+03 6.72000e-01
6.64000e+03 6.69000e-01
6.65000e+03 6.66000e-01
6.66000e+03 6.64000e-01
6.67000e+03 6.63000e-01
6.68000e+03 6.63000e-01
6.69000e+03 6.63000e-01
6.70000e+03 6.63000e-01
6.71000e+03 6.62000e-01
6.72000e+03 6.62000e-01
6.73000e+03 6.60000e-01
6.74000e+03 6.58000e-01
6.75000e+03 6.55000e-01
6.76000e+03 6.52000e-01
6.77000e+03 6.49000e-01
6.78000e+03 6.44000e-01
6.79000e+03 6.39000e-01
6.80000e+03 6.33000e-01
6.81000e+03 6.26000e-01
6.82000e+03 6.17000e-01
6.83000e+03 6.08000e-01
6.84000e+03 5.95000e-01
6.85000e+03 5.79000e-01
6.86000e+03 5.56000e-01
6.87000e+03 4.27000e-01
6.88000e+03 4.28000e-01
6.89000e+03 3.91000e-01
6.90000e+03 3.46000e-01
6.91000e+03 3.05000e-01
6.92000e+03 2.55000e-01
6.93000e+03 2.04000e-01
6.94000e+03 1.56000e-01
6.95000e+03 1.16000e-01
6.96000e+03 8.40000e-02
6.97000e+03 6.00000e-02
6.98000e+03 4.20000e-02
6.99000e+03 2.90000e-02
7.00000e+03 2.10000e-02
7.01000e+03 1.50000e-02
7.02000e+03 1.10000e-02
7.03000e+03 8.00000e-03
7.04000e+03 6.00000e-03
7.05000e+03 5.00000e-03
7.06000e+03 4.00000e-03
7.07000e+03 3.00000e-03
7.08000e+03 2.00000e-03
7.09000e+03 2.00000e-03
7.10000e+03 1.00000e-03
