# Filter name : UKIRT/WFCAM.H
# Description : WFCAM H filter (total transmission)
# Photometric system : WFCAM
# FilterType : photon
# Band name : H
# Observatory : UKIRT
# Instrument : WFCAM
# Comments : WFCAM H filter used for UKIDSS survey.  Total transmission including correction for the wavelength shifts induced by cooling to operating temperature (120K) the 10-degree angle of incidence of the beam on the filter, quantum efficiency and the effect of 1.0mm water vapour, 1.3 airmass. 
# 
1.44900e+04 4.10000e-03
1.44950e+04 4.20000e-03
1.45000e+04 3.50000e-03
1.45050e+04 2.20000e-03
1.45100e+04 2.80000e-03
1.45150e+04 4.90000e-03
1.45200e+04 4.50000e-03
1.45250e+04 5.30000e-03
1.45300e+04 4.30000e-03
1.45350e+04 6.00000e-03
1.45400e+04 6.30000e-03
1.45450e+04 6.10000e-03
1.45500e+04 6.20000e-03
1.45550e+04 5.00000e-03
1.45600e+04 7.20000e-03
1.45650e+04 7.70000e-03
1.45700e+04 7.50000e-03
1.45750e+04 7.70000e-03
1.45800e+04 8.40000e-03
1.45850e+04 9.10000e-03
1.45900e+04 9.60000e-03
1.45950e+04 1.00000e-02
1.46000e+04 9.90000e-03
1.46050e+04 8.20000e-03
1.46100e+04 1.09000e-02
1.46150e+04 1.06000e-02
1.46200e+04 1.23000e-02
1.46250e+04 1.27000e-02
1.46300e+04 1.03000e-02
1.46350e+04 1.22000e-02
1.46400e+04 1.41000e-02
1.46450e+04 1.57000e-02
1.46500e+04 1.32000e-02
1.46550e+04 1.38000e-02
1.46600e+04 1.37000e-02
1.46650e+04 1.37000e-02
1.46700e+04 1.32000e-02
1.46750e+04 1.88000e-02
1.46800e+04 1.81000e-02
1.46850e+04 2.14000e-02
1.46900e+04 2.21000e-02
1.46950e+04 1.60000e-02
1.47000e+04 2.35000e-02
1.47050e+04 1.86000e-02
1.47100e+04 1.64000e-02
1.47150e+04 2.64000e-02
1.47200e+04 2.76000e-02
1.47250e+04 1.76000e-02
1.47300e+04 3.03000e-02
1.47350e+04 3.11000e-02
1.47400e+04 3.22000e-02
1.47450e+04 3.75000e-02
1.47500e+04 3.95000e-02
1.47550e+04 3.83000e-02
1.47600e+04 3.20000e-02
1.47650e+04 4.38000e-02
1.47700e+04 3.51000e-02
1.47750e+04 4.63000e-02
1.47800e+04 3.42000e-02
1.47850e+04 5.25000e-02
1.47900e+04 5.15000e-02
1.47950e+04 4.19000e-02
1.48000e+04 5.47000e-02
1.48050e+04 4.21000e-02
1.48100e+04 6.36000e-02
1.48150e+04 5.94000e-02
1.48200e+04 5.57000e-02
1.48250e+04 7.13000e-02
1.48300e+04 7.29000e-02
1.48350e+04 7.73000e-02
1.48400e+04 8.03000e-02
1.48450e+04 6.78000e-02
1.48500e+04 8.67000e-02
1.48550e+04 8.39000e-02
1.48600e+04 8.99000e-02
1.48650e+04 8.07000e-02
1.48700e+04 9.25000e-02
1.48750e+04 9.75000e-02
1.48800e+04 9.27000e-02
1.48850e+04 1.08500e-01
1.48900e+04 1.13800e-01
1.48950e+04 1.09000e-01
1.49000e+04 1.21300e-01
1.49050e+04 1.27500e-01
1.49100e+04 1.30300e-01
1.49150e+04 1.05900e-01
1.49200e+04 1.32500e-01
1.49250e+04 1.37900e-01
1.49300e+04 1.39800e-01
1.49350e+04 1.48100e-01
1.49400e+04 1.47600e-01
1.49450e+04 1.53500e-01
1.49500e+04 1.47300e-01
1.49550e+04 1.58500e-01
1.49600e+04 1.61900e-01
1.49650e+04 1.50400e-01
1.49700e+04 1.73000e-01
1.49750e+04 1.73400e-01
1.49800e+04 1.68900e-01
1.49850e+04 1.79800e-01
1.49900e+04 1.81900e-01
1.49950e+04 1.85300e-01
1.50000e+04 1.89700e-01
1.50050e+04 1.93200e-01
1.50100e+04 1.95900e-01
1.50150e+04 1.98100e-01
1.50200e+04 1.96000e-01
1.50250e+04 2.01100e-01
1.50300e+04 2.01100e-01
1.50350e+04 2.01500e-01
1.50400e+04 1.92500e-01
1.50450e+04 2.03500e-01
1.50500e+04 2.09200e-01
1.50550e+04 2.14300e-01
1.50600e+04 2.15500e-01
1.50650e+04 2.18300e-01
1.50700e+04 2.18900e-01
1.50750e+04 2.19800e-01
1.50800e+04 2.21700e-01
1.50850e+04 2.15100e-01
1.50900e+04 2.13700e-01
1.50950e+04 2.25800e-01
1.51000e+04 2.26200e-01
1.51050e+04 2.26900e-01
1.51100e+04 2.26500e-01
1.51150e+04 2.29000e-01
1.51200e+04 2.30500e-01
1.51250e+04 2.27900e-01
1.51300e+04 2.29100e-01
1.51350e+04 2.30600e-01
1.51400e+04 2.29900e-01
1.51450e+04 2.33400e-01
1.51500e+04 2.32700e-01
1.51550e+04 2.34400e-01
1.51600e+04 2.34700e-01
1.51650e+04 2.33900e-01
1.51700e+04 2.34600e-01
1.51750e+04 2.33100e-01
1.51800e+04 2.36700e-01
1.51850e+04 2.36100e-01
1.51900e+04 2.34600e-01
1.51950e+04 2.36700e-01
1.52000e+04 2.37700e-01
1.52050e+04 2.36900e-01
1.52100e+04 2.38800e-01
1.52150e+04 2.38800e-01
1.52200e+04 2.38200e-01
1.52250e+04 2.39500e-01
1.52300e+04 2.39700e-01
1.52350e+04 2.39200e-01
1.52400e+04 2.40100e-01
1.52450e+04 2.38500e-01
1.52500e+04 2.39800e-01
1.52550e+04 2.40000e-01
1.52600e+04 2.40000e-01
1.52650e+04 2.40000e-01
1.52700e+04 2.40500e-01
1.52750e+04 2.40000e-01
1.52800e+04 2.41100e-01
1.52850e+04 2.41200e-01
1.52900e+04 2.41500e-01
1.52950e+04 2.41300e-01
1.53000e+04 2.41500e-01
1.53050e+04 2.41700e-01
1.53100e+04 2.42000e-01
1.53150e+04 2.41300e-01
1.53200e+04 2.42100e-01
1.53250e+04 2.42000e-01
1.53300e+04 2.41900e-01
1.53350e+04 2.41700e-01
1.53400e+04 2.41400e-01
1.53450e+04 2.41600e-01
1.53500e+04 2.41200e-01
1.53550e+04 2.41800e-01
1.53600e+04 2.42200e-01
1.53650e+04 2.42700e-01
1.53700e+04 2.43300e-01
1.53750e+04 2.44100e-01
1.53800e+04 2.44300e-01
1.53850e+04 2.44000e-01
1.53900e+04 2.43900e-01
1.53950e+04 2.43900e-01
1.54000e+04 2.43700e-01
1.54050e+04 2.44000e-01
1.54100e+04 2.44600e-01
1.54150e+04 2.44700e-01
1.54200e+04 2.44700e-01
1.54250e+04 2.45200e-01
1.54300e+04 2.45600e-01
1.54350e+04 2.46200e-01
1.54400e+04 2.46600e-01
1.54450e+04 2.46600e-01
1.54500e+04 2.47000e-01
1.54550e+04 2.47300e-01
1.54600e+04 2.47500e-01
1.54650e+04 2.47800e-01
1.54700e+04 2.48100e-01
1.54750e+04 2.48300e-01
1.54800e+04 2.48500e-01
1.54850e+04 2.48700e-01
1.54900e+04 2.48900e-01
1.54950e+04 2.49100e-01
1.55000e+04 2.49400e-01
1.55050e+04 2.49600e-01
1.55100e+04 2.49700e-01
1.55150e+04 2.50000e-01
1.55200e+04 2.49900e-01
1.55250e+04 2.50400e-01
1.55300e+04 2.50600e-01
1.55350e+04 2.50800e-01
1.55400e+04 2.51000e-01
1.55450e+04 2.51200e-01
1.55500e+04 2.51400e-01
1.55550e+04 2.51600e-01
1.55600e+04 2.51800e-01
1.55650e+04 2.52000e-01
1.55700e+04 2.52200e-01
1.55750e+04 2.52400e-01
1.55800e+04 2.52600e-01
1.55850e+04 2.52800e-01
1.55900e+04 2.53000e-01
1.55950e+04 2.53200e-01
1.56000e+04 2.53400e-01
1.56050e+04 2.53600e-01
1.56100e+04 2.53700e-01
1.56150e+04 2.53900e-01
1.56200e+04 2.54100e-01
1.56250e+04 2.54200e-01
1.56300e+04 2.54500e-01
1.56350e+04 2.54600e-01
1.56400e+04 2.54800e-01
1.56450e+04 2.54900e-01
1.56500e+04 2.55200e-01
1.56550e+04 2.55300e-01
1.56600e+04 2.55400e-01
1.56650e+04 2.55600e-01
1.56700e+04 2.55600e-01
1.56750e+04 2.55600e-01
1.56800e+04 2.55200e-01
1.56850e+04 2.54500e-01
1.56900e+04 2.53100e-01
1.56950e+04 2.51100e-01
1.57000e+04 2.48600e-01
1.57050e+04 2.46000e-01
1.57100e+04 2.43900e-01
1.57150e+04 2.41800e-01
1.57200e+04 2.40500e-01
1.57250e+04 2.42100e-01
1.57300e+04 2.41100e-01
1.57350e+04 2.43900e-01
1.57400e+04 2.44800e-01
1.57450e+04 2.49300e-01
1.57500e+04 2.54500e-01
1.57550e+04 2.56500e-01
1.57600e+04 2.52100e-01
1.57650e+04 2.48100e-01
1.57700e+04 2.46100e-01
1.57750e+04 2.47600e-01
1.57800e+04 2.49000e-01
1.57850e+04 2.50100e-01
1.57900e+04 2.48600e-01
1.57950e+04 2.47600e-01
1.58000e+04 2.47200e-01
1.58050e+04 2.49500e-01
1.58100e+04 2.50700e-01
1.58150e+04 2.51100e-01
1.58200e+04 2.53300e-01
1.58250e+04 2.54600e-01
1.58300e+04 2.54900e-01
1.58350e+04 2.56400e-01
1.58400e+04 2.57200e-01
1.58450e+04 2.57700e-01
1.58500e+04 2.58500e-01
1.58550e+04 2.58900e-01
1.58600e+04 2.59300e-01
1.58650e+04 2.59300e-01
1.58700e+04 2.59300e-01
1.58750e+04 2.59500e-01
1.58800e+04 2.59500e-01
1.58850e+04 2.59600e-01
1.58900e+04 2.59700e-01
1.58950e+04 2.59800e-01
1.59000e+04 2.59800e-01
1.59050e+04 2.59900e-01
1.59100e+04 2.59900e-01
1.59150e+04 2.59900e-01
1.59200e+04 2.60000e-01
1.59250e+04 2.59900e-01
1.59300e+04 2.60100e-01
1.59350e+04 2.60100e-01
1.59400e+04 2.60200e-01
1.59450e+04 2.60100e-01
1.59500e+04 2.60200e-01
1.59550e+04 2.60300e-01
1.59600e+04 2.60300e-01
1.59650e+04 2.60300e-01
1.59700e+04 2.60300e-01
1.59750e+04 2.60100e-01
1.59800e+04 2.59800e-01
1.59850e+04 2.59100e-01
1.59900e+04 2.57800e-01
1.59950e+04 2.55900e-01
1.60000e+04 2.53700e-01
1.60050e+04 2.51200e-01
1.60100e+04 2.48600e-01
1.60150e+04 2.46800e-01
1.60200e+04 2.45800e-01
1.60250e+04 2.43400e-01
1.60300e+04 2.45200e-01
1.60350e+04 2.45700e-01
1.60400e+04 2.46800e-01
1.60450e+04 2.51800e-01
1.60500e+04 2.54900e-01
1.60550e+04 2.58900e-01
1.60600e+04 2.58000e-01
1.60650e+04 2.54100e-01
1.60700e+04 2.52300e-01
1.60750e+04 2.52300e-01
1.60800e+04 2.52500e-01
1.60850e+04 2.52800e-01
1.60900e+04 2.51100e-01
1.60950e+04 2.49700e-01
1.61000e+04 2.49000e-01
1.61050e+04 2.51100e-01
1.61100e+04 2.52200e-01
1.61150e+04 2.52400e-01
1.61200e+04 2.55200e-01
1.61250e+04 2.56400e-01
1.61300e+04 2.57500e-01
1.61350e+04 2.59500e-01
1.61400e+04 2.60700e-01
1.61450e+04 2.61900e-01
1.61500e+04 2.62500e-01
1.61550e+04 2.62800e-01
1.61600e+04 2.63000e-01
1.61650e+04 2.62900e-01
1.61700e+04 2.63100e-01
1.61750e+04 2.63400e-01
1.61800e+04 2.63600e-01
1.61850e+04 2.64000e-01
1.61900e+04 2.64000e-01
1.61950e+04 2.64300e-01
1.62000e+04 2.64500e-01
1.62050e+04 2.64600e-01
1.62100e+04 2.64800e-01
1.62150e+04 2.64800e-01
1.62200e+04 2.65000e-01
1.62250e+04 2.65100e-01
1.62300e+04 2.65200e-01
1.62350e+04 2.65300e-01
1.62400e+04 2.65100e-01
1.62450e+04 2.65600e-01
1.62500e+04 2.65700e-01
1.62550e+04 2.65600e-01
1.62600e+04 2.65200e-01
1.62650e+04 2.65700e-01
1.62700e+04 2.65700e-01
1.62750e+04 2.65700e-01
1.62800e+04 2.65400e-01
1.62850e+04 2.65500e-01
1.62900e+04 2.65900e-01
1.62950e+04 2.65800e-01
1.63000e+04 2.66000e-01
1.63050e+04 2.63800e-01
1.63100e+04 2.65800e-01
1.63150e+04 2.65600e-01
1.63200e+04 2.65600e-01
1.63250e+04 2.65400e-01
1.63300e+04 2.63500e-01
1.63350e+04 2.65100e-01
1.63400e+04 2.65600e-01
1.63450e+04 2.65300e-01
1.63500e+04 2.65200e-01
1.63550e+04 2.60200e-01
1.63600e+04 2.64900e-01
1.63650e+04 2.64800e-01
1.63700e+04 2.65000e-01
1.63750e+04 2.61500e-01
1.63800e+04 2.62600e-01
1.63850e+04 2.64100e-01
1.63900e+04 2.63500e-01
1.63950e+04 2.63000e-01
1.64000e+04 2.62300e-01
1.64050e+04 2.55800e-01
1.64100e+04 2.62200e-01
1.64150e+04 2.61500e-01
1.64200e+04 2.61100e-01
1.64250e+04 2.60900e-01
1.64300e+04 2.48000e-01
1.64350e+04 2.60300e-01
1.64400e+04 2.60500e-01
1.64450e+04 2.60900e-01
1.64500e+04 2.61000e-01
1.64550e+04 2.42800e-01
1.64600e+04 2.60600e-01
1.64650e+04 2.60300e-01
1.64700e+04 2.59500e-01
1.64750e+04 2.58300e-01
1.64800e+04 2.53600e-01
1.64850e+04 2.54100e-01
1.64900e+04 2.57200e-01
1.64950e+04 2.56900e-01
1.65000e+04 2.57400e-01
1.65050e+04 2.56600e-01
1.65100e+04 2.41100e-01
1.65150e+04 2.55800e-01
1.65200e+04 2.55600e-01
1.65250e+04 2.56200e-01
1.65300e+04 2.56000e-01
1.65350e+04 2.51600e-01
1.65400e+04 2.53000e-01
1.65450e+04 2.55300e-01
1.65500e+04 2.54100e-01
1.65550e+04 2.54000e-01
1.65600e+04 2.53800e-01
1.65650e+04 2.46800e-01
1.65700e+04 2.53300e-01
1.65750e+04 2.53400e-01
1.65800e+04 2.53100e-01
1.65850e+04 2.52700e-01
1.65900e+04 2.52400e-01
1.65950e+04 2.49300e-01
1.66000e+04 2.51600e-01
1.66050e+04 2.51800e-01
1.66100e+04 2.51400e-01
1.66150e+04 2.50700e-01
1.66200e+04 2.50400e-01
1.66250e+04 2.48500e-01
1.66300e+04 2.50200e-01
1.66350e+04 2.49600e-01
1.66400e+04 2.49700e-01
1.66450e+04 2.49500e-01
1.66500e+04 2.48600e-01
1.66550e+04 2.22100e-01
1.66600e+04 2.30000e-01
1.66650e+04 2.40100e-01
1.66700e+04 2.44400e-01
1.66750e+04 2.47200e-01
1.66800e+04 2.47400e-01
1.66850e+04 2.47300e-01
1.66900e+04 2.47800e-01
1.66950e+04 2.47500e-01
1.67000e+04 2.47600e-01
1.67050e+04 2.47000e-01
1.67100e+04 2.47100e-01
1.67150e+04 2.45900e-01
1.67200e+04 2.47200e-01
1.67250e+04 2.47100e-01
1.67300e+04 2.47100e-01
1.67350e+04 2.47000e-01
1.67400e+04 2.46900e-01
1.67450e+04 2.39700e-01
1.67500e+04 2.46900e-01
1.67550e+04 2.46600e-01
1.67600e+04 2.47000e-01
1.67650e+04 2.47000e-01
1.67700e+04 2.46800e-01
1.67750e+04 2.39600e-01
1.67800e+04 2.46900e-01
1.67850e+04 2.46800e-01
1.67900e+04 2.47300e-01
1.67950e+04 2.47200e-01
1.68000e+04 2.47200e-01
1.68050e+04 2.46800e-01
1.68100e+04 2.44700e-01
1.68150e+04 2.47100e-01
1.68200e+04 2.47600e-01
1.68250e+04 2.47700e-01
1.68300e+04 2.47800e-01
1.68350e+04 2.48000e-01
1.68400e+04 2.37600e-01
1.68450e+04 2.48100e-01
1.68500e+04 2.48100e-01
1.68550e+04 2.48300e-01
1.68600e+04 2.48600e-01
1.68650e+04 2.48600e-01
1.68700e+04 2.47900e-01
1.68750e+04 2.45800e-01
1.68800e+04 2.48900e-01
1.68850e+04 2.49400e-01
1.68900e+04 2.48900e-01
1.68950e+04 2.49300e-01
1.69000e+04 2.49600e-01
1.69050e+04 2.44900e-01
1.69100e+04 2.49000e-01
1.69150e+04 2.48800e-01
1.69200e+04 2.49500e-01
1.69250e+04 2.49500e-01
1.69300e+04 2.50500e-01
1.69350e+04 2.50500e-01
1.69400e+04 2.45800e-01
1.69450e+04 2.50300e-01
1.69500e+04 2.50100e-01
1.69550e+04 2.50900e-01
1.69600e+04 2.51100e-01
1.69650e+04 2.50500e-01
1.69700e+04 2.49700e-01
1.69750e+04 2.47900e-01
1.69800e+04 2.50800e-01
1.69850e+04 2.51100e-01
1.69900e+04 2.51100e-01
1.69950e+04 2.50300e-01
1.70000e+04 2.49400e-01
1.70050e+04 2.50800e-01
1.70100e+04 2.47800e-01
1.70150e+04 2.51100e-01
1.70200e+04 2.50600e-01
1.70250e+04 2.49600e-01
1.70300e+04 2.50000e-01
1.70350e+04 2.48900e-01
1.70400e+04 2.50300e-01
1.70450e+04 2.49800e-01
1.70500e+04 2.49800e-01
1.70550e+04 2.47800e-01
1.70600e+04 2.49600e-01
1.70650e+04 2.48600e-01
1.70700e+04 2.48300e-01
1.70750e+04 2.47700e-01
1.70800e+04 2.47100e-01
1.70850e+04 2.44400e-01
1.70900e+04 2.47000e-01
1.70950e+04 2.47800e-01
1.71000e+04 2.48500e-01
1.71050e+04 2.45900e-01
1.71100e+04 2.48300e-01
1.71150e+04 2.48300e-01
1.71200e+04 2.48000e-01
1.71250e+04 2.47400e-01
1.71300e+04 2.47600e-01
1.71350e+04 2.46800e-01
1.71400e+04 2.44600e-01
1.71450e+04 2.42500e-01
1.71500e+04 2.46700e-01
1.71550e+04 2.45900e-01
1.71600e+04 2.42600e-01
1.71650e+04 2.45700e-01
1.71700e+04 2.44900e-01
1.71750e+04 2.45000e-01
1.71800e+04 2.45000e-01
1.71850e+04 2.44600e-01
1.71900e+04 2.44100e-01
1.71950e+04 2.44000e-01
1.72000e+04 2.43200e-01
1.72050e+04 2.42200e-01
1.72100e+04 2.40500e-01
1.72150e+04 2.33700e-01
1.72200e+04 2.41600e-01
1.72250e+04 2.40900e-01
1.72300e+04 2.40700e-01
1.72350e+04 2.33000e-01
1.72400e+04 2.40000e-01
1.72450e+04 2.34700e-01
1.72500e+04 2.37600e-01
1.72550e+04 2.39200e-01
1.72600e+04 2.37300e-01
1.72650e+04 2.38800e-01
1.72700e+04 2.37000e-01
1.72750e+04 2.38000e-01
1.72800e+04 2.38200e-01
1.72850e+04 2.34500e-01
1.72900e+04 2.34400e-01
1.72950e+04 2.37700e-01
1.73000e+04 2.37800e-01
1.73050e+04 2.36300e-01
1.73100e+04 2.35700e-01
1.73150e+04 2.36800e-01
1.73200e+04 2.24300e-01
1.73250e+04 2.23900e-01
1.73300e+04 2.36200e-01
1.73350e+04 2.36300e-01
1.73400e+04 2.35900e-01
1.73450e+04 2.35600e-01
1.73500e+04 2.34500e-01
1.73550e+04 2.31200e-01
1.73600e+04 2.29300e-01
1.73650e+04 2.32100e-01
1.73700e+04 2.31300e-01
1.73750e+04 2.35000e-01
1.73800e+04 2.33700e-01
1.73850e+04 2.33800e-01
1.73900e+04 2.34300e-01
1.73950e+04 2.32900e-01
1.74000e+04 2.29100e-01
1.74050e+04 2.33400e-01
1.74100e+04 2.29400e-01
1.74150e+04 2.23600e-01
1.74200e+04 2.32000e-01
1.74250e+04 2.33500e-01
1.74300e+04 2.33000e-01
1.74350e+04 2.33100e-01
1.74400e+04 2.32700e-01
1.74450e+04 2.17600e-01
1.74500e+04 2.32400e-01
1.74550e+04 2.32500e-01
1.74600e+04 2.31500e-01
1.74650e+04 2.24800e-01
1.74700e+04 2.08800e-01
1.74750e+04 2.21600e-01
1.74800e+04 2.31400e-01
1.74850e+04 2.31400e-01
1.74900e+04 2.30600e-01
1.74950e+04 2.30500e-01
1.75000e+04 2.30100e-01
1.75050e+04 2.30000e-01
1.75100e+04 2.29600e-01
1.75150e+04 2.04100e-01
1.75200e+04 2.28700e-01
1.75250e+04 2.28700e-01
1.75300e+04 2.28100e-01
1.75350e+04 2.28200e-01
1.75400e+04 2.27400e-01
1.75450e+04 2.26900e-01
1.75500e+04 2.10600e-01
1.75550e+04 2.23500e-01
1.75600e+04 2.25600e-01
1.75650e+04 2.22600e-01
1.75700e+04 2.15000e-01
1.75750e+04 2.00800e-01
1.75800e+04 2.22900e-01
1.75850e+04 2.22400e-01
1.75900e+04 2.21800e-01
1.75950e+04 2.21100e-01
1.76000e+04 2.19900e-01
1.76050e+04 2.19000e-01
1.76100e+04 2.01800e-01
1.76150e+04 2.17300e-01
1.76200e+04 2.16200e-01
1.76250e+04 2.04100e-01
1.76300e+04 1.99700e-01
1.76350e+04 2.12500e-01
1.76400e+04 2.11900e-01
1.76450e+04 2.10500e-01
1.76500e+04 2.09200e-01
1.76550e+04 1.94300e-01
1.76600e+04 1.29700e-01
1.76650e+04 2.03900e-01
1.76700e+04 2.03600e-01
1.76750e+04 2.03000e-01
1.76800e+04 2.00300e-01
1.76850e+04 1.99100e-01
1.76900e+04 1.97000e-01
1.76950e+04 1.93900e-01
1.77000e+04 1.91400e-01
1.77050e+04 1.86600e-01
1.77100e+04 1.87400e-01
1.77150e+04 1.90500e-01
1.77200e+04 1.87700e-01
1.77250e+04 1.85800e-01
1.77300e+04 1.84300e-01
1.77350e+04 1.82900e-01
1.77400e+04 1.59800e-01
1.77450e+04 1.68000e-01
1.77500e+04 1.74300e-01
1.77550e+04 1.73300e-01
1.77600e+04 1.59200e-01
1.77650e+04 1.63700e-01
1.77700e+04 1.68000e-01
1.77750e+04 1.67500e-01
1.77800e+04 1.63300e-01
1.77850e+04 1.49000e-01
1.77900e+04 1.34700e-01
1.77950e+04 1.59000e-01
1.78000e+04 1.57100e-01
1.78050e+04 1.55200e-01
1.78100e+04 1.41000e-01
1.78150e+04 1.33600e-01
1.78200e+04 1.48100e-01
1.78250e+04 1.46300e-01
1.78300e+04 1.45400e-01
1.78350e+04 1.41400e-01
1.78400e+04 1.34400e-01
1.78450e+04 1.22400e-01
1.78500e+04 1.02500e-01
1.78550e+04 1.32200e-01
1.78600e+04 1.11300e-01
1.78650e+04 1.26900e-01
1.78700e+04 1.10300e-01
1.78750e+04 1.21800e-01
1.78800e+04 1.24700e-01
1.78850e+04 1.22100e-01
1.78900e+04 1.14100e-01
1.78950e+04 1.19100e-01
1.79000e+04 1.15600e-01
1.79050e+04 1.00500e-01
1.79100e+04 9.75000e-02
1.79150e+04 9.98000e-02
1.79200e+04 9.97000e-02
1.79250e+04 9.67000e-02
1.79300e+04 1.01000e-01
1.79350e+04 7.49000e-02
1.79400e+04 7.45000e-02
1.79450e+04 9.59000e-02
1.79500e+04 9.10000e-02
1.79550e+04 8.73000e-02
1.79600e+04 8.01000e-02
1.79650e+04 8.64000e-02
1.79700e+04 6.03000e-02
1.79750e+04 8.73000e-02
1.79800e+04 7.05000e-02
1.79850e+04 8.29000e-02
1.79900e+04 8.29000e-02
1.79950e+04 7.52000e-02
1.80000e+04 5.39000e-02
1.80050e+04 4.06000e-02
1.80100e+04 3.90000e-02
1.80150e+04 5.22000e-02
1.80200e+04 5.87000e-02
1.80250e+04 5.30000e-02
1.80300e+04 6.04000e-02
1.80350e+04 4.89000e-02
1.80400e+04 5.10000e-02
1.80450e+04 5.82000e-02
1.80500e+04 6.35000e-02
1.80550e+04 5.13000e-02
1.80600e+04 3.65000e-02
1.80650e+04 2.22000e-02
1.80700e+04 5.26000e-02
1.80750e+04 3.19000e-02
1.80800e+04 5.16000e-02
1.80850e+04 4.89000e-02
1.80900e+04 3.43000e-02
1.80950e+04 4.55000e-02
1.81000e+04 4.67000e-02
1.81050e+04 2.17000e-02
1.81100e+04 1.63000e-02
1.81150e+04 3.79000e-02
1.81200e+04 2.67000e-02
1.81250e+04 3.18000e-02
1.81300e+04 1.18000e-02
1.81350e+04 3.12000e-02
1.81400e+04 3.92000e-02
1.81450e+04 3.86000e-02
1.81500e+04 2.25000e-02
1.81550e+04 1.07000e-02
1.81600e+04 2.29000e-02
1.81650e+04 2.42000e-02
1.81700e+04 1.91000e-02
1.81750e+04 3.05000e-02
1.81800e+04 3.08000e-02
1.81850e+04 8.60000e-03
1.81900e+04 2.36000e-02
1.81950e+04 2.57000e-02
1.82000e+04 1.34000e-02
