# Filter name : UKIRT/WFCAM.J
# Description : WFCAM J filter (total transmission)
# Photometric system : WFCAM
# FilterType : photon
# Band name : J
# Observatory : UKIRT
# Instrument : WFCAM
# Comments : WFCAM J filter used for UKIDSS survey.  Total transmission including correction for the wavelength shifts induced by cooling to operating temperature (120K) the 10-degree angle of incidence of the beam on the filter, quantum efficiency and the effect of 1.0mm water vapour, 1.3 airmass. 
# 
1.14800e+04 4.40000e-03
1.14850e+04 4.60000e-03
1.14900e+04 4.40000e-03
1.14950e+04 4.90000e-03
1.15000e+04 4.60000e-03
1.15050e+04 6.20000e-03
1.15100e+04 6.20000e-03
1.15150e+04 6.90000e-03
1.15200e+04 6.40000e-03
1.15250e+04 7.00000e-03
1.15300e+04 8.70000e-03
1.15350e+04 9.50000e-03
1.15400e+04 9.10000e-03
1.15450e+04 1.04000e-02
1.15500e+04 1.17000e-02
1.15550e+04 1.28000e-02
1.15600e+04 1.38000e-02
1.15650e+04 1.49000e-02
1.15700e+04 1.72000e-02
1.15750e+04 1.82000e-02
1.15800e+04 1.87000e-02
1.15850e+04 2.16000e-02
1.15900e+04 2.11000e-02
1.15950e+04 2.55000e-02
1.16000e+04 2.77000e-02
1.16050e+04 2.83000e-02
1.16100e+04 3.32000e-02
1.16150e+04 3.52000e-02
1.16200e+04 3.92000e-02
1.16250e+04 4.10000e-02
1.16300e+04 4.66000e-02
1.16350e+04 4.96000e-02
1.16400e+04 5.35000e-02
1.16450e+04 5.86000e-02
1.16500e+04 6.17000e-02
1.16550e+04 6.70000e-02
1.16600e+04 7.08000e-02
1.16650e+04 7.75000e-02
1.16700e+04 8.24000e-02
1.16750e+04 8.93000e-02
1.16800e+04 9.47000e-02
1.16850e+04 9.89000e-02
1.16900e+04 1.06300e-01
1.16950e+04 1.10300e-01
1.17000e+04 1.17500e-01
1.17050e+04 1.21200e-01
1.17100e+04 1.26100e-01
1.17150e+04 1.33200e-01
1.17200e+04 1.36800e-01
1.17250e+04 1.39900e-01
1.17300e+04 1.44500e-01
1.17350e+04 1.48500e-01
1.17400e+04 1.44500e-01
1.17450e+04 1.55200e-01
1.17500e+04 1.59100e-01
1.17550e+04 1.57200e-01
1.17600e+04 1.64000e-01
1.17650e+04 1.65600e-01
1.17700e+04 1.67300e-01
1.17750e+04 1.61300e-01
1.17800e+04 1.67200e-01
1.17850e+04 1.67100e-01
1.17900e+04 1.71800e-01
1.17950e+04 1.66000e-01
1.18000e+04 1.71600e-01
1.18050e+04 1.73400e-01
1.18100e+04 1.72900e-01
1.18150e+04 1.71300e-01
1.18200e+04 1.60700e-01
1.18250e+04 1.72900e-01
1.18300e+04 1.74800e-01
1.18350e+04 1.75100e-01
1.18400e+04 1.74700e-01
1.18450e+04 1.70800e-01
1.18500e+04 1.68800e-01
1.18550e+04 1.76200e-01
1.18600e+04 1.75800e-01
1.18650e+04 1.75100e-01
1.18700e+04 1.75500e-01
1.18750e+04 1.71900e-01
1.18800e+04 1.72400e-01
1.18850e+04 1.71800e-01
1.18900e+04 1.76400e-01
1.18950e+04 1.77200e-01
1.19000e+04 1.77700e-01
1.19050e+04 1.76900e-01
1.19100e+04 1.76100e-01
1.19150e+04 1.78300e-01
1.19200e+04 1.76800e-01
1.19250e+04 1.78400e-01
1.19300e+04 1.78500e-01
1.19350e+04 1.72400e-01
1.19400e+04 1.78600e-01
1.19450e+04 1.77200e-01
1.19500e+04 1.76700e-01
1.19550e+04 1.76400e-01
1.19600e+04 1.77700e-01
1.19650e+04 1.76800e-01
1.19700e+04 1.77700e-01
1.19750e+04 1.73700e-01
1.19800e+04 1.77900e-01
1.19850e+04 1.75900e-01
1.19900e+04 1.72700e-01
1.19950e+04 1.76800e-01
1.20000e+04 1.76400e-01
1.20050e+04 1.76300e-01
1.20100e+04 1.75500e-01
1.20150e+04 1.75800e-01
1.20200e+04 1.73600e-01
1.20250e+04 1.76800e-01
1.20300e+04 1.76700e-01
1.20350e+04 1.72900e-01
1.20400e+04 1.68300e-01
1.20450e+04 1.75500e-01
1.20500e+04 1.70700e-01
1.20550e+04 1.77700e-01
1.20600e+04 1.78100e-01
1.20650e+04 1.75700e-01
1.20700e+04 1.76500e-01
1.20750e+04 1.76500e-01
1.20800e+04 1.77400e-01
1.20850e+04 1.79100e-01
1.20900e+04 1.77800e-01
1.20950e+04 1.80800e-01
1.21000e+04 1.78700e-01
1.21050e+04 1.82700e-01
1.21100e+04 1.82900e-01
1.21150e+04 1.80500e-01
1.21200e+04 1.83700e-01
1.21250e+04 1.83600e-01
1.21300e+04 1.85900e-01
1.21350e+04 1.87200e-01
1.21400e+04 1.85900e-01
1.21450e+04 1.87200e-01
1.21500e+04 1.87300e-01
1.21550e+04 1.88200e-01
1.21600e+04 1.90800e-01
1.21650e+04 1.90800e-01
1.21700e+04 1.90600e-01
1.21750e+04 1.92800e-01
1.21800e+04 1.91600e-01
1.21850e+04 1.92100e-01
1.21900e+04 1.91500e-01
1.21950e+04 1.92700e-01
1.22000e+04 1.93900e-01
1.22050e+04 1.94500e-01
1.22100e+04 1.95400e-01
1.22150e+04 1.93800e-01
1.22200e+04 1.94600e-01
1.22250e+04 1.94100e-01
1.22300e+04 1.95200e-01
1.22350e+04 1.94700e-01
1.22400e+04 1.95300e-01
1.22450e+04 1.95100e-01
1.22500e+04 1.95400e-01
1.22550e+04 1.94700e-01
1.22600e+04 1.94900e-01
1.22650e+04 1.94900e-01
1.22700e+04 1.92900e-01
1.22750e+04 1.94100e-01
1.22800e+04 1.94000e-01
1.22850e+04 1.93900e-01
1.22900e+04 1.93200e-01
1.22950e+04 1.92500e-01
1.23000e+04 1.92600e-01
1.23050e+04 1.92500e-01
1.23100e+04 1.92200e-01
1.23150e+04 1.91900e-01
1.23200e+04 1.91600e-01
1.23250e+04 1.91300e-01
1.23300e+04 1.90900e-01
1.23350e+04 1.90600e-01
1.23400e+04 1.90900e-01
1.23450e+04 1.90700e-01
1.23500e+04 1.90600e-01
1.23550e+04 1.90600e-01
1.23600e+04 1.90700e-01
1.23650e+04 1.90700e-01
1.23700e+04 1.90800e-01
1.23750e+04 1.91000e-01
1.23800e+04 1.91200e-01
1.23850e+04 1.91500e-01
1.23900e+04 1.91800e-01
1.23950e+04 1.92100e-01
1.24000e+04 1.92500e-01
1.24050e+04 1.92800e-01
1.24100e+04 1.93300e-01
1.24150e+04 1.93800e-01
1.24200e+04 1.94300e-01
1.24250e+04 1.94900e-01
1.24300e+04 1.95400e-01
1.24350e+04 1.96000e-01
1.24400e+04 1.96600e-01
1.24450e+04 1.97200e-01
1.24500e+04 1.97800e-01
1.24550e+04 1.98400e-01
1.24600e+04 1.99000e-01
1.24650e+04 1.99500e-01
1.24700e+04 2.00200e-01
1.24750e+04 2.00800e-01
1.24800e+04 2.01000e-01
1.24850e+04 2.01800e-01
1.24900e+04 2.02300e-01
1.24950e+04 2.02100e-01
1.25000e+04 2.03200e-01
1.25050e+04 2.03600e-01
1.25100e+04 2.02600e-01
1.25150e+04 2.04200e-01
1.25200e+04 2.04500e-01
1.25250e+04 2.02900e-01
1.25300e+04 2.04800e-01
1.25350e+04 2.05000e-01
1.25400e+04 2.03500e-01
1.25450e+04 2.04700e-01
1.25500e+04 2.05100e-01
1.25550e+04 2.04400e-01
1.25600e+04 2.02700e-01
1.25650e+04 2.04900e-01
1.25700e+04 2.04700e-01
1.25750e+04 1.96800e-01
1.25800e+04 2.04300e-01
1.25850e+04 2.03800e-01
1.25900e+04 1.95800e-01
1.25950e+04 2.02600e-01
1.26000e+04 2.01800e-01
1.26050e+04 1.99000e-01
1.26100e+04 1.94900e-01
1.26150e+04 1.97500e-01
1.26200e+04 1.96100e-01
1.26250e+04 1.84400e-01
1.26300e+04 1.94600e-01
1.26350e+04 1.90700e-01
1.26400e+04 1.88900e-01
1.26450e+04 1.88300e-01
1.26500e+04 1.88100e-01
1.26550e+04 1.94800e-01
1.26600e+04 1.76500e-01
1.26650e+04 1.89500e-01
1.26700e+04 1.91800e-01
1.26750e+04 1.91600e-01
1.26800e+04 1.98900e-01
1.26850e+04 1.50400e-01
1.26900e+04 1.47800e-01
1.26950e+04 1.80600e-01
1.27000e+04 1.92700e-01
1.27050e+04 1.97300e-01
1.27100e+04 1.94700e-01
1.27150e+04 1.99400e-01
1.27200e+04 1.94200e-01
1.27250e+04 1.99500e-01
1.27300e+04 1.94800e-01
1.27350e+04 2.03700e-01
1.27400e+04 1.96200e-01
1.27450e+04 2.01700e-01
1.27500e+04 1.98200e-01
1.27550e+04 2.06500e-01
1.27600e+04 2.00800e-01
1.27650e+04 2.02100e-01
1.27700e+04 2.05200e-01
1.27750e+04 2.05400e-01
1.27800e+04 2.09100e-01
1.27850e+04 2.03200e-01
1.27900e+04 2.10400e-01
1.27950e+04 2.09000e-01
1.28000e+04 2.10800e-01
1.28050e+04 2.08000e-01
1.28100e+04 2.11100e-01
1.28150e+04 2.12400e-01
1.28200e+04 2.12300e-01
1.28250e+04 2.10100e-01
1.28300e+04 2.13200e-01
1.28350e+04 2.13200e-01
1.28400e+04 2.13400e-01
1.28450e+04 2.11300e-01
1.28500e+04 2.13600e-01
1.28550e+04 2.13700e-01
1.28600e+04 2.13600e-01
1.28650e+04 2.12800e-01
1.28700e+04 2.13200e-01
1.28750e+04 2.13200e-01
1.28800e+04 2.12900e-01
1.28850e+04 2.12500e-01
1.28900e+04 2.11300e-01
1.28950e+04 2.11900e-01
1.29000e+04 2.11500e-01
1.29050e+04 2.11300e-01
1.29100e+04 2.10500e-01
1.29150e+04 2.10000e-01
1.29200e+04 2.09200e-01
1.29250e+04 2.09400e-01
1.29300e+04 2.09000e-01
1.29350e+04 2.08700e-01
1.29400e+04 2.07800e-01
1.29450e+04 2.07700e-01
1.29500e+04 2.07000e-01
1.29550e+04 2.05800e-01
1.29600e+04 2.05900e-01
1.29650e+04 2.05700e-01
1.29700e+04 2.05000e-01
1.29750e+04 2.03400e-01
1.29800e+04 2.04300e-01
1.29850e+04 2.04500e-01
1.29900e+04 2.04400e-01
1.29950e+04 2.01700e-01
1.30000e+04 2.03200e-01
1.30050e+04 2.00800e-01
1.30100e+04 2.00700e-01
1.30150e+04 2.03400e-01
1.30200e+04 2.03400e-01
1.30250e+04 2.02800e-01
1.30300e+04 2.01800e-01
1.30350e+04 1.97300e-01
1.30400e+04 2.00100e-01
1.30450e+04 1.99400e-01
1.30500e+04 2.03800e-01
1.30550e+04 2.02300e-01
1.30600e+04 2.04300e-01
1.30650e+04 1.98800e-01
1.30700e+04 2.02400e-01
1.30750e+04 2.05000e-01
1.30800e+04 1.97800e-01
1.30850e+04 2.05700e-01
1.30900e+04 2.05700e-01
1.30950e+04 2.01200e-01
1.31000e+04 2.01200e-01
1.31050e+04 1.97800e-01
1.31100e+04 2.05900e-01
1.31150e+04 2.07500e-01
1.31200e+04 2.06000e-01
1.31250e+04 2.04100e-01
1.31300e+04 2.00600e-01
1.31350e+04 1.98000e-01
1.31400e+04 2.02300e-01
1.31450e+04 2.02400e-01
1.31500e+04 2.00700e-01
1.31550e+04 1.98600e-01
1.31600e+04 2.02400e-01
1.31650e+04 2.02100e-01
1.31700e+04 1.86200e-01
1.31750e+04 1.98900e-01
1.31800e+04 1.95600e-01
1.31850e+04 1.88100e-01
1.31900e+04 1.87600e-01
1.31950e+04 1.83000e-01
1.32000e+04 1.71600e-01
1.32050e+04 1.75700e-01
1.32100e+04 1.77000e-01
1.32150e+04 1.64800e-01
1.32200e+04 1.68700e-01
1.32250e+04 1.62800e-01
1.32300e+04 1.51600e-01
1.32350e+04 1.55300e-01
1.32400e+04 1.44000e-01
1.32450e+04 1.44900e-01
1.32500e+04 1.42200e-01
1.32550e+04 1.29800e-01
1.32600e+04 1.30500e-01
1.32650e+04 1.24700e-01
1.32700e+04 1.13900e-01
1.32750e+04 1.14300e-01
1.32800e+04 1.07500e-01
1.32850e+04 9.62000e-02
1.32900e+04 9.29000e-02
1.32950e+04 9.36000e-02
1.33000e+04 8.68000e-02
1.33050e+04 8.47000e-02
1.33100e+04 7.64000e-02
1.33150e+04 6.95000e-02
1.33200e+04 6.58000e-02
1.33250e+04 5.52000e-02
1.33300e+04 6.41000e-02
1.33350e+04 5.88000e-02
1.33400e+04 5.22000e-02
1.33450e+04 5.54000e-02
1.33500e+04 4.88000e-02
1.33550e+04 4.95000e-02
1.33600e+04 3.70000e-02
1.33650e+04 4.44000e-02
1.33700e+04 3.89000e-02
1.33750e+04 3.42000e-02
1.33800e+04 3.28000e-02
1.33850e+04 3.53000e-02
1.33900e+04 3.23000e-02
1.33950e+04 3.06000e-02
1.34000e+04 2.82000e-02
1.34050e+04 2.33000e-02
1.34100e+04 2.65000e-02
1.34150e+04 2.22000e-02
1.34200e+04 2.38000e-02
1.34250e+04 2.20000e-02
1.34300e+04 2.09000e-02
1.34350e+04 2.00000e-02
1.34400e+04 1.44000e-02
1.34450e+04 1.38000e-02
1.34500e+04 1.62000e-02
1.34550e+04 1.39000e-02
1.34600e+04 1.36000e-02
1.34650e+04 1.06000e-02
1.34700e+04 1.33000e-02
1.34750e+04 1.09000e-02
1.34800e+04 7.00000e-03
1.34850e+04 6.30000e-03
1.34900e+04 8.10000e-03
1.34950e+04 1.00000e-02
1.35000e+04 7.50000e-03
1.35050e+04 4.20000e-03
1.35100e+04 7.30000e-03
1.35150e+04 5.10000e-03
1.35200e+04 5.50000e-03
