# Filter name : UKIRT/WFCAM.K
# Description : WFCAM K filter (total transmission)
# Photometric system : WFCAM
# FilterType : photon
# Band name : K
# Observatory : UKIRT
# Instrument : WFCAM
# Comments : WFCAM K filter used for UKIDSS survey.  Total transmission including correction for the wavelength shifts induced by cooling to operating temperature (120K) the 10-degree angle of incidence of the beam on the filter, quantum efficiency and the effect of 1.0mm water vapour, 1.3 airmass. 
# 
1.96050e+04 4.40000e-03
1.96100e+04 3.30000e-03
1.96150e+04 4.10000e-03
1.96200e+04 3.90000e-03
1.96250e+04 4.70000e-03
1.96300e+04 4.20000e-03
1.96350e+04 3.40000e-03
1.96400e+04 3.20000e-03
1.96450e+04 3.80000e-03
1.96500e+04 5.30000e-03
1.96550e+04 4.60000e-03
1.96600e+04 3.50000e-03
1.96650e+04 4.70000e-03
1.96700e+04 6.10000e-03
1.96750e+04 5.20000e-03
1.96800e+04 4.00000e-03
1.96850e+04 6.10000e-03
1.96900e+04 6.50000e-03
1.96950e+04 5.30000e-03
1.97000e+04 6.00000e-03
1.97050e+04 7.30000e-03
1.97100e+04 5.90000e-03
1.97150e+04 5.30000e-03
1.97200e+04 7.20000e-03
1.97250e+04 7.10000e-03
1.97300e+04 7.00000e-03
1.97350e+04 8.30000e-03
1.97400e+04 7.30000e-03
1.97450e+04 7.70000e-03
1.97500e+04 9.00000e-03
1.97550e+04 8.60000e-03
1.97600e+04 8.40000e-03
1.97650e+04 9.60000e-03
1.97700e+04 9.40000e-03
1.97750e+04 9.60000e-03
1.97800e+04 1.00000e-02
1.97850e+04 1.00000e-02
1.97900e+04 1.06000e-02
1.97950e+04 1.02000e-02
1.98000e+04 8.30000e-03
1.98050e+04 9.20000e-03
1.98100e+04 1.14000e-02
1.98150e+04 1.18000e-02
1.98200e+04 1.20000e-02
1.98250e+04 1.22000e-02
1.98300e+04 1.18000e-02
1.98350e+04 1.28000e-02
1.98400e+04 1.31000e-02
1.98450e+04 1.33000e-02
1.98500e+04 1.33000e-02
1.98550e+04 1.36000e-02
1.98600e+04 1.42000e-02
1.98650e+04 1.44000e-02
1.98700e+04 1.11000e-02
1.98750e+04 1.49000e-02
1.98800e+04 1.54000e-02
1.98850e+04 1.58000e-02
1.98900e+04 1.62000e-02
1.98950e+04 1.65000e-02
1.99000e+04 1.51000e-02
1.99050e+04 1.63000e-02
1.99100e+04 1.75000e-02
1.99150e+04 1.82000e-02
1.99200e+04 1.85000e-02
1.99250e+04 1.89000e-02
1.99300e+04 1.94000e-02
1.99350e+04 1.98000e-02
1.99400e+04 1.93000e-02
1.99450e+04 2.03000e-02
1.99500e+04 2.11000e-02
1.99550e+04 2.06000e-02
1.99600e+04 2.12000e-02
1.99650e+04 2.09000e-02
1.99700e+04 2.03000e-02
1.99750e+04 2.02000e-02
1.99800e+04 1.81000e-02
1.99850e+04 1.86000e-02
1.99900e+04 1.71000e-02
1.99950e+04 1.71000e-02
2.00000e+04 1.82000e-02
2.00050e+04 1.64000e-02
2.00100e+04 1.39000e-02
2.00150e+04 1.18000e-02
2.00200e+04 1.17000e-02
2.00250e+04 1.06000e-02
2.00300e+04 8.50000e-03
2.00350e+04 1.03000e-02
2.00400e+04 1.02000e-02
2.00450e+04 9.50000e-03
2.00500e+04 1.16000e-02
2.00550e+04 1.29000e-02
2.00600e+04 1.71000e-02
2.00650e+04 2.08000e-02
2.00700e+04 2.21000e-02
2.00750e+04 1.97000e-02
2.00800e+04 1.79000e-02
2.00850e+04 2.59000e-02
2.00900e+04 3.65000e-02
2.00950e+04 2.42000e-02
2.01000e+04 2.61000e-02
2.01050e+04 3.22000e-02
2.01100e+04 2.30000e-02
2.01150e+04 1.78000e-02
2.01200e+04 2.79000e-02
2.01250e+04 3.31000e-02
2.01300e+04 2.29000e-02
2.01350e+04 1.97000e-02
2.01400e+04 3.73000e-02
2.01450e+04 3.25000e-02
2.01500e+04 1.91000e-02
2.01550e+04 4.27000e-02
2.01600e+04 3.86000e-02
2.01650e+04 2.46000e-02
2.01700e+04 4.70000e-02
2.01750e+04 4.06000e-02
2.01800e+04 3.21000e-02
2.01850e+04 5.83000e-02
2.01900e+04 4.02000e-02
2.01950e+04 5.62000e-02
2.02000e+04 6.30000e-02
2.02050e+04 4.68000e-02
2.02100e+04 7.41000e-02
2.02150e+04 5.90000e-02
2.02200e+04 6.87000e-02
2.02250e+04 8.43000e-02
2.02300e+04 6.68000e-02
2.02350e+04 8.90000e-02
2.02400e+04 7.39000e-02
2.02450e+04 9.22000e-02
2.02500e+04 9.18000e-02
2.02550e+04 9.63000e-02
2.02600e+04 1.02200e-01
2.02650e+04 9.89000e-02
2.02700e+04 1.09800e-01
2.02750e+04 1.04000e-01
2.02800e+04 1.13900e-01
2.02850e+04 1.09100e-01
2.02900e+04 1.21500e-01
2.02950e+04 1.18700e-01
2.03000e+04 1.27700e-01
2.03050e+04 1.25500e-01
2.03100e+04 1.31000e-01
2.03150e+04 1.33000e-01
2.03200e+04 1.36000e-01
2.03250e+04 1.37600e-01
2.03300e+04 1.39300e-01
2.03350e+04 1.41100e-01
2.03400e+04 1.44700e-01
2.03450e+04 1.46800e-01
2.03500e+04 1.49200e-01
2.03550e+04 1.51200e-01
2.03600e+04 1.52900e-01
2.03650e+04 1.54900e-01
2.03700e+04 1.57000e-01
2.03750e+04 1.58800e-01
2.03800e+04 1.61000e-01
2.03850e+04 1.62300e-01
2.03900e+04 1.64500e-01
2.03950e+04 1.64800e-01
2.04000e+04 1.62200e-01
2.04050e+04 1.62400e-01
2.04100e+04 1.65000e-01
2.04150e+04 1.66000e-01
2.04200e+04 1.68400e-01
2.04250e+04 1.73800e-01
2.04300e+04 1.76100e-01
2.04350e+04 1.78200e-01
2.04400e+04 1.74900e-01
2.04450e+04 1.76400e-01
2.04500e+04 1.80200e-01
2.04550e+04 1.82500e-01
2.04600e+04 1.82700e-01
2.04650e+04 1.80800e-01
2.04700e+04 1.79900e-01
2.04750e+04 1.76700e-01
2.04800e+04 1.72300e-01
2.04850e+04 1.73100e-01
2.04900e+04 1.70700e-01
2.04950e+04 1.57500e-01
2.05000e+04 1.56200e-01
2.05050e+04 1.52100e-01
2.05100e+04 1.35200e-01
2.05150e+04 1.35300e-01
2.05200e+04 1.38200e-01
2.05250e+04 1.38200e-01
2.05300e+04 1.57900e-01
2.05350e+04 1.63600e-01
2.05400e+04 1.54700e-01
2.05450e+04 1.35100e-01
2.05500e+04 1.20100e-01
2.05550e+04 1.16800e-01
2.05600e+04 1.49100e-01
2.05650e+04 1.62200e-01
2.05700e+04 1.60600e-01
2.05750e+04 1.30300e-01
2.05800e+04 1.30000e-01
2.05850e+04 1.68400e-01
2.05900e+04 1.83000e-01
2.05950e+04 1.72800e-01
2.06000e+04 1.71100e-01
2.06050e+04 1.99400e-01
2.06100e+04 1.60200e-01
2.06150e+04 1.65900e-01
2.06200e+04 1.88400e-01
2.06250e+04 1.62700e-01
2.06300e+04 1.22200e-01
2.06350e+04 1.68200e-01
2.06400e+04 1.81400e-01
2.06450e+04 1.31200e-01
2.06500e+04 1.45700e-01
2.06550e+04 1.86700e-01
2.06600e+04 1.55100e-01
2.06650e+04 1.36300e-01
2.06700e+04 1.86300e-01
2.06750e+04 1.74700e-01
2.06800e+04 1.38700e-01
2.06850e+04 1.88700e-01
2.06900e+04 1.82700e-01
2.06950e+04 1.47500e-01
2.07000e+04 1.94000e-01
2.07050e+04 1.83000e-01
2.07100e+04 1.59100e-01
2.07150e+04 1.97900e-01
2.07200e+04 1.75800e-01
2.07250e+04 1.81400e-01
2.07300e+04 2.03800e-01
2.07350e+04 1.75600e-01
2.07400e+04 1.96400e-01
2.07450e+04 1.96200e-01
2.07500e+04 1.76100e-01
2.07550e+04 2.04400e-01
2.07600e+04 1.95800e-01
2.07650e+04 2.02500e-01
2.07700e+04 2.04600e-01
2.07750e+04 1.96700e-01
2.07800e+04 2.08200e-01
2.07850e+04 2.05300e-01
2.07900e+04 2.11100e-01
2.07950e+04 2.13400e-01
2.08000e+04 2.09000e-01
2.08050e+04 2.14100e-01
2.08100e+04 2.10600e-01
2.08150e+04 2.11900e-01
2.08200e+04 2.09600e-01
2.08250e+04 2.10000e-01
2.08300e+04 2.10200e-01
2.08350e+04 2.09600e-01
2.08400e+04 2.09300e-01
2.08450e+04 2.10700e-01
2.08500e+04 2.08900e-01
2.08550e+04 2.09000e-01
2.08600e+04 2.13000e-01
2.08650e+04 2.14400e-01
2.08700e+04 2.10600e-01
2.08750e+04 2.15500e-01
2.08800e+04 2.16100e-01
2.08850e+04 2.11400e-01
2.08900e+04 2.17200e-01
2.08950e+04 2.16200e-01
2.09000e+04 2.11300e-01
2.09050e+04 2.18600e-01
2.09100e+04 2.16200e-01
2.09150e+04 2.16700e-01
2.09200e+04 2.19400e-01
2.09250e+04 2.16000e-01
2.09300e+04 2.19600e-01
2.09350e+04 2.19000e-01
2.09400e+04 2.15100e-01
2.09450e+04 2.20500e-01
2.09500e+04 2.19500e-01
2.09550e+04 2.20600e-01
2.09600e+04 2.20500e-01
2.09650e+04 2.21000e-01
2.09700e+04 2.21400e-01
2.09750e+04 2.21400e-01
2.09800e+04 2.21300e-01
2.09850e+04 2.18400e-01
2.09900e+04 2.19100e-01
2.09950e+04 2.22400e-01
2.10000e+04 2.21900e-01
2.10050e+04 2.19500e-01
2.10100e+04 2.21600e-01
2.10150e+04 2.19800e-01
2.10200e+04 2.21100e-01
2.10250e+04 2.22000e-01
2.10300e+04 2.22100e-01
2.10350e+04 2.23100e-01
2.10400e+04 2.23200e-01
2.10450e+04 2.22700e-01
2.10500e+04 2.22100e-01
2.10550e+04 2.22900e-01
2.10600e+04 2.23100e-01
2.10650e+04 2.22700e-01
2.10700e+04 2.22800e-01
2.10750e+04 2.22200e-01
2.10800e+04 2.22600e-01
2.10850e+04 2.22700e-01
2.10900e+04 2.21900e-01
2.10950e+04 2.22000e-01
2.11000e+04 2.21900e-01
2.11050e+04 2.22300e-01
2.11100e+04 2.22000e-01
2.11150e+04 2.23100e-01
2.11200e+04 2.21100e-01
2.11250e+04 2.21600e-01
2.11300e+04 2.24200e-01
2.11350e+04 2.24000e-01
2.11400e+04 2.23300e-01
2.11450e+04 2.24500e-01
2.11500e+04 2.23900e-01
2.11550e+04 2.23500e-01
2.11600e+04 2.24100e-01
2.11650e+04 2.23600e-01
2.11700e+04 2.23700e-01
2.11750e+04 2.24300e-01
2.11800e+04 2.23900e-01
2.11850e+04 2.17300e-01
2.11900e+04 2.24200e-01
2.11950e+04 2.23800e-01
2.12000e+04 2.23200e-01
2.12050e+04 2.23600e-01
2.12100e+04 2.24400e-01
2.12150e+04 2.24200e-01
2.12200e+04 2.24700e-01
2.12250e+04 2.24800e-01
2.12300e+04 2.24900e-01
2.12350e+04 2.25000e-01
2.12400e+04 2.25000e-01
2.12450e+04 2.21100e-01
2.12500e+04 2.24900e-01
2.12550e+04 2.25500e-01
2.12600e+04 2.25700e-01
2.12650e+04 2.25800e-01
2.12700e+04 2.25900e-01
2.12750e+04 2.24400e-01
2.12800e+04 2.23100e-01
2.12850e+04 2.26100e-01
2.12900e+04 2.26100e-01
2.12950e+04 2.26200e-01
2.13000e+04 2.26300e-01
2.13050e+04 2.26400e-01
2.13100e+04 2.26600e-01
2.13150e+04 2.26600e-01
2.13200e+04 2.26700e-01
2.13250e+04 2.26700e-01
2.13300e+04 2.26800e-01
2.13350e+04 2.26900e-01
2.13400e+04 2.27000e-01
2.13450e+04 2.27100e-01
2.13500e+04 2.27100e-01
2.13550e+04 2.27100e-01
2.13600e+04 2.25800e-01
2.13650e+04 2.27300e-01
2.13700e+04 2.27400e-01
2.13750e+04 2.27500e-01
2.13800e+04 2.27600e-01
2.13850e+04 2.27600e-01
2.13900e+04 2.27600e-01
2.13950e+04 2.27700e-01
2.14000e+04 2.27800e-01
2.14050e+04 2.27900e-01
2.14100e+04 2.27900e-01
2.14150e+04 2.28000e-01
2.14200e+04 2.28100e-01
2.14250e+04 2.28100e-01
2.14300e+04 2.27400e-01
2.14350e+04 2.28000e-01
2.14400e+04 2.28300e-01
2.14450e+04 2.28200e-01
2.14500e+04 2.28400e-01
2.14550e+04 2.28500e-01
2.14600e+04 2.28400e-01
2.14650e+04 2.28500e-01
2.14700e+04 2.28400e-01
2.14750e+04 2.28100e-01
2.14800e+04 2.28000e-01
2.14850e+04 2.28400e-01
2.14900e+04 2.27400e-01
2.14950e+04 2.27700e-01
2.15000e+04 2.27400e-01
2.15050e+04 2.28200e-01
2.15100e+04 2.27900e-01
2.15150e+04 2.24800e-01
2.15200e+04 2.26800e-01
2.15250e+04 2.27100e-01
2.15300e+04 2.26000e-01
2.15350e+04 2.27500e-01
2.15400e+04 2.28300e-01
2.15450e+04 2.28400e-01
2.15500e+04 2.27400e-01
2.15550e+04 2.27400e-01
2.15600e+04 2.29200e-01
2.15650e+04 2.28500e-01
2.15700e+04 2.29000e-01
2.15750e+04 2.28700e-01
2.15800e+04 2.28900e-01
2.15850e+04 2.29100e-01
2.15900e+04 2.26400e-01
2.15950e+04 2.28900e-01
2.16000e+04 2.27600e-01
2.16050e+04 2.29200e-01
2.16100e+04 2.23900e-01
2.16150e+04 2.26700e-01
2.16200e+04 2.29000e-01
2.16250e+04 2.27900e-01
2.16300e+04 2.28700e-01
2.16350e+04 2.16000e-01
2.16400e+04 2.28800e-01
2.16450e+04 2.29200e-01
2.16500e+04 2.28700e-01
2.16550e+04 2.28600e-01
2.16600e+04 2.28800e-01
2.16650e+04 2.28100e-01
2.16700e+04 2.24200e-01
2.16750e+04 2.28500e-01
2.16800e+04 2.28100e-01
2.16850e+04 2.25300e-01
2.16900e+04 2.27800e-01
2.16950e+04 2.29000e-01
2.17000e+04 2.29000e-01
2.17050e+04 2.28100e-01
2.17100e+04 2.29100e-01
2.17150e+04 2.29100e-01
2.17200e+04 2.29000e-01
2.17250e+04 2.21300e-01
2.17300e+04 2.25900e-01
2.17350e+04 2.28900e-01
2.17400e+04 2.28200e-01
2.17450e+04 2.24800e-01
2.17500e+04 2.27700e-01
2.17550e+04 2.28300e-01
2.17600e+04 2.27700e-01
2.17650e+04 2.27000e-01
2.17700e+04 2.28800e-01
2.17750e+04 2.28800e-01
2.17800e+04 2.27900e-01
2.17850e+04 2.16200e-01
2.17900e+04 2.27800e-01
2.17950e+04 2.25800e-01
2.18000e+04 2.28500e-01
2.18050e+04 2.28500e-01
2.18100e+04 2.28500e-01
2.18150e+04 2.28500e-01
2.18200e+04 2.28500e-01
2.18250e+04 2.28100e-01
2.18300e+04 2.26800e-01
2.18350e+04 2.19900e-01
2.18400e+04 2.21600e-01
2.18450e+04 2.26400e-01
2.18500e+04 2.17100e-01
2.18550e+04 2.27500e-01
2.18600e+04 2.28100e-01
2.18650e+04 2.28100e-01
2.18700e+04 2.26400e-01
2.18750e+04 2.27300e-01
2.18800e+04 2.26500e-01
2.18850e+04 2.27200e-01
2.18900e+04 2.28000e-01
2.18950e+04 2.25100e-01
2.19000e+04 2.27700e-01
2.19050e+04 2.23800e-01
2.19100e+04 2.27800e-01
2.19150e+04 2.27900e-01
2.19200e+04 2.27900e-01
2.19250e+04 2.27800e-01
2.19300e+04 2.27800e-01
2.19350e+04 2.27800e-01
2.19400e+04 2.27800e-01
2.19450e+04 2.24900e-01
2.19500e+04 2.20300e-01
2.19550e+04 2.27600e-01
2.19600e+04 2.27700e-01
2.19650e+04 2.26800e-01
2.19700e+04 2.27600e-01
2.19750e+04 2.26900e-01
2.19800e+04 2.25800e-01
2.19850e+04 2.20900e-01
2.19900e+04 2.23500e-01
2.19950e+04 2.15500e-01
2.20000e+04 2.06700e-01
2.20050e+04 2.02500e-01
2.20100e+04 2.24900e-01
2.20150e+04 2.22900e-01
2.20200e+04 2.20800e-01
2.20250e+04 2.20600e-01
2.20300e+04 2.23100e-01
2.20350e+04 2.26200e-01
2.20400e+04 2.25000e-01
2.20450e+04 2.23800e-01
2.20500e+04 2.16900e-01
2.20550e+04 2.25600e-01
2.20600e+04 2.26400e-01
2.20650e+04 2.27600e-01
2.20700e+04 2.27600e-01
2.20750e+04 2.26900e-01
2.20800e+04 2.28100e-01
2.20850e+04 2.28400e-01
2.20900e+04 2.28500e-01
2.20950e+04 2.28500e-01
2.21000e+04 2.28600e-01
2.21050e+04 2.27900e-01
2.21100e+04 2.26600e-01
2.21150e+04 2.28200e-01
2.21200e+04 2.28900e-01
2.21250e+04 2.29000e-01
2.21300e+04 2.29100e-01
2.21350e+04 2.29200e-01
2.21400e+04 2.28900e-01
2.21450e+04 2.29000e-01
2.21500e+04 2.27800e-01
2.21550e+04 2.29400e-01
2.21600e+04 2.24200e-01
2.21650e+04 2.18200e-01
2.21700e+04 2.28900e-01
2.21750e+04 2.29600e-01
2.21800e+04 2.29200e-01
2.21850e+04 2.29000e-01
2.21900e+04 2.30100e-01
2.21950e+04 2.30300e-01
2.22000e+04 2.30100e-01
2.22050e+04 2.29000e-01
2.22100e+04 2.29700e-01
2.22150e+04 2.17100e-01
2.22200e+04 2.25200e-01
2.22250e+04 2.30500e-01
2.22300e+04 2.30500e-01
2.22350e+04 2.30700e-01
2.22400e+04 2.29900e-01
2.22450e+04 2.30700e-01
2.22500e+04 2.30800e-01
2.22550e+04 2.31000e-01
2.22600e+04 2.30200e-01
2.22650e+04 2.24600e-01
2.22700e+04 2.26700e-01
2.22750e+04 2.30100e-01
2.22800e+04 2.31300e-01
2.22850e+04 2.31500e-01
2.22900e+04 2.31800e-01
2.22950e+04 2.32500e-01
2.23000e+04 2.32800e-01
2.23050e+04 2.32200e-01
2.23100e+04 2.31600e-01
2.23150e+04 2.23300e-01
2.23200e+04 2.31300e-01
2.23250e+04 2.21400e-01
2.23300e+04 2.31600e-01
2.23350e+04 2.29400e-01
2.23400e+04 2.33100e-01
2.23450e+04 2.32700e-01
2.23500e+04 2.33200e-01
2.23550e+04 2.34100e-01
2.23600e+04 2.31000e-01
2.23650e+04 2.27000e-01
2.23700e+04 2.33400e-01
2.23750e+04 2.27800e-01
2.23800e+04 2.28300e-01
2.23850e+04 2.35200e-01
2.23900e+04 2.35800e-01
2.23950e+04 2.34800e-01
2.24000e+04 2.35500e-01
2.24050e+04 2.30800e-01
2.24100e+04 2.33900e-01
2.24150e+04 2.26600e-01
2.24200e+04 2.36900e-01
2.24250e+04 2.34200e-01
2.24300e+04 2.33800e-01
2.24350e+04 2.34600e-01
2.24400e+04 2.26100e-01
2.24450e+04 2.34700e-01
2.24500e+04 2.37600e-01
2.24550e+04 2.37300e-01
2.24600e+04 2.28300e-01
2.24650e+04 2.31800e-01
2.24700e+04 2.26200e-01
2.24750e+04 2.31000e-01
2.24800e+04 2.37500e-01
2.24850e+04 2.38300e-01
2.24900e+04 2.36700e-01
2.24950e+04 2.36200e-01
2.25000e+04 2.36000e-01
2.25050e+04 2.31000e-01
2.25100e+04 2.34400e-01
2.25150e+04 2.37400e-01
2.25200e+04 2.37500e-01
2.25250e+04 2.33900e-01
2.25300e+04 2.34500e-01
2.25350e+04 2.32600e-01
2.25400e+04 2.22600e-01
2.25450e+04 2.34200e-01
2.25500e+04 2.37300e-01
2.25550e+04 2.29800e-01
2.25600e+04 2.27300e-01
2.25650e+04 2.31900e-01
2.25700e+04 2.21900e-01
2.25750e+04 2.35400e-01
2.25800e+04 2.33900e-01
2.25850e+04 2.29900e-01
2.25900e+04 2.37800e-01
2.25950e+04 2.36900e-01
2.26000e+04 2.31800e-01
2.26050e+04 2.35300e-01
2.26100e+04 2.15100e-01
2.26150e+04 2.26800e-01
2.26200e+04 2.22700e-01
2.26250e+04 2.22000e-01
2.26300e+04 2.38900e-01
2.26350e+04 2.27700e-01
2.26400e+04 2.32400e-01
2.26450e+04 2.29300e-01
2.26500e+04 2.24900e-01
2.26550e+04 2.36900e-01
2.26600e+04 2.37300e-01
2.26650e+04 2.37300e-01
2.26700e+04 2.34800e-01
2.26750e+04 2.29900e-01
2.26800e+04 2.28500e-01
2.26850e+04 2.13400e-01
2.26900e+04 2.21200e-01
2.26950e+04 2.34300e-01
2.27000e+04 2.33900e-01
2.27050e+04 2.14800e-01
2.27100e+04 2.34900e-01
2.27150e+04 2.28500e-01
2.27200e+04 2.29800e-01
2.27250e+04 2.11100e-01
2.27300e+04 2.33500e-01
2.27350e+04 2.28300e-01
2.27400e+04 2.34300e-01
2.27450e+04 2.32500e-01
2.27500e+04 2.26300e-01
2.27550e+04 1.95100e-01
2.27600e+04 2.07200e-01
2.27650e+04 2.14800e-01
2.27700e+04 2.22100e-01
2.27750e+04 2.27700e-01
2.27800e+04 2.27600e-01
2.27850e+04 2.29700e-01
2.27900e+04 2.30200e-01
2.27950e+04 2.30700e-01
2.28000e+04 2.30200e-01
2.28050e+04 2.18500e-01
2.28100e+04 2.12600e-01
2.28150e+04 2.24700e-01
2.28200e+04 2.26700e-01
2.28250e+04 2.20100e-01
2.28300e+04 1.83700e-01
2.28350e+04 2.26700e-01
2.28400e+04 1.92900e-01
2.28450e+04 2.25300e-01
2.28500e+04 2.20000e-01
2.28550e+04 2.06600e-01
2.28600e+04 2.25100e-01
2.28650e+04 2.22000e-01
2.28700e+04 2.21400e-01
2.28750e+04 2.20700e-01
2.28800e+04 2.22400e-01
2.28850e+04 2.20500e-01
2.28900e+04 2.21200e-01
2.28950e+04 1.93900e-01
2.29000e+04 1.85300e-01
2.29050e+04 2.17200e-01
2.29100e+04 2.13000e-01
2.29150e+04 2.16900e-01
2.29200e+04 2.18300e-01
2.29250e+04 1.97500e-01
2.29300e+04 2.17900e-01
2.29350e+04 2.14300e-01
2.29400e+04 2.05000e-01
2.29450e+04 2.14500e-01
2.29500e+04 1.95500e-01
2.29550e+04 2.07700e-01
2.29600e+04 2.01400e-01
2.29650e+04 2.11200e-01
2.29700e+04 2.14800e-01
2.29750e+04 2.15900e-01
2.29800e+04 2.07700e-01
2.29850e+04 1.85400e-01
2.29900e+04 2.00500e-01
2.29950e+04 1.99100e-01
2.30000e+04 1.96400e-01
2.30050e+04 1.96900e-01
2.30100e+04 2.00500e-01
2.30150e+04 2.11800e-01
2.30200e+04 2.06800e-01
2.30250e+04 2.05200e-01
2.30300e+04 2.08800e-01
2.30350e+04 1.94000e-01
2.30400e+04 1.98400e-01
2.30450e+04 1.83500e-01
2.30500e+04 2.02100e-01
2.30550e+04 1.96200e-01
2.30600e+04 2.02500e-01
2.30650e+04 1.99800e-01
2.30700e+04 2.06800e-01
2.30750e+04 1.74500e-01
2.30800e+04 2.06300e-01
2.30850e+04 2.08900e-01
2.30900e+04 2.04300e-01
2.30950e+04 2.03200e-01
2.31000e+04 2.05200e-01
2.31050e+04 2.11200e-01
2.31100e+04 2.11500e-01
2.31150e+04 2.11100e-01
2.31200e+04 2.05700e-01
2.31250e+04 2.10200e-01
2.31300e+04 2.11400e-01
2.31350e+04 2.11500e-01
2.31400e+04 2.11500e-01
2.31450e+04 2.11500e-01
2.31500e+04 2.10900e-01
2.31550e+04 2.10600e-01
2.31600e+04 1.93300e-01
2.31650e+04 1.84600e-01
2.31700e+04 1.46300e-01
2.31750e+04 1.78100e-01
2.31800e+04 1.76000e-01
2.31850e+04 1.80600e-01
2.31900e+04 1.99900e-01
2.31950e+04 1.95600e-01
2.32000e+04 2.00300e-01
2.32050e+04 2.04500e-01
2.32100e+04 2.02500e-01
2.32150e+04 2.06200e-01
2.32200e+04 1.96700e-01
2.32250e+04 2.01200e-01
2.32300e+04 2.05900e-01
2.32350e+04 2.11100e-01
2.32400e+04 2.06400e-01
2.32450e+04 2.13400e-01
2.32500e+04 2.12400e-01
2.32550e+04 1.95300e-01
2.32600e+04 2.14600e-01
2.32650e+04 2.05200e-01
2.32700e+04 2.15100e-01
2.32750e+04 2.16000e-01
2.32800e+04 2.17000e-01
2.32850e+04 1.77200e-01
2.32900e+04 2.10600e-01
2.32950e+04 2.10900e-01
2.33000e+04 2.18400e-01
2.33050e+04 2.18500e-01
2.33100e+04 2.09600e-01
2.33150e+04 2.10300e-01
2.33200e+04 2.08300e-01
2.33250e+04 2.14200e-01
2.33300e+04 2.17000e-01
2.33350e+04 2.18800e-01
2.33400e+04 2.07100e-01
2.33450e+04 2.14900e-01
2.33500e+04 2.07200e-01
2.33550e+04 2.20100e-01
2.33600e+04 2.04700e-01
2.33650e+04 2.20300e-01
2.33700e+04 2.22300e-01
2.33750e+04 2.20700e-01
2.33800e+04 2.16500e-01
2.33850e+04 2.07900e-01
2.33900e+04 2.17100e-01
2.33950e+04 2.13800e-01
2.34000e+04 1.88300e-01
2.34050e+04 2.04800e-01
2.34100e+04 2.06800e-01
2.34150e+04 2.10200e-01
2.34200e+04 2.14700e-01
2.34250e+04 2.19400e-01
2.34300e+04 2.22600e-01
2.34350e+04 2.14100e-01
2.34400e+04 2.22300e-01
2.34450e+04 2.20800e-01
2.34500e+04 2.10600e-01
2.34550e+04 2.14000e-01
2.34600e+04 2.19300e-01
2.34650e+04 2.11500e-01
2.34700e+04 2.17200e-01
2.34750e+04 2.05300e-01
2.34800e+04 1.97900e-01
2.34850e+04 2.06600e-01
2.34900e+04 2.21600e-01
2.34950e+04 2.18500e-01
2.35000e+04 2.18400e-01
2.35050e+04 1.93600e-01
2.35100e+04 1.80800e-01
2.35150e+04 2.16200e-01
2.35200e+04 2.10700e-01
2.35250e+04 1.86600e-01
2.35300e+04 2.20700e-01
2.35350e+04 1.89200e-01
2.35400e+04 2.24700e-01
2.35450e+04 2.16800e-01
2.35500e+04 2.13900e-01
2.35550e+04 2.18800e-01
2.35600e+04 1.65200e-01
2.35650e+04 2.16900e-01
2.35700e+04 2.16800e-01
2.35750e+04 2.15100e-01
2.35800e+04 2.09000e-01
2.35850e+04 1.81800e-01
2.35900e+04 1.76800e-01
2.35950e+04 2.16300e-01
2.36000e+04 2.14400e-01
2.36050e+04 2.12800e-01
2.36100e+04 2.11500e-01
2.36150e+04 1.82900e-01
2.36200e+04 2.02400e-01
2.36250e+04 2.06400e-01
2.36300e+04 2.04900e-01
2.36350e+04 2.02000e-01
2.36400e+04 1.81800e-01
2.36450e+04 1.80100e-01
2.36500e+04 1.96200e-01
2.36550e+04 1.95200e-01
2.36600e+04 1.89900e-01
2.36650e+04 1.87500e-01
2.36700e+04 1.85500e-01
2.36750e+04 1.52200e-01
2.36800e+04 1.78800e-01
2.36850e+04 1.77100e-01
2.36900e+04 1.63700e-01
2.36950e+04 1.76700e-01
2.37000e+04 1.51600e-01
2.37050e+04 9.35000e-02
2.37100e+04 1.26200e-01
2.37150e+04 1.17100e-01
2.37200e+04 1.44100e-01
2.37250e+04 1.42100e-01
2.37300e+04 1.49300e-01
2.37350e+04 1.50300e-01
2.37400e+04 1.55100e-01
2.37450e+04 1.51200e-01
2.37500e+04 1.45700e-01
2.37550e+04 1.46900e-01
2.37600e+04 1.44500e-01
2.37650e+04 1.30200e-01
2.37700e+04 1.25600e-01
2.37750e+04 1.36000e-01
2.37800e+04 1.26100e-01
2.37850e+04 1.29600e-01
2.37900e+04 1.34000e-01
2.37950e+04 1.30600e-01
2.38000e+04 1.18400e-01
2.38050e+04 1.14000e-01
2.38100e+04 1.24800e-01
2.38150e+04 1.23700e-01
2.38200e+04 1.22100e-01
2.38250e+04 1.18300e-01
2.38300e+04 1.01800e-01
2.38350e+04 9.79000e-02
2.38400e+04 7.79000e-02
2.38450e+04 1.03300e-01
2.38500e+04 1.08800e-01
2.38550e+04 1.06200e-01
2.38600e+04 8.45000e-02
2.38650e+04 9.22000e-02
2.38700e+04 1.00200e-01
2.38750e+04 9.01000e-02
2.38800e+04 8.23000e-02
2.38850e+04 9.39000e-02
2.38900e+04 9.38000e-02
2.38950e+04 9.03000e-02
2.39000e+04 8.22000e-02
2.39050e+04 8.76000e-02
2.39100e+04 7.98000e-02
2.39150e+04 5.04000e-02
2.39200e+04 8.23000e-02
2.39250e+04 8.02000e-02
2.39300e+04 7.78000e-02
2.39350e+04 7.50000e-02
2.39400e+04 7.53000e-02
2.39450e+04 7.10000e-02
2.39500e+04 6.99000e-02
2.39550e+04 6.75000e-02
2.39600e+04 6.93000e-02
2.39650e+04 5.96000e-02
2.39700e+04 5.99000e-02
2.39750e+04 6.19000e-02
2.39800e+04 6.20000e-02
2.39850e+04 6.20000e-02
2.39900e+04 5.92000e-02
2.39950e+04 5.80000e-02
2.40000e+04 5.77000e-02
2.40050e+04 4.95000e-02
2.40100e+04 5.57000e-02
2.40150e+04 5.47000e-02
2.40200e+04 5.23000e-02
2.40250e+04 5.18000e-02
2.40300e+04 5.04000e-02
2.40350e+04 4.95000e-02
2.40400e+04 4.28000e-02
2.40450e+04 4.02000e-02
2.40500e+04 4.62000e-02
2.40550e+04 4.35000e-02
2.40600e+04 4.23000e-02
2.40650e+04 4.28000e-02
2.40700e+04 3.20000e-02
2.40750e+04 3.73000e-02
2.40800e+04 3.85000e-02
2.40850e+04 3.93000e-02
2.40900e+04 3.74000e-02
2.40950e+04 3.60000e-02
2.41000e+04 2.85000e-02
2.41050e+04 3.51000e-02
2.41100e+04 3.47000e-02
2.41150e+04 3.26000e-02
2.41200e+04 3.13000e-02
2.41250e+04 3.18000e-02
2.41300e+04 3.13000e-02
2.41350e+04 3.00000e-02
2.41400e+04 2.80000e-02
2.41450e+04 2.41000e-02
2.41500e+04 2.80000e-02
2.41550e+04 2.63000e-02
2.41600e+04 1.46000e-02
2.41650e+04 2.37000e-02
2.41700e+04 2.51000e-02
2.41750e+04 2.42000e-02
2.41800e+04 2.36000e-02
2.41850e+04 1.36000e-02
2.41900e+04 1.52000e-02
2.41950e+04 1.61000e-02
2.42000e+04 2.11000e-02
2.42050e+04 2.09000e-02
2.42100e+04 2.03000e-02
2.42150e+04 1.98000e-02
2.42200e+04 1.80000e-02
2.42250e+04 1.86000e-02
2.42300e+04 1.81000e-02
2.42350e+04 1.77000e-02
2.42400e+04 1.35000e-02
2.42450e+04 1.64000e-02
2.42500e+04 1.57000e-02
2.42550e+04 1.56000e-02
2.42600e+04 1.51000e-02
2.42650e+04 1.17000e-02
2.42700e+04 1.45000e-02
2.42750e+04 1.40000e-02
2.42800e+04 1.37000e-02
2.42850e+04 1.35000e-02
2.42900e+04 1.30000e-02
2.42950e+04 1.26000e-02
2.43000e+04 1.22000e-02
2.43050e+04 1.20000e-02
2.43100e+04 1.16000e-02
2.43150e+04 1.13000e-02
2.43200e+04 1.10000e-02
2.43250e+04 1.06000e-02
2.43300e+04 9.90000e-03
2.43350e+04 8.10000e-03
2.43400e+04 9.70000e-03
2.43450e+04 9.10000e-03
2.43500e+04 7.40000e-03
