# Filter name : GALEX/GALEX.FUV
# Description : GALEX FUV
# Photometric system : GALEX
# FilterType : photon
# Band name : ------
# Observatory : GALEX
# Instrument : ------
# Comments : ------
# 
1.34000e+03 0.00000e+00
1.34100e+03 1.15400e+00
1.34200e+03 2.30800e+00
1.34300e+03 3.46200e+00
1.34400e+03 4.61600e+00
1.34500e+03 5.77000e+00
1.34600e+03 6.92400e+00
1.34700e+03 8.07800e+00
1.34800e+03 9.23200e+00
1.34900e+03 1.03860e+01
1.35000e+03 1.15400e+01
1.35100e+03 1.18456e+01
1.35200e+03 1.21512e+01
1.35300e+03 1.24568e+01
1.35400e+03 1.27624e+01
1.35500e+03 1.30680e+01
1.35600e+03 1.33736e+01
1.35700e+03 1.36792e+01
1.35800e+03 1.39848e+01
1.35900e+03 1.42904e+01
1.36000e+03 1.45960e+01
1.36100e+03 1.49016e+01
1.36200e+03 1.52072e+01
1.36300e+03 1.55128e+01
1.36400e+03 1.58184e+01
1.36500e+03 1.61240e+01
1.36600e+03 1.64296e+01
1.36700e+03 1.67352e+01
1.36800e+03 1.70408e+01
1.36900e+03 1.73464e+01
1.37000e+03 1.76520e+01
1.37100e+03 1.76642e+01
1.37200e+03 1.76764e+01
1.37300e+03 1.76886e+01
1.37400e+03 1.77008e+01
1.37500e+03 1.77130e+01
1.37600e+03 1.77252e+01
1.37700e+03 1.77374e+01
1.37800e+03 1.77496e+01
1.37900e+03 1.77618e+01
1.38000e+03 1.77740e+01
1.38100e+03 1.74928e+01
1.38200e+03 1.72116e+01
1.38300e+03 1.69304e+01
1.38400e+03 1.66492e+01
1.38500e+03 1.63680e+01
1.38600e+03 1.60868e+01
1.38700e+03 1.58056e+01
1.38800e+03 1.55244e+01
1.38900e+03 1.52432e+01
1.39000e+03 1.49620e+01
1.39100e+03 1.46808e+01
1.39200e+03 1.43996e+01
1.39300e+03 1.41184e+01
1.39400e+03 1.38372e+01
1.39500e+03 1.35560e+01
1.39600e+03 1.32748e+01
1.39700e+03 1.29936e+01
1.39800e+03 1.27124e+01
1.39900e+03 1.24312e+01
1.40000e+03 1.21500e+01
1.40100e+03 1.26744e+01
1.40200e+03 1.31988e+01
1.40300e+03 1.37232e+01
1.40400e+03 1.42476e+01
1.40500e+03 1.47720e+01
1.40600e+03 1.52964e+01
1.40700e+03 1.58208e+01
1.40800e+03 1.63452e+01
1.40900e+03 1.68696e+01
1.41000e+03 1.73940e+01
1.41100e+03 1.79184e+01
1.41200e+03 1.84428e+01
1.41300e+03 1.89672e+01
1.41400e+03 1.94916e+01
1.41500e+03 2.00160e+01
1.41600e+03 2.05404e+01
1.41700e+03 2.10648e+01
1.41800e+03 2.15892e+01
1.41900e+03 2.21136e+01
1.42000e+03 2.26380e+01
1.42100e+03 2.30784e+01
1.42200e+03 2.35188e+01
1.42300e+03 2.39592e+01
1.42400e+03 2.43996e+01
1.42500e+03 2.48400e+01
1.42600e+03 2.52804e+01
1.42700e+03 2.57208e+01
1.42800e+03 2.61612e+01
1.42900e+03 2.66016e+01
1.43000e+03 2.70420e+01
1.43100e+03 2.73984e+01
1.43200e+03 2.77548e+01
1.43300e+03 2.81112e+01
1.43400e+03 2.84676e+01
1.43500e+03 2.88240e+01
1.43600e+03 2.91804e+01
1.43700e+03 2.95368e+01
1.43800e+03 2.98932e+01
1.43900e+03 3.02496e+01
1.44000e+03 3.06060e+01
1.44100e+03 3.09937e+01
1.44200e+03 3.13188e+01
1.44300e+03 3.16752e+01
1.44400e+03 3.20316e+01
1.44500e+03 3.23880e+01
1.44600e+03 3.27444e+01
1.44700e+03 3.31008e+01
1.44800e+03 3.34572e+01
1.44900e+03 3.38136e+01
1.45000e+03 3.41700e+01
1.45100e+03 3.42944e+01
1.45200e+03 3.44188e+01
1.45300e+03 3.45432e+01
1.45400e+03 3.46676e+01
1.45500e+03 3.47920e+01
1.45600e+03 3.49164e+01
1.45700e+03 3.50408e+01
1.45800e+03 3.51652e+01
1.45900e+03 3.52896e+01
1.46000e+03 3.54140e+01
1.46100e+03 3.55384e+01
1.46200e+03 3.56628e+01
1.46300e+03 3.57872e+01
1.46400e+03 3.59116e+01
1.46500e+03 3.60360e+01
1.46600e+03 3.61604e+01
1.46700e+03 3.62848e+01
1.46800e+03 3.64092e+01
1.46900e+03 3.65336e+01
1.47000e+03 3.66580e+01
1.47100e+03 3.66728e+01
1.47200e+03 3.66876e+01
1.47300e+03 3.67024e+01
1.47400e+03 3.67172e+01
1.47500e+03 3.67320e+01
1.47600e+03 3.67468e+01
1.47700e+03 3.67616e+01
1.47800e+03 3.67764e+01
1.47900e+03 3.67912e+01
1.48000e+03 3.68060e+01
1.48100e+03 3.67112e+01
1.48200e+03 3.66164e+01
1.48300e+03 3.65216e+01
1.48400e+03 3.64268e+01
1.48500e+03 3.63320e+01
1.48600e+03 3.62372e+01
1.48700e+03 3.61424e+01
1.48800e+03 3.60476e+01
1.48900e+03 3.59528e+01
1.49000e+03 3.58580e+01
1.49100e+03 3.57632e+01
1.49200e+03 3.56684e+01
1.49300e+03 3.55736e+01
1.49400e+03 3.54788e+01
1.49500e+03 3.53840e+01
1.49600e+03 3.52892e+01
1.49700e+03 3.51944e+01
1.49800e+03 3.50996e+01
1.49900e+03 3.50048e+01
1.50000e+03 3.49100e+01
1.50100e+03 3.48988e+01
1.50200e+03 3.48876e+01
1.50300e+03 3.48764e+01
1.50400e+03 3.48652e+01
1.50500e+03 3.48540e+01
1.50600e+03 3.48428e+01
1.50700e+03 3.48316e+01
1.50800e+03 3.48204e+01
1.50900e+03 3.48092e+01
1.51000e+03 3.47980e+01
1.51100e+03 3.47868e+01
1.51200e+03 3.47756e+01
1.51300e+03 3.47644e+01
1.51400e+03 3.47532e+01
1.51500e+03 3.47420e+01
1.51600e+03 3.47308e+01
1.51700e+03 3.47196e+01
1.51800e+03 3.47084e+01
1.51900e+03 3.46972e+01
1.52000e+03 3.46860e+01
1.52100e+03 3.45116e+01
1.52200e+03 3.43372e+01
1.52300e+03 3.41628e+01
1.52400e+03 3.39884e+01
1.52500e+03 3.38140e+01
1.52600e+03 3.36396e+01
1.52700e+03 3.34652e+01
1.52800e+03 3.32908e+01
1.52900e+03 3.31164e+01
1.53000e+03 3.29420e+01
1.53100e+03 3.26044e+01
1.53200e+03 3.22668e+01
1.53300e+03 3.19292e+01
1.53400e+03 3.15916e+01
1.53500e+03 3.12540e+01
1.53600e+03 3.09164e+01
1.53700e+03 3.05788e+01
1.53800e+03 3.02412e+01
1.53900e+03 2.99036e+01
1.54000e+03 2.95660e+01
1.54100e+03 2.92284e+01
1.54200e+03 2.88908e+01
1.54300e+03 2.85532e+01
1.54400e+03 2.82156e+01
1.54500e+03 2.78780e+01
1.54600e+03 2.75404e+01
1.54700e+03 2.72028e+01
1.54800e+03 2.68652e+01
1.54900e+03 2.65276e+01
1.55000e+03 2.61900e+01
1.55100e+03 2.61797e+01
1.55200e+03 2.61693e+01
1.55300e+03 2.61590e+01
1.55400e+03 2.61487e+01
1.55500e+03 2.61383e+01
1.55600e+03 2.61280e+01
1.55700e+03 2.61177e+01
1.55800e+03 2.61074e+01
1.55900e+03 2.60970e+01
1.56000e+03 2.60867e+01
1.56100e+03 2.60764e+01
1.56200e+03 2.60660e+01
1.56300e+03 2.60557e+01
1.56400e+03 2.60453e+01
1.56500e+03 2.60350e+01
1.56600e+03 2.60247e+01
1.56700e+03 2.60143e+01
1.56800e+03 2.60040e+01
1.56900e+03 2.59936e+01
1.57000e+03 2.59833e+01
1.57100e+03 2.59730e+01
1.57200e+03 2.59626e+01
1.57300e+03 2.59523e+01
1.57400e+03 2.59420e+01
1.57500e+03 2.59316e+01
1.57600e+03 2.59213e+01
1.57700e+03 2.59110e+01
1.57800e+03 2.59007e+01
1.57900e+03 2.58903e+01
1.58000e+03 2.58800e+01
1.58100e+03 2.58697e+01
1.58200e+03 2.58593e+01
1.58300e+03 2.58490e+01
1.58400e+03 2.58387e+01
1.58500e+03 2.58284e+01
1.58600e+03 2.58180e+01
1.58700e+03 2.58077e+01
1.58800e+03 2.57974e+01
1.58900e+03 2.57870e+01
1.59000e+03 2.57767e+01
1.59100e+03 2.57664e+01
1.59200e+03 2.57560e+01
1.59300e+03 2.57457e+01
1.59400e+03 2.57353e+01
1.59500e+03 2.57250e+01
1.59600e+03 2.57147e+01
1.59700e+03 2.57043e+01
1.59800e+03 2.56940e+01
1.59900e+03 2.56836e+01
1.60000e+03 2.56733e+01
1.60100e+03 2.56630e+01
1.60200e+03 2.56526e+01
1.60300e+03 2.56423e+01
1.60400e+03 2.56320e+01
1.60500e+03 2.56217e+01
1.60600e+03 2.56113e+01
1.60700e+03 2.56010e+01
1.60800e+03 2.55907e+01
1.60900e+03 2.55803e+01
1.61000e+03 2.55700e+01
1.61100e+03 2.53290e+01
1.61200e+03 2.50880e+01
1.61300e+03 2.48470e+01
1.61400e+03 2.46060e+01
1.61500e+03 2.43650e+01
1.61600e+03 2.41240e+01
1.61700e+03 2.38830e+01
1.61800e+03 2.36420e+01
1.61900e+03 2.34010e+01
1.62000e+03 2.31600e+01
1.62100e+03 2.29190e+01
1.62200e+03 2.26780e+01
1.62300e+03 2.24370e+01
1.62400e+03 2.21960e+01
1.62500e+03 2.19550e+01
1.62600e+03 2.17140e+01
1.62700e+03 2.14730e+01
1.62800e+03 2.12320e+01
1.62900e+03 2.09910e+01
1.63000e+03 2.07500e+01
1.63100e+03 2.05090e+01
1.63200e+03 2.02680e+01
1.63300e+03 2.00270e+01
1.63400e+03 1.97860e+01
1.63500e+03 1.95450e+01
1.63600e+03 1.93040e+01
1.63700e+03 1.90630e+01
1.63800e+03 1.88220e+01
1.63900e+03 1.85810e+01
1.64000e+03 1.83400e+01
1.64100e+03 1.80990e+01
1.64200e+03 1.78580e+01
1.64300e+03 1.76170e+01
1.64400e+03 1.73760e+01
1.64500e+03 1.71350e+01
1.64600e+03 1.68940e+01
1.64700e+03 1.66530e+01
1.64800e+03 1.64120e+01
1.64900e+03 1.61710e+01
1.65000e+03 1.59300e+01
1.65100e+03 1.58554e+01
1.65200e+03 1.57808e+01
1.65300e+03 1.57062e+01
1.65400e+03 1.56316e+01
1.65500e+03 1.55570e+01
1.65600e+03 1.54824e+01
1.65700e+03 1.54078e+01
1.65800e+03 1.53332e+01
1.65900e+03 1.52586e+01
1.66000e+03 1.51840e+01
1.66100e+03 1.51094e+01
1.66200e+03 1.50348e+01
1.66300e+03 1.49602e+01
1.66400e+03 1.48856e+01
1.66500e+03 1.48110e+01
1.66600e+03 1.47364e+01
1.66700e+03 1.46618e+01
1.66800e+03 1.45872e+01
1.66900e+03 1.45126e+01
1.67000e+03 1.44380e+01
1.67100e+03 1.43634e+01
1.67200e+03 1.42888e+01
1.67300e+03 1.42142e+01
1.67400e+03 1.41396e+01
1.67500e+03 1.40650e+01
1.67600e+03 1.39904e+01
1.67700e+03 1.39158e+01
1.67800e+03 1.38412e+01
1.67900e+03 1.37666e+01
1.68000e+03 1.36920e+01
1.68100e+03 1.36174e+01
1.68200e+03 1.35428e+01
1.68300e+03 1.34682e+01
1.68400e+03 1.33936e+01
1.68500e+03 1.33190e+01
1.68600e+03 1.32444e+01
1.68700e+03 1.31698e+01
1.68800e+03 1.30952e+01
1.68900e+03 1.30206e+01
1.69000e+03 1.29460e+01
1.69100e+03 1.28714e+01
1.69200e+03 1.27968e+01
1.69300e+03 1.27222e+01
1.69400e+03 1.26476e+01
1.69500e+03 1.25730e+01
1.69600e+03 1.24984e+01
1.69700e+03 1.24238e+01
1.69800e+03 1.23492e+01
1.69900e+03 1.22746e+01
1.70000e+03 1.22000e+01
1.70100e+03 1.21670e+01
1.70200e+03 1.21340e+01
1.70300e+03 1.21010e+01
1.70400e+03 1.20680e+01
1.70500e+03 1.20350e+01
1.70600e+03 1.20020e+01
1.70700e+03 1.19690e+01
1.70800e+03 1.19360e+01
1.70900e+03 1.19030e+01
1.71000e+03 1.18700e+01
1.71100e+03 1.18370e+01
1.71200e+03 1.18040e+01
1.71300e+03 1.17710e+01
1.71400e+03 1.17380e+01
1.71500e+03 1.17050e+01
1.71600e+03 1.16720e+01
1.71700e+03 1.16390e+01
1.71800e+03 1.16060e+01
1.71900e+03 1.15730e+01
1.72000e+03 1.15400e+01
1.72100e+03 1.15070e+01
1.72200e+03 1.14740e+01
1.72300e+03 1.14410e+01
1.72400e+03 1.14080e+01
1.72500e+03 1.13750e+01
1.72600e+03 1.13420e+01
1.72700e+03 1.13090e+01
1.72800e+03 1.12760e+01
1.72900e+03 1.12430e+01
1.73000e+03 1.12100e+01
1.73100e+03 1.11770e+01
1.73200e+03 1.11440e+01
1.73300e+03 1.11110e+01
1.73400e+03 1.10780e+01
1.73500e+03 1.10450e+01
1.73600e+03 1.10120e+01
1.73700e+03 1.09790e+01
1.73800e+03 1.09460e+01
1.73900e+03 1.09130e+01
1.74000e+03 1.08800e+01
1.74100e+03 1.08470e+01
1.74200e+03 1.08140e+01
1.74300e+03 1.07810e+01
1.74400e+03 1.07480e+01
1.74500e+03 1.07150e+01
1.74600e+03 1.06820e+01
1.74700e+03 1.06490e+01
1.74800e+03 1.06160e+01
1.74900e+03 1.05830e+01
1.75000e+03 1.05500e+01
1.75100e+03 1.03596e+01
1.75200e+03 1.01692e+01
1.75300e+03 9.97880e+00
1.75400e+03 9.78840e+00
1.75500e+03 9.59800e+00
1.75600e+03 9.40760e+00
1.75700e+03 9.21720e+00
1.75800e+03 9.02680e+00
1.75900e+03 8.83640e+00
1.76000e+03 8.64600e+00
1.76100e+03 8.45560e+00
1.76200e+03 8.26520e+00
1.76300e+03 8.07480e+00
1.76400e+03 7.88440e+00
1.76500e+03 7.69400e+00
1.76600e+03 7.50360e+00
1.76700e+03 7.31320e+00
1.76800e+03 7.12280e+00
1.76900e+03 6.93240e+00
1.77000e+03 6.74200e+00
1.77100e+03 6.55160e+00
1.77200e+03 6.36120e+00
1.77300e+03 6.17080e+00
1.77400e+03 5.98040e+00
1.77500e+03 5.79000e+00
1.77600e+03 5.59960e+00
1.77700e+03 5.40920e+00
1.77800e+03 5.21880e+00
1.77900e+03 5.02840e+00
1.78000e+03 4.83800e+00
1.78100e+03 4.64760e+00
1.78200e+03 4.45720e+00
1.78300e+03 4.26680e+00
1.78400e+03 4.07640e+00
1.78500e+03 3.88600e+00
1.78600e+03 3.69560e+00
1.78700e+03 3.50520e+00
1.78800e+03 3.31480e+00
1.78900e+03 3.12440e+00
1.79000e+03 2.93400e+00
1.79100e+03 2.74360e+00
1.79200e+03 2.55320e+00
1.79300e+03 2.36280e+00
1.79400e+03 2.17240e+00
1.79500e+03 1.98200e+00
1.79600e+03 1.79160e+00
1.79700e+03 1.60120e+00
1.79800e+03 1.41080e+00
1.79900e+03 1.22040e+00
1.80000e+03 1.03000e+00
1.80100e+03 9.27000e-01
1.80200e+03 8.24000e-01
1.80300e+03 7.21000e-01
1.80400e+03 6.18000e-01
1.80500e+03 5.15000e-01
1.80600e+03 4.12000e-01
1.80700e+03 3.09000e-01
1.80800e+03 2.06000e-01
1.80900e+03 1.03000e-01
1.81000e+03 0.00000e+00
