# Filter name : GALEX/GALEX.NUV
# Description : GALEX NUV
# Photometric system : GALEX
# FilterType : photon
# Band name : ------
# Observatory : GALEX
# Instrument : ------
# Comments : ------
# 
1.69000e+03 0.00000e+00
1.69100e+03 2.45000e-01
1.69200e+03 4.90000e-01
1.69300e+03 7.35000e-01
1.69400e+03 9.80000e-01
1.69500e+03 1.22500e+00
1.69600e+03 1.47000e+00
1.69700e+03 1.71500e+00
1.69800e+03 1.96000e+00
1.69900e+03 2.20500e+00
1.70000e+03 2.45000e+00
1.70100e+03 2.46760e+00
1.70200e+03 2.48520e+00
1.70300e+03 2.50280e+00
1.70400e+03 2.52040e+00
1.70500e+03 2.53800e+00
1.70600e+03 2.55560e+00
1.70700e+03 2.57320e+00
1.70800e+03 2.59080e+00
1.70900e+03 2.60840e+00
1.71000e+03 2.62600e+00
1.71100e+03 2.64360e+00
1.71200e+03 2.66120e+00
1.71300e+03 2.67880e+00
1.71400e+03 2.69640e+00
1.71500e+03 2.71400e+00
1.71600e+03 2.73160e+00
1.71700e+03 2.74920e+00
1.71800e+03 2.76680e+00
1.71900e+03 2.78440e+00
1.72000e+03 2.80200e+00
1.72100e+03 2.81960e+00
1.72200e+03 2.83720e+00
1.72300e+03 2.85480e+00
1.72400e+03 2.87240e+00
1.72500e+03 2.89000e+00
1.72600e+03 2.90760e+00
1.72700e+03 2.92520e+00
1.72800e+03 2.94280e+00
1.72900e+03 2.96040e+00
1.73000e+03 2.97800e+00
1.73100e+03 2.99560e+00
1.73200e+03 3.01320e+00
1.73300e+03 3.03080e+00
1.73400e+03 3.04840e+00
1.73500e+03 3.06600e+00
1.73600e+03 3.08360e+00
1.73700e+03 3.10120e+00
1.73800e+03 3.11880e+00
1.73900e+03 3.13640e+00
1.74000e+03 3.15400e+00
1.74100e+03 3.17160e+00
1.74200e+03 3.18920e+00
1.74300e+03 3.20680e+00
1.74400e+03 3.22440e+00
1.74500e+03 3.24200e+00
1.74600e+03 3.25960e+00
1.74700e+03 3.27720e+00
1.74800e+03 3.29480e+00
1.74900e+03 3.31240e+00
1.75000e+03 3.33000e+00
1.75100e+03 3.46720e+00
1.75200e+03 3.60440e+00
1.75300e+03 3.74160e+00
1.75400e+03 3.87880e+00
1.75500e+03 4.01600e+00
1.75600e+03 4.15320e+00
1.75700e+03 4.29040e+00
1.75800e+03 4.42760e+00
1.75900e+03 4.56480e+00
1.76000e+03 4.70200e+00
1.76100e+03 4.83920e+00
1.76200e+03 4.97640e+00
1.76300e+03 5.11360e+00
1.76400e+03 5.25080e+00
1.76500e+03 5.38800e+00
1.76600e+03 5.52520e+00
1.76700e+03 5.66240e+00
1.76800e+03 5.79960e+00
1.76900e+03 5.93680e+00
1.77000e+03 6.07400e+00
1.77100e+03 6.21120e+00
1.77200e+03 6.34840e+00
1.77300e+03 6.48560e+00
1.77400e+03 6.62280e+00
1.77500e+03 6.76000e+00
1.77600e+03 6.89720e+00
1.77700e+03 7.03440e+00
1.77800e+03 7.17160e+00
1.77900e+03 7.30880e+00
1.78000e+03 7.44600e+00
1.78100e+03 7.58320e+00
1.78200e+03 7.72040e+00
1.78300e+03 7.85760e+00
1.78400e+03 7.99480e+00
1.78500e+03 8.13200e+00
1.78600e+03 8.26920e+00
1.78700e+03 8.40640e+00
1.78800e+03 8.54360e+00
1.78900e+03 8.68080e+00
1.79000e+03 8.81800e+00
1.79100e+03 8.95520e+00
1.79200e+03 9.09240e+00
1.79300e+03 9.22960e+00
1.79400e+03 9.36680e+00
1.79500e+03 9.50400e+00
1.79600e+03 9.64120e+00
1.79700e+03 9.77840e+00
1.79800e+03 9.91560e+00
1.79900e+03 1.00528e+01
1.80000e+03 1.01900e+01
1.80100e+03 1.03380e+01
1.80200e+03 1.04860e+01
1.80300e+03 1.06340e+01
1.80400e+03 1.07820e+01
1.80500e+03 1.09300e+01
1.80600e+03 1.10780e+01
1.80700e+03 1.12260e+01
1.80800e+03 1.13740e+01
1.80900e+03 1.15220e+01
1.81000e+03 1.16700e+01
1.81100e+03 1.18180e+01
1.81200e+03 1.19660e+01
1.81300e+03 1.21140e+01
1.81400e+03 1.22620e+01
1.81500e+03 1.24100e+01
1.81600e+03 1.25580e+01
1.81700e+03 1.27060e+01
1.81800e+03 1.28540e+01
1.81900e+03 1.30020e+01
1.82000e+03 1.31500e+01
1.82100e+03 1.32980e+01
1.82200e+03 1.34460e+01
1.82300e+03 1.35940e+01
1.82400e+03 1.37420e+01
1.82500e+03 1.38900e+01
1.82600e+03 1.40380e+01
1.82700e+03 1.41860e+01
1.82800e+03 1.43340e+01
1.82900e+03 1.44820e+01
1.83000e+03 1.46300e+01
1.83100e+03 1.47780e+01
1.83200e+03 1.49260e+01
1.83300e+03 1.50740e+01
1.83400e+03 1.52220e+01
1.83500e+03 1.53700e+01
1.83600e+03 1.55180e+01
1.83700e+03 1.56660e+01
1.83800e+03 1.58140e+01
1.83900e+03 1.59620e+01
1.84000e+03 1.61100e+01
1.84100e+03 1.62580e+01
1.84200e+03 1.64060e+01
1.84300e+03 1.65540e+01
1.84400e+03 1.67020e+01
1.84500e+03 1.68500e+01
1.84600e+03 1.69980e+01
1.84700e+03 1.71460e+01
1.84800e+03 1.72940e+01
1.84900e+03 1.74420e+01
1.85000e+03 1.75900e+01
1.85100e+03 1.77720e+01
1.85200e+03 1.79540e+01
1.85300e+03 1.81360e+01
1.85400e+03 1.83180e+01
1.85500e+03 1.85000e+01
1.85600e+03 1.86820e+01
1.85700e+03 1.88640e+01
1.85800e+03 1.90460e+01
1.85900e+03 1.92280e+01
1.86000e+03 1.94100e+01
1.86100e+03 1.95920e+01
1.86200e+03 1.97740e+01
1.86300e+03 1.99560e+01
1.86400e+03 2.01380e+01
1.86500e+03 2.03200e+01
1.86600e+03 2.05020e+01
1.86700e+03 2.06840e+01
1.86800e+03 2.08660e+01
1.86900e+03 2.10480e+01
1.87000e+03 2.12300e+01
1.87100e+03 2.14120e+01
1.87200e+03 2.15940e+01
1.87300e+03 2.17760e+01
1.87400e+03 2.19580e+01
1.87500e+03 2.21400e+01
1.87600e+03 2.23220e+01
1.87700e+03 2.25040e+01
1.87800e+03 2.26860e+01
1.87900e+03 2.28680e+01
1.88000e+03 2.30500e+01
1.88100e+03 2.32320e+01
1.88200e+03 2.34140e+01
1.88300e+03 2.35960e+01
1.88400e+03 2.37780e+01
1.88500e+03 2.39600e+01
1.88600e+03 2.41420e+01
1.88700e+03 2.43240e+01
1.88800e+03 2.45060e+01
1.88900e+03 2.46880e+01
1.89000e+03 2.48700e+01
1.89100e+03 2.50520e+01
1.89200e+03 2.52340e+01
1.89300e+03 2.54160e+01
1.89400e+03 2.55980e+01
1.89500e+03 2.57800e+01
1.89600e+03 2.59620e+01
1.89700e+03 2.61440e+01
1.89800e+03 2.63260e+01
1.89900e+03 2.65080e+01
1.90000e+03 2.66900e+01
1.90100e+03 2.68236e+01
1.90200e+03 2.69572e+01
1.90300e+03 2.70908e+01
1.90400e+03 2.72244e+01
1.90500e+03 2.73580e+01
1.90600e+03 2.74916e+01
1.90700e+03 2.76252e+01
1.90800e+03 2.77588e+01
1.90900e+03 2.78924e+01
1.91000e+03 2.80260e+01
1.91100e+03 2.81596e+01
1.91200e+03 2.82932e+01
1.91300e+03 2.84268e+01
1.91400e+03 2.85604e+01
1.91500e+03 2.86940e+01
1.91600e+03 2.88276e+01
1.91700e+03 2.89612e+01
1.91800e+03 2.90948e+01
1.91900e+03 2.92284e+01
1.92000e+03 2.93620e+01
1.92100e+03 2.94956e+01
1.92200e+03 2.96292e+01
1.92300e+03 2.97628e+01
1.92400e+03 2.98964e+01
1.92500e+03 3.00300e+01
1.92600e+03 3.01636e+01
1.92700e+03 3.02972e+01
1.92800e+03 3.04308e+01
1.92900e+03 3.05644e+01
1.93000e+03 3.06980e+01
1.93100e+03 3.08316e+01
1.93200e+03 3.09652e+01
1.93300e+03 3.10988e+01
1.93400e+03 3.12324e+01
1.93500e+03 3.13660e+01
1.93600e+03 3.14996e+01
1.93700e+03 3.16332e+01
1.93800e+03 3.17668e+01
1.93900e+03 3.19004e+01
1.94000e+03 3.20340e+01
1.94100e+03 3.21676e+01
1.94200e+03 3.23012e+01
1.94300e+03 3.24348e+01
1.94400e+03 3.25684e+01
1.94500e+03 3.27020e+01
1.94600e+03 3.28356e+01
1.94700e+03 3.29692e+01
1.94800e+03 3.31028e+01
1.94900e+03 3.32364e+01
1.95000e+03 3.33700e+01
1.95100e+03 3.36012e+01
1.95200e+03 3.38324e+01
1.95300e+03 3.40636e+01
1.95400e+03 3.42948e+01
1.95500e+03 3.45260e+01
1.95600e+03 3.47572e+01
1.95700e+03 3.49884e+01
1.95800e+03 3.52196e+01
1.95900e+03 3.54508e+01
1.96000e+03 3.56820e+01
1.96100e+03 3.59132e+01
1.96200e+03 3.61444e+01
1.96300e+03 3.63756e+01
1.96400e+03 3.66068e+01
1.96500e+03 3.68380e+01
1.96600e+03 3.70692e+01
1.96700e+03 3.73004e+01
1.96800e+03 3.75316e+01
1.96900e+03 3.77628e+01
1.97000e+03 3.79940e+01
1.97100e+03 3.82252e+01
1.97200e+03 3.84564e+01
1.97300e+03 3.86876e+01
1.97400e+03 3.89188e+01
1.97500e+03 3.91500e+01
1.97600e+03 3.93812e+01
1.97700e+03 3.96124e+01
1.97800e+03 3.98436e+01
1.97900e+03 4.00748e+01
1.98000e+03 4.03060e+01
1.98100e+03 4.05372e+01
1.98200e+03 4.07684e+01
1.98300e+03 4.09996e+01
1.98400e+03 4.12308e+01
1.98500e+03 4.14620e+01
1.98600e+03 4.16932e+01
1.98700e+03 4.19244e+01
1.98800e+03 4.21556e+01
1.98900e+03 4.23868e+01
1.99000e+03 4.26180e+01
1.99100e+03 4.28492e+01
1.99200e+03 4.30804e+01
1.99300e+03 4.33116e+01
1.99400e+03 4.35428e+01
1.99500e+03 4.37740e+01
1.99600e+03 4.40052e+01
1.99700e+03 4.42364e+01
1.99800e+03 4.44676e+01
1.99900e+03 4.46988e+01
2.00000e+03 4.49300e+01
2.00100e+03 4.49736e+01
2.00200e+03 4.50172e+01
2.00300e+03 4.50608e+01
2.00400e+03 4.51044e+01
2.00500e+03 4.51480e+01
2.00600e+03 4.51916e+01
2.00700e+03 4.52352e+01
2.00800e+03 4.52788e+01
2.00900e+03 4.53224e+01
2.01000e+03 4.53660e+01
2.01100e+03 4.54096e+01
2.01200e+03 4.54532e+01
2.01300e+03 4.54968e+01
2.01400e+03 4.55404e+01
2.01500e+03 4.55840e+01
2.01600e+03 4.56276e+01
2.01700e+03 4.56712e+01
2.01800e+03 4.57148e+01
2.01900e+03 4.57584e+01
2.02000e+03 4.58020e+01
2.02100e+03 4.58456e+01
2.02200e+03 4.58892e+01
2.02300e+03 4.59328e+01
2.02400e+03 4.59764e+01
2.02500e+03 4.60200e+01
2.02600e+03 4.60636e+01
2.02700e+03 4.61072e+01
2.02800e+03 4.61508e+01
2.02900e+03 4.61944e+01
2.03000e+03 4.62380e+01
2.03100e+03 4.62816e+01
2.03200e+03 4.63252e+01
2.03300e+03 4.63688e+01
2.03400e+03 4.64124e+01
2.03500e+03 4.64560e+01
2.03600e+03 4.64996e+01
2.03700e+03 4.65432e+01
2.03800e+03 4.65868e+01
2.03900e+03 4.66304e+01
2.04000e+03 4.66740e+01
2.04100e+03 4.67176e+01
2.04200e+03 4.67612e+01
2.04300e+03 4.68048e+01
2.04400e+03 4.68484e+01
2.04500e+03 4.68920e+01
2.04600e+03 4.69356e+01
2.04700e+03 4.69792e+01
2.04800e+03 4.70228e+01
2.04900e+03 4.70664e+01
2.05000e+03 4.71100e+01
2.05100e+03 4.72198e+01
2.05200e+03 4.73296e+01
2.05300e+03 4.74394e+01
2.05400e+03 4.75492e+01
2.05500e+03 4.76590e+01
2.05600e+03 4.77688e+01
2.05700e+03 4.78786e+01
2.05800e+03 4.79884e+01
2.05900e+03 4.80982e+01
2.06000e+03 4.82080e+01
2.06100e+03 4.83178e+01
2.06200e+03 4.84276e+01
2.06300e+03 4.85374e+01
2.06400e+03 4.86472e+01
2.06500e+03 4.87570e+01
2.06600e+03 4.88668e+01
2.06700e+03 4.89766e+01
2.06800e+03 4.90864e+01
2.06900e+03 4.91962e+01
2.07000e+03 4.93060e+01
2.07100e+03 4.94158e+01
2.07200e+03 4.95256e+01
2.07300e+03 4.96354e+01
2.07400e+03 4.97452e+01
2.07500e+03 4.98550e+01
2.07600e+03 4.99648e+01
2.07700e+03 5.00746e+01
2.07800e+03 5.01844e+01
2.07900e+03 5.02942e+01
2.08000e+03 5.04040e+01
2.08100e+03 5.05138e+01
2.08200e+03 5.06236e+01
2.08300e+03 5.07334e+01
2.08400e+03 5.08432e+01
2.08500e+03 5.09530e+01
2.08600e+03 5.10628e+01
2.08700e+03 5.11726e+01
2.08800e+03 5.12824e+01
2.08900e+03 5.13922e+01
2.09000e+03 5.15020e+01
2.09100e+03 5.16118e+01
2.09200e+03 5.17216e+01
2.09300e+03 5.18314e+01
2.09400e+03 5.19412e+01
2.09500e+03 5.20510e+01
2.09600e+03 5.21608e+01
2.09700e+03 5.22706e+01
2.09800e+03 5.23804e+01
2.09900e+03 5.24902e+01
2.10000e+03 5.26000e+01
2.10100e+03 5.27380e+01
2.10200e+03 5.28760e+01
2.10300e+03 5.30140e+01
2.10400e+03 5.31520e+01
2.10500e+03 5.32900e+01
2.10600e+03 5.34280e+01
2.10700e+03 5.35660e+01
2.10800e+03 5.37040e+01
2.10900e+03 5.38420e+01
2.11000e+03 5.39800e+01
2.11100e+03 5.41180e+01
2.11200e+03 5.42560e+01
2.11300e+03 5.43940e+01
2.11400e+03 5.45320e+01
2.11500e+03 5.46700e+01
2.11600e+03 5.48080e+01
2.11700e+03 5.49460e+01
2.11800e+03 5.50840e+01
2.11900e+03 5.52220e+01
2.12000e+03 5.53600e+01
2.12100e+03 5.54980e+01
2.12200e+03 5.56360e+01
2.12300e+03 5.57740e+01
2.12400e+03 5.59120e+01
2.12500e+03 5.60500e+01
2.12600e+03 5.61880e+01
2.12700e+03 5.63260e+01
2.12800e+03 5.64640e+01
2.12900e+03 5.66020e+01
2.13000e+03 5.67400e+01
2.13100e+03 5.68780e+01
2.13200e+03 5.70160e+01
2.13300e+03 5.71540e+01
2.13400e+03 5.72920e+01
2.13500e+03 5.74300e+01
2.13600e+03 5.75680e+01
2.13700e+03 5.77060e+01
2.13800e+03 5.78440e+01
2.13900e+03 5.79820e+01
2.14000e+03 5.81200e+01
2.14100e+03 5.82580e+01
2.14200e+03 5.83960e+01
2.14300e+03 5.85340e+01
2.14400e+03 5.86720e+01
2.14500e+03 5.88100e+01
2.14600e+03 5.89480e+01
2.14700e+03 5.90860e+01
2.14800e+03 5.92240e+01
2.14900e+03 5.93620e+01
2.15000e+03 5.95000e+01
2.15100e+03 5.95432e+01
2.15200e+03 5.95864e+01
2.15300e+03 5.96296e+01
2.15400e+03 5.96728e+01
2.15500e+03 5.97160e+01
2.15600e+03 5.97592e+01
2.15700e+03 5.98024e+01
2.15800e+03 5.98456e+01
2.15900e+03 5.98888e+01
2.16000e+03 5.99320e+01
2.16100e+03 5.99752e+01
2.16200e+03 6.00184e+01
2.16300e+03 6.00616e+01
2.16400e+03 6.01048e+01
2.16500e+03 6.01480e+01
2.16600e+03 6.01912e+01
2.16700e+03 6.02344e+01
2.16800e+03 6.02776e+01
2.16900e+03 6.03208e+01
2.17000e+03 6.03640e+01
2.17100e+03 6.04072e+01
2.17200e+03 6.04504e+01
2.17300e+03 6.04936e+01
2.17400e+03 6.05368e+01
2.17500e+03 6.05800e+01
2.17600e+03 6.06232e+01
2.17700e+03 6.06664e+01
2.17800e+03 6.07096e+01
2.17900e+03 6.07528e+01
2.18000e+03 6.07960e+01
2.18100e+03 6.08392e+01
2.18200e+03 6.08824e+01
2.18300e+03 6.09256e+01
2.18400e+03 6.09688e+01
2.18500e+03 6.10120e+01
2.18600e+03 6.10552e+01
2.18700e+03 6.10984e+01
2.18800e+03 6.11416e+01
2.18900e+03 6.11848e+01
2.19000e+03 6.12280e+01
2.19100e+03 6.12712e+01
2.19200e+03 6.13144e+01
2.19300e+03 6.13576e+01
2.19400e+03 6.14008e+01
2.19500e+03 6.14440e+01
2.19600e+03 6.14872e+01
2.19700e+03 6.15304e+01
2.19800e+03 6.15736e+01
2.19900e+03 6.16168e+01
2.20000e+03 6.16600e+01
2.20100e+03 6.15552e+01
2.20200e+03 6.14504e+01
2.20300e+03 6.13456e+01
2.20400e+03 6.12408e+01
2.20500e+03 6.11360e+01
2.20600e+03 6.10312e+01
2.20700e+03 6.09264e+01
2.20800e+03 6.08216e+01
2.20900e+03 6.07168e+01
2.21000e+03 6.06120e+01
2.21100e+03 6.05072e+01
2.21200e+03 6.04024e+01
2.21300e+03 6.02976e+01
2.21400e+03 6.01928e+01
2.21500e+03 6.00880e+01
2.21600e+03 5.99832e+01
2.21700e+03 5.98784e+01
2.21800e+03 5.97736e+01
2.21900e+03 5.96688e+01
2.22000e+03 5.95640e+01
2.22100e+03 5.94592e+01
2.22200e+03 5.93544e+01
2.22300e+03 5.92496e+01
2.22400e+03 5.91448e+01
2.22500e+03 5.90400e+01
2.22600e+03 5.89352e+01
2.22700e+03 5.88304e+01
2.22800e+03 5.87256e+01
2.22900e+03 5.86208e+01
2.23000e+03 5.85160e+01
2.23100e+03 5.84112e+01
2.23200e+03 5.83064e+01
2.23300e+03 5.82016e+01
2.23400e+03 5.80968e+01
2.23500e+03 5.79920e+01
2.23600e+03 5.78872e+01
2.23700e+03 5.77824e+01
2.23800e+03 5.76776e+01
2.23900e+03 5.75728e+01
2.24000e+03 5.74680e+01
2.24100e+03 5.73632e+01
2.24200e+03 5.72584e+01
2.24300e+03 5.71536e+01
2.24400e+03 5.70488e+01
2.24500e+03 5.69440e+01
2.24600e+03 5.68392e+01
2.24700e+03 5.67344e+01
2.24800e+03 5.66296e+01
2.24900e+03 5.65248e+01
2.25000e+03 5.64200e+01
2.25100e+03 5.63528e+01
2.25200e+03 5.62856e+01
2.25300e+03 5.62184e+01
2.25400e+03 5.61512e+01
2.25500e+03 5.60840e+01
2.25600e+03 5.60168e+01
2.25700e+03 5.59496e+01
2.25800e+03 5.58824e+01
2.25900e+03 5.58152e+01
2.26000e+03 5.57480e+01
2.26100e+03 5.56808e+01
2.26200e+03 5.56136e+01
2.26300e+03 5.55464e+01
2.26400e+03 5.54792e+01
2.26500e+03 5.54120e+01
2.26600e+03 5.53448e+01
2.26700e+03 5.52776e+01
2.26800e+03 5.52104e+01
2.26900e+03 5.51432e+01
2.27000e+03 5.50760e+01
2.27100e+03 5.50088e+01
2.27200e+03 5.49416e+01
2.27300e+03 5.48744e+01
2.27400e+03 5.48072e+01
2.27500e+03 5.47400e+01
2.27600e+03 5.46728e+01
2.27700e+03 5.46056e+01
2.27800e+03 5.45384e+01
2.27900e+03 5.44712e+01
2.28000e+03 5.44040e+01
2.28100e+03 5.43368e+01
2.28200e+03 5.42696e+01
2.28300e+03 5.42024e+01
2.28400e+03 5.41352e+01
2.28500e+03 5.40680e+01
2.28600e+03 5.40008e+01
2.28700e+03 5.39336e+01
2.28800e+03 5.38664e+01
2.28900e+03 5.37992e+01
2.29000e+03 5.37320e+01
2.29100e+03 5.36648e+01
2.29200e+03 5.35976e+01
2.29300e+03 5.35304e+01
2.29400e+03 5.34632e+01
2.29500e+03 5.33960e+01
2.29600e+03 5.33288e+01
2.29700e+03 5.32616e+01
2.29800e+03 5.31944e+01
2.29900e+03 5.31272e+01
2.30000e+03 5.30600e+01
2.30100e+03 5.29518e+01
2.30200e+03 5.28436e+01
2.30300e+03 5.27354e+01
2.30400e+03 5.26272e+01
2.30500e+03 5.25190e+01
2.30600e+03 5.24108e+01
2.30700e+03 5.23026e+01
2.30800e+03 5.21944e+01
2.30900e+03 5.20862e+01
2.31000e+03 5.19780e+01
2.31100e+03 5.18698e+01
2.31200e+03 5.17616e+01
2.31300e+03 5.16534e+01
2.31400e+03 5.15452e+01
2.31500e+03 5.14370e+01
2.31600e+03 5.13288e+01
2.31700e+03 5.12206e+01
2.31800e+03 5.11124e+01
2.31900e+03 5.10042e+01
2.32000e+03 5.08960e+01
2.32100e+03 5.07878e+01
2.32200e+03 5.06796e+01
2.32300e+03 5.05714e+01
2.32400e+03 5.04632e+01
2.32500e+03 5.03550e+01
2.32600e+03 5.02468e+01
2.32700e+03 5.01386e+01
2.32800e+03 5.00304e+01
2.32900e+03 4.99222e+01
2.33000e+03 4.98140e+01
2.33100e+03 4.97058e+01
2.33200e+03 4.95976e+01
2.33300e+03 4.94894e+01
2.33400e+03 4.93812e+01
2.33500e+03 4.92730e+01
2.33600e+03 4.91648e+01
2.33700e+03 4.90566e+01
2.33800e+03 4.89484e+01
2.33900e+03 4.88402e+01
2.34000e+03 4.87320e+01
2.34100e+03 4.86238e+01
2.34200e+03 4.85156e+01
2.34300e+03 4.84074e+01
2.34400e+03 4.82992e+01
2.34500e+03 4.81910e+01
2.34600e+03 4.80828e+01
2.34700e+03 4.79746e+01
2.34800e+03 4.78664e+01
2.34900e+03 4.77582e+01
2.35000e+03 4.76500e+01
2.35100e+03 4.77116e+01
2.35200e+03 4.77732e+01
2.35300e+03 4.78348e+01
2.35400e+03 4.78964e+01
2.35500e+03 4.79580e+01
2.35600e+03 4.80196e+01
2.35700e+03 4.80812e+01
2.35800e+03 4.81428e+01
2.35900e+03 4.82044e+01
2.36000e+03 4.82660e+01
2.36100e+03 4.83276e+01
2.36200e+03 4.83892e+01
2.36300e+03 4.84508e+01
2.36400e+03 4.85124e+01
2.36500e+03 4.85740e+01
2.36600e+03 4.86356e+01
2.36700e+03 4.86972e+01
2.36800e+03 4.87588e+01
2.36900e+03 4.88204e+01
2.37000e+03 4.88820e+01
2.37100e+03 4.89436e+01
2.37200e+03 4.90052e+01
2.37300e+03 4.90668e+01
2.37400e+03 4.91284e+01
2.37500e+03 4.91900e+01
2.37600e+03 4.92516e+01
2.37700e+03 4.93132e+01
2.37800e+03 4.93748e+01
2.37900e+03 4.94364e+01
2.38000e+03 4.94980e+01
2.38100e+03 4.95596e+01
2.38200e+03 4.96212e+01
2.38300e+03 4.96828e+01
2.38400e+03 4.97444e+01
2.38500e+03 4.98060e+01
2.38600e+03 4.98676e+01
2.38700e+03 4.99292e+01
2.38800e+03 4.99908e+01
2.38900e+03 5.00524e+01
2.39000e+03 5.01140e+01
2.39100e+03 5.01756e+01
2.39200e+03 5.02372e+01
2.39300e+03 5.02988e+01
2.39400e+03 5.03604e+01
2.39500e+03 5.04220e+01
2.39600e+03 5.04836e+01
2.39700e+03 5.05452e+01
2.39800e+03 5.06068e+01
2.39900e+03 5.06684e+01
2.40000e+03 5.07300e+01
2.40100e+03 5.07848e+01
2.40200e+03 5.08396e+01
2.40300e+03 5.08944e+01
2.40400e+03 5.09492e+01
2.40500e+03 5.10040e+01
2.40600e+03 5.10588e+01
2.40700e+03 5.11136e+01
2.40800e+03 5.11684e+01
2.40900e+03 5.12232e+01
2.41000e+03 5.12780e+01
2.41100e+03 5.13328e+01
2.41200e+03 5.13876e+01
2.41300e+03 5.14424e+01
2.41400e+03 5.14972e+01
2.41500e+03 5.15520e+01
2.41600e+03 5.16068e+01
2.41700e+03 5.16616e+01
2.41800e+03 5.17164e+01
2.41900e+03 5.17712e+01
2.42000e+03 5.18260e+01
2.42100e+03 5.18808e+01
2.42200e+03 5.19356e+01
2.42300e+03 5.19904e+01
2.42400e+03 5.20452e+01
2.42500e+03 5.21000e+01
2.42600e+03 5.21548e+01
2.42700e+03 5.22096e+01
2.42800e+03 5.22644e+01
2.42900e+03 5.23192e+01
2.43000e+03 5.23740e+01
2.43100e+03 5.24288e+01
2.43200e+03 5.24836e+01
2.43300e+03 5.25384e+01
2.43400e+03 5.25932e+01
2.43500e+03 5.26480e+01
2.43600e+03 5.27028e+01
2.43700e+03 5.27576e+01
2.43800e+03 5.28124e+01
2.43900e+03 5.28672e+01
2.44000e+03 5.29220e+01
2.44100e+03 5.29768e+01
2.44200e+03 5.30316e+01
2.44300e+03 5.30864e+01
2.44400e+03 5.31412e+01
2.44500e+03 5.31960e+01
2.44600e+03 5.32508e+01
2.44700e+03 5.33056e+01
2.44800e+03 5.33604e+01
2.44900e+03 5.34152e+01
2.45000e+03 5.34700e+01
2.45100e+03 5.34508e+01
2.45200e+03 5.34316e+01
2.45300e+03 5.34124e+01
2.45400e+03 5.33932e+01
2.45500e+03 5.33740e+01
2.45600e+03 5.33548e+01
2.45700e+03 5.33356e+01
2.45800e+03 5.33164e+01
2.45900e+03 5.32972e+01
2.46000e+03 5.32780e+01
2.46100e+03 5.32588e+01
2.46200e+03 5.32396e+01
2.46300e+03 5.32204e+01
2.46400e+03 5.32012e+01
2.46500e+03 5.31820e+01
2.46600e+03 5.31628e+01
2.46700e+03 5.31436e+01
2.46800e+03 5.31244e+01
2.46900e+03 5.31052e+01
2.47000e+03 5.30860e+01
2.47100e+03 5.30668e+01
2.47200e+03 5.30476e+01
2.47300e+03 5.30284e+01
2.47400e+03 5.30092e+01
2.47500e+03 5.29900e+01
2.47600e+03 5.29708e+01
2.47700e+03 5.29516e+01
2.47800e+03 5.29324e+01
2.47900e+03 5.29132e+01
2.48000e+03 5.28940e+01
2.48100e+03 5.28748e+01
2.48200e+03 5.28556e+01
2.48300e+03 5.28364e+01
2.48400e+03 5.28172e+01
2.48500e+03 5.27980e+01
2.48600e+03 5.27788e+01
2.48700e+03 5.27596e+01
2.48800e+03 5.27404e+01
2.48900e+03 5.27212e+01
2.49000e+03 5.27020e+01
2.49100e+03 5.26828e+01
2.49200e+03 5.26636e+01
2.49300e+03 5.26444e+01
2.49400e+03 5.26252e+01
2.49500e+03 5.26060e+01
2.49600e+03 5.25868e+01
2.49700e+03 5.25676e+01
2.49800e+03 5.25484e+01
2.49900e+03 5.25292e+01
2.50000e+03 5.25100e+01
2.50100e+03 5.24924e+01
2.50200e+03 5.24748e+01
2.50300e+03 5.24572e+01
2.50400e+03 5.24396e+01
2.50500e+03 5.24220e+01
2.50600e+03 5.24044e+01
2.50700e+03 5.23868e+01
2.50800e+03 5.23692e+01
2.50900e+03 5.23516e+01
2.51000e+03 5.23340e+01
2.51100e+03 5.23164e+01
2.51200e+03 5.22988e+01
2.51300e+03 5.22812e+01
2.51400e+03 5.22636e+01
2.51500e+03 5.22460e+01
2.51600e+03 5.22284e+01
2.51700e+03 5.22108e+01
2.51800e+03 5.21932e+01
2.51900e+03 5.21756e+01
2.52000e+03 5.21580e+01
2.52100e+03 5.21404e+01
2.52200e+03 5.21228e+01
2.52300e+03 5.21052e+01
2.52400e+03 5.20876e+01
2.52500e+03 5.20700e+01
2.52600e+03 5.20524e+01
2.52700e+03 5.20348e+01
2.52800e+03 5.20172e+01
2.52900e+03 5.19996e+01
2.53000e+03 5.19820e+01
2.53100e+03 5.19644e+01
2.53200e+03 5.19468e+01
2.53300e+03 5.19292e+01
2.53400e+03 5.19116e+01
2.53500e+03 5.18940e+01
2.53600e+03 5.18764e+01
2.53700e+03 5.18588e+01
2.53800e+03 5.18412e+01
2.53900e+03 5.18236e+01
2.54000e+03 5.18060e+01
2.54100e+03 5.17884e+01
2.54200e+03 5.17708e+01
2.54300e+03 5.17532e+01
2.54400e+03 5.17356e+01
2.54500e+03 5.17180e+01
2.54600e+03 5.17004e+01
2.54700e+03 5.16828e+01
2.54800e+03 5.16652e+01
2.54900e+03 5.16476e+01
2.55000e+03 5.16300e+01
2.55100e+03 5.15988e+01
2.55200e+03 5.15676e+01
2.55300e+03 5.15364e+01
2.55400e+03 5.15052e+01
2.55500e+03 5.14740e+01
2.55600e+03 5.14428e+01
2.55700e+03 5.14116e+01
2.55800e+03 5.13804e+01
2.55900e+03 5.13492e+01
2.56000e+03 5.13180e+01
2.56100e+03 5.12868e+01
2.56200e+03 5.12556e+01
2.56300e+03 5.12244e+01
2.56400e+03 5.11932e+01
2.56500e+03 5.11620e+01
2.56600e+03 5.11308e+01
2.56700e+03 5.10996e+01
2.56800e+03 5.10684e+01
2.56900e+03 5.10372e+01
2.57000e+03 5.10060e+01
2.57100e+03 5.09748e+01
2.57200e+03 5.09436e+01
2.57300e+03 5.09124e+01
2.57400e+03 5.08812e+01
2.57500e+03 5.08500e+01
2.57600e+03 5.08188e+01
2.57700e+03 5.07876e+01
2.57800e+03 5.07564e+01
2.57900e+03 5.07252e+01
2.58000e+03 5.06940e+01
2.58100e+03 5.06628e+01
2.58200e+03 5.06316e+01
2.58300e+03 5.06004e+01
2.58400e+03 5.05692e+01
2.58500e+03 5.05380e+01
2.58600e+03 5.05068e+01
2.58700e+03 5.04756e+01
2.58800e+03 5.04444e+01
2.58900e+03 5.04132e+01
2.59000e+03 5.03820e+01
2.59100e+03 5.03508e+01
2.59200e+03 5.03196e+01
2.59300e+03 5.02884e+01
2.59400e+03 5.02572e+01
2.59500e+03 5.02260e+01
2.59600e+03 5.01948e+01
2.59700e+03 5.01636e+01
2.59800e+03 5.01324e+01
2.59900e+03 5.01012e+01
2.60000e+03 5.00700e+01
2.60100e+03 4.99824e+01
2.60200e+03 4.98948e+01
2.60300e+03 4.98072e+01
2.60400e+03 4.97196e+01
2.60500e+03 4.96320e+01
2.60600e+03 4.95444e+01
2.60700e+03 4.94568e+01
2.60800e+03 4.93692e+01
2.60900e+03 4.92816e+01
2.61000e+03 4.91940e+01
2.61100e+03 4.91064e+01
2.61200e+03 4.90188e+01
2.61300e+03 4.89312e+01
2.61400e+03 4.88436e+01
2.61500e+03 4.87560e+01
2.61600e+03 4.86684e+01
2.61700e+03 4.85808e+01
2.61800e+03 4.84932e+01
2.61900e+03 4.84056e+01
2.62000e+03 4.83180e+01
2.62100e+03 4.82304e+01
2.62200e+03 4.81428e+01
2.62300e+03 4.80552e+01
2.62400e+03 4.79676e+01
2.62500e+03 4.78800e+01
2.62600e+03 4.77924e+01
2.62700e+03 4.77048e+01
2.62800e+03 4.76172e+01
2.62900e+03 4.75296e+01
2.63000e+03 4.74420e+01
2.63100e+03 4.73544e+01
2.63200e+03 4.72668e+01
2.63300e+03 4.71792e+01
2.63400e+03 4.70916e+01
2.63500e+03 4.70040e+01
2.63600e+03 4.69164e+01
2.63700e+03 4.68288e+01
2.63800e+03 4.67412e+01
2.63900e+03 4.66536e+01
2.64000e+03 4.65660e+01
2.64100e+03 4.64784e+01
2.64200e+03 4.63908e+01
2.64300e+03 4.63032e+01
2.64400e+03 4.62156e+01
2.64500e+03 4.61280e+01
2.64600e+03 4.60404e+01
2.64700e+03 4.59528e+01
2.64800e+03 4.58652e+01
2.64900e+03 4.57776e+01
2.65000e+03 4.56900e+01
2.65100e+03 4.55280e+01
2.65200e+03 4.53660e+01
2.65300e+03 4.52040e+01
2.65400e+03 4.50420e+01
2.65500e+03 4.48800e+01
2.65600e+03 4.47180e+01
2.65700e+03 4.45560e+01
2.65800e+03 4.43940e+01
2.65900e+03 4.42320e+01
2.66000e+03 4.40700e+01
2.66100e+03 4.39080e+01
2.66200e+03 4.37460e+01
2.66300e+03 4.35840e+01
2.66400e+03 4.34220e+01
2.66500e+03 4.32600e+01
2.66600e+03 4.30980e+01
2.66700e+03 4.29360e+01
2.66800e+03 4.27740e+01
2.66900e+03 4.26120e+01
2.67000e+03 4.24500e+01
2.67100e+03 4.22880e+01
2.67200e+03 4.21260e+01
2.67300e+03 4.19640e+01
2.67400e+03 4.18020e+01
2.67500e+03 4.16400e+01
2.67600e+03 4.14780e+01
2.67700e+03 4.13160e+01
2.67800e+03 4.11540e+01
2.67900e+03 4.09920e+01
2.68000e+03 4.08300e+01
2.68100e+03 4.06680e+01
2.68200e+03 4.05060e+01
2.68300e+03 4.03440e+01
2.68400e+03 4.01820e+01
2.68500e+03 4.00200e+01
2.68600e+03 3.98580e+01
2.68700e+03 3.96960e+01
2.68800e+03 3.95340e+01
2.68900e+03 3.93720e+01
2.69000e+03 3.92100e+01
2.69100e+03 3.90480e+01
2.69200e+03 3.88860e+01
2.69300e+03 3.87240e+01
2.69400e+03 3.85620e+01
2.69500e+03 3.84000e+01
2.69600e+03 3.82380e+01
2.69700e+03 3.80760e+01
2.69800e+03 3.79140e+01
2.69900e+03 3.77520e+01
2.70000e+03 3.75900e+01
2.70100e+03 3.73362e+01
2.70200e+03 3.70824e+01
2.70300e+03 3.68286e+01
2.70400e+03 3.65748e+01
2.70500e+03 3.63210e+01
2.70600e+03 3.60672e+01
2.70700e+03 3.58134e+01
2.70800e+03 3.55596e+01
2.70900e+03 3.53058e+01
2.71000e+03 3.50520e+01
2.71100e+03 3.47982e+01
2.71200e+03 3.45444e+01
2.71300e+03 3.42906e+01
2.71400e+03 3.40368e+01
2.71500e+03 3.37830e+01
2.71600e+03 3.35292e+01
2.71700e+03 3.32754e+01
2.71800e+03 3.30216e+01
2.71900e+03 3.27678e+01
2.72000e+03 3.25140e+01
2.72100e+03 3.22602e+01
2.72200e+03 3.20064e+01
2.72300e+03 3.17526e+01
2.72400e+03 3.14988e+01
2.72500e+03 3.12450e+01
2.72600e+03 3.09912e+01
2.72700e+03 3.07374e+01
2.72800e+03 3.04836e+01
2.72900e+03 3.02298e+01
2.73000e+03 2.99760e+01
2.73100e+03 2.97222e+01
2.73200e+03 2.94684e+01
2.73300e+03 2.92146e+01
2.73400e+03 2.89608e+01
2.73500e+03 2.87070e+01
2.73600e+03 2.84532e+01
2.73700e+03 2.81994e+01
2.73800e+03 2.79456e+01
2.73900e+03 2.76918e+01
2.74000e+03 2.74380e+01
2.74100e+03 2.71842e+01
2.74200e+03 2.69304e+01
2.74300e+03 2.66766e+01
2.74400e+03 2.64228e+01
2.74500e+03 2.61690e+01
2.74600e+03 2.59152e+01
2.74700e+03 2.56614e+01
2.74800e+03 2.54076e+01
2.74900e+03 2.51538e+01
2.75000e+03 2.49000e+01
2.75100e+03 2.46186e+01
2.75200e+03 2.43372e+01
2.75300e+03 2.40558e+01
2.75400e+03 2.37744e+01
2.75500e+03 2.34930e+01
2.75600e+03 2.32116e+01
2.75700e+03 2.29302e+01
2.75800e+03 2.26488e+01
2.75900e+03 2.23674e+01
2.76000e+03 2.20860e+01
2.76100e+03 2.18046e+01
2.76200e+03 2.15232e+01
2.76300e+03 2.12418e+01
2.76400e+03 2.09604e+01
2.76500e+03 2.06790e+01
2.76600e+03 2.03976e+01
2.76700e+03 2.01162e+01
2.76800e+03 1.98348e+01
2.76900e+03 1.95534e+01
2.77000e+03 1.92720e+01
2.77100e+03 1.89906e+01
2.77200e+03 1.87092e+01
2.77300e+03 1.84278e+01
2.77400e+03 1.81464e+01
2.77500e+03 1.78650e+01
2.77600e+03 1.75836e+01
2.77700e+03 1.73022e+01
2.77800e+03 1.70208e+01
2.77900e+03 1.67394e+01
2.78000e+03 1.64580e+01
2.78100e+03 1.61766e+01
2.78200e+03 1.58952e+01
2.78300e+03 1.56138e+01
2.78400e+03 1.53324e+01
2.78500e+03 1.50510e+01
2.78600e+03 1.47696e+01
2.78700e+03 1.44882e+01
2.78800e+03 1.42068e+01
2.78900e+03 1.39254e+01
2.79000e+03 1.36440e+01
2.79100e+03 1.33626e+01
2.79200e+03 1.30812e+01
2.79300e+03 1.27998e+01
2.79400e+03 1.25184e+01
2.79500e+03 1.22370e+01
2.79600e+03 1.19556e+01
2.79700e+03 1.16742e+01
2.79800e+03 1.13928e+01
2.79900e+03 1.11114e+01
2.80000e+03 1.08300e+01
2.80100e+03 1.06824e+01
2.80200e+03 1.05348e+01
2.80300e+03 1.03872e+01
2.80400e+03 1.02396e+01
2.80500e+03 1.00920e+01
2.80600e+03 9.94440e+00
2.80700e+03 9.79680e+00
2.80800e+03 9.64920e+00
2.80900e+03 9.50160e+00
2.81000e+03 9.35400e+00
2.81100e+03 9.20640e+00
2.81200e+03 9.05880e+00
2.81300e+03 8.91120e+00
2.81400e+03 8.76360e+00
2.81500e+03 8.61600e+00
2.81600e+03 8.46840e+00
2.81700e+03 8.32080e+00
2.81800e+03 8.17320e+00
2.81900e+03 8.02560e+00
2.82000e+03 7.87800e+00
2.82100e+03 7.73040e+00
2.82200e+03 7.58280e+00
2.82300e+03 7.43520e+00
2.82400e+03 7.28760e+00
2.82500e+03 7.14000e+00
2.82600e+03 6.99240e+00
2.82700e+03 6.84480e+00
2.82800e+03 6.69720e+00
2.82900e+03 6.54960e+00
2.83000e+03 6.40200e+00
2.83100e+03 6.25440e+00
2.83200e+03 6.10680e+00
2.83300e+03 5.95920e+00
2.83400e+03 5.81160e+00
2.83500e+03 5.66400e+00
2.83600e+03 5.51640e+00
2.83700e+03 5.36880e+00
2.83800e+03 5.22120e+00
2.83900e+03 5.07360e+00
2.84000e+03 4.92600e+00
2.84100e+03 4.77840e+00
2.84200e+03 4.63080e+00
2.84300e+03 4.48320e+00
2.84400e+03 4.33560e+00
2.84500e+03 4.18800e+00
2.84600e+03 4.04040e+00
2.84700e+03 3.89280e+00
2.84800e+03 3.74520e+00
2.84900e+03 3.59760e+00
2.85000e+03 3.45000e+00
2.85100e+03 3.40600e+00
2.85200e+03 3.36200e+00
2.85300e+03 3.31800e+00
2.85400e+03 3.27400e+00
2.85500e+03 3.23000e+00
2.85600e+03 3.18600e+00
2.85700e+03 3.14200e+00
2.85800e+03 3.09800e+00
2.85900e+03 3.05400e+00
2.86000e+03 3.01000e+00
2.86100e+03 2.96600e+00
2.86200e+03 2.92200e+00
2.86300e+03 2.87800e+00
2.86400e+03 2.83400e+00
2.86500e+03 2.79000e+00
2.86600e+03 2.74600e+00
2.86700e+03 2.70200e+00
2.86800e+03 2.65800e+00
2.86900e+03 2.61400e+00
2.87000e+03 2.57000e+00
2.87100e+03 2.52600e+00
2.87200e+03 2.48200e+00
2.87300e+03 2.43800e+00
2.87400e+03 2.39400e+00
2.87500e+03 2.35000e+00
2.87600e+03 2.30600e+00
2.87700e+03 2.26200e+00
2.87800e+03 2.21800e+00
2.87900e+03 2.17400e+00
2.88000e+03 2.13000e+00
2.88100e+03 2.08600e+00
2.88200e+03 2.04200e+00
2.88300e+03 1.99800e+00
2.88400e+03 1.95400e+00
2.88500e+03 1.91000e+00
2.88600e+03 1.86600e+00
2.88700e+03 1.82200e+00
2.88800e+03 1.77800e+00
2.88900e+03 1.73400e+00
2.89000e+03 1.69000e+00
2.89100e+03 1.64600e+00
2.89200e+03 1.60200e+00
2.89300e+03 1.55800e+00
2.89400e+03 1.51400e+00
2.89500e+03 1.47000e+00
2.89600e+03 1.42600e+00
2.89700e+03 1.38200e+00
2.89800e+03 1.33800e+00
2.89900e+03 1.29400e+00
2.90000e+03 1.25000e+00
2.90100e+03 1.25220e+00
2.90200e+03 1.25440e+00
2.90300e+03 1.25660e+00
2.90400e+03 1.25880e+00
2.90500e+03 1.26100e+00
2.90600e+03 1.26320e+00
2.90700e+03 1.26540e+00
2.90800e+03 1.26760e+00
2.90900e+03 1.26980e+00
2.91000e+03 1.27200e+00
2.91100e+03 1.27420e+00
2.91200e+03 1.27640e+00
2.91300e+03 1.27860e+00
2.91400e+03 1.28080e+00
2.91500e+03 1.28300e+00
2.91600e+03 1.28520e+00
2.91700e+03 1.28740e+00
2.91800e+03 1.28960e+00
2.91900e+03 1.29180e+00
2.92000e+03 1.29400e+00
2.92100e+03 1.29620e+00
2.92200e+03 1.29840e+00
2.92300e+03 1.30060e+00
2.92400e+03 1.30280e+00
2.92500e+03 1.30500e+00
2.92600e+03 1.30720e+00
2.92700e+03 1.30940e+00
2.92800e+03 1.31160e+00
2.92900e+03 1.31380e+00
2.93000e+03 1.31600e+00
2.93100e+03 1.31820e+00
2.93200e+03 1.32040e+00
2.93300e+03 1.32260e+00
2.93400e+03 1.32480e+00
2.93500e+03 1.32700e+00
2.93600e+03 1.32920e+00
2.93700e+03 1.33140e+00
2.93800e+03 1.33360e+00
2.93900e+03 1.33580e+00
2.94000e+03 1.33800e+00
2.94100e+03 1.34020e+00
2.94200e+03 1.34240e+00
2.94300e+03 1.34460e+00
2.94400e+03 1.34680e+00
2.94500e+03 1.34900e+00
2.94600e+03 1.35120e+00
2.94700e+03 1.35340e+00
2.94800e+03 1.35560e+00
2.94900e+03 1.35780e+00
2.95000e+03 1.36000e+00
2.95100e+03 1.36980e+00
2.95200e+03 1.37960e+00
2.95300e+03 1.38940e+00
2.95400e+03 1.39920e+00
2.95500e+03 1.40900e+00
2.95600e+03 1.41880e+00
2.95700e+03 1.42860e+00
2.95800e+03 1.43840e+00
2.95900e+03 1.44820e+00
2.96000e+03 1.45800e+00
2.96100e+03 1.46780e+00
2.96200e+03 1.47760e+00
2.96300e+03 1.48740e+00
2.96400e+03 1.49720e+00
2.96500e+03 1.50700e+00
2.96600e+03 1.51680e+00
2.96700e+03 1.52660e+00
2.96800e+03 1.53640e+00
2.96900e+03 1.54620e+00
2.97000e+03 1.55600e+00
2.97100e+03 1.56580e+00
2.97200e+03 1.57560e+00
2.97300e+03 1.58540e+00
2.97400e+03 1.59520e+00
2.97500e+03 1.60500e+00
2.97600e+03 1.61480e+00
2.97700e+03 1.62460e+00
2.97800e+03 1.63440e+00
2.97900e+03 1.64420e+00
2.98000e+03 1.65400e+00
2.98100e+03 1.66380e+00
2.98200e+03 1.67360e+00
2.98300e+03 1.68340e+00
2.98400e+03 1.69320e+00
2.98500e+03 1.70300e+00
2.98600e+03 1.71280e+00
2.98700e+03 1.72260e+00
2.98800e+03 1.73240e+00
2.98900e+03 1.74220e+00
2.99000e+03 1.75200e+00
2.99100e+03 1.76180e+00
2.99200e+03 1.77160e+00
2.99300e+03 1.78140e+00
2.99400e+03 1.79120e+00
2.99500e+03 1.80100e+00
2.99600e+03 1.81080e+00
2.99700e+03 1.82060e+00
2.99800e+03 1.83040e+00
2.99900e+03 1.84020e+00
3.00000e+03 1.85000e+00
3.00100e+03 1.66500e+00
3.00200e+03 1.48000e+00
3.00300e+03 1.29500e+00
3.00400e+03 1.11000e+00
3.00500e+03 9.25000e-01
3.00600e+03 7.40000e-01
3.00700e+03 5.55000e-01
3.00800e+03 3.70000e-01
3.00900e+03 1.85000e-01
3.01000e+03 0.00000e+00
