# Filter name : Spitzer/IRAC.I1
# Description : IRAC I1
# Photometric system : IRAC
# FilterType : energy
# Band name : ------
# Observatory : Spitzer
# Instrument : IRAC
# Comments : ------
# 
3.08106e+04 4.90000e-04
3.08289e+04 5.86000e-04
3.08473e+04 4.53000e-04
3.08656e+04 4.58000e-04
3.08840e+04 4.39000e-04
3.09024e+04 5.31000e-04
3.09208e+04 6.41000e-04
3.09393e+04 4.42000e-04
3.09578e+04 5.35000e-04
3.09762e+04 6.55000e-04
3.09948e+04 5.25000e-04
3.10133e+04 6.31000e-04
3.10319e+04 6.18000e-04
3.10504e+04 4.96000e-04
3.10690e+04 7.00000e-04
3.10877e+04 8.95000e-04
3.11063e+04 8.73000e-04
3.11250e+04 1.04500e-03
3.11437e+04 1.29400e-03
3.11624e+04 1.39000e-03
3.11811e+04 1.68300e-03
3.11999e+04 2.13200e-03
3.12187e+04 2.41300e-03
3.12375e+04 2.78200e-03
3.12563e+04 3.34300e-03
3.12752e+04 3.84600e-03
3.12940e+04 4.59600e-03
3.13129e+04 5.76000e-03
3.13319e+04 6.88900e-03
3.13508e+04 8.31300e-03
3.13698e+04 1.01700e-02
3.13888e+04 1.21800e-02
3.14078e+04 1.48200e-02
3.14268e+04 1.81600e-02
3.14459e+04 2.18100e-02
3.14649e+04 2.64600e-02
3.14841e+04 3.19700e-02
3.15032e+04 3.85700e-02
3.15223e+04 4.65000e-02
3.15415e+04 5.52200e-02
3.15607e+04 6.53300e-02
3.15799e+04 7.74000e-02
3.15992e+04 9.14700e-02
3.16184e+04 1.06100e-01
3.16377e+04 1.22000e-01
3.16570e+04 1.40600e-01
3.16764e+04 1.58900e-01
3.16957e+04 1.78800e-01
3.17151e+04 2.00200e-01
3.17345e+04 2.20500e-01
3.17540e+04 2.41200e-01
3.17734e+04 2.61800e-01
3.17929e+04 2.82200e-01
3.18124e+04 2.98600e-01
3.18319e+04 3.14000e-01
3.18515e+04 3.30400e-01
3.18711e+04 3.43100e-01
3.18907e+04 3.52900e-01
3.19103e+04 3.60600e-01
3.19299e+04 3.68500e-01
3.19496e+04 3.72300e-01
3.19693e+04 3.73700e-01
3.19890e+04 3.75000e-01
3.20088e+04 3.74400e-01
3.20286e+04 3.71800e-01
3.20484e+04 3.70300e-01
3.20682e+04 3.68600e-01
3.20880e+04 3.65300e-01
3.21079e+04 3.61900e-01
3.21278e+04 3.58000e-01
3.21477e+04 3.54100e-01
3.21676e+04 3.51300e-01
3.21876e+04 3.49500e-01
3.22076e+04 3.48400e-01
3.22276e+04 3.45200e-01
3.22477e+04 3.43700e-01
3.22677e+04 3.44600e-01
3.22878e+04 3.43600e-01
3.23079e+04 3.43600e-01
3.23281e+04 3.44300e-01
3.23482e+04 3.44800e-01
3.23684e+04 3.47400e-01
3.23887e+04 3.49600e-01
3.24089e+04 3.51200e-01
3.24292e+04 3.54100e-01
3.24495e+04 3.57800e-01
3.24698e+04 3.62300e-01
3.24901e+04 3.66100e-01
3.25105e+04 3.69800e-01
3.25309e+04 3.74800e-01
3.25513e+04 3.79500e-01
3.25718e+04 3.84100e-01
3.25922e+04 3.89500e-01
3.26127e+04 3.93600e-01
3.26332e+04 3.97400e-01
3.26538e+04 4.00700e-01
3.26744e+04 4.03400e-01
3.26950e+04 4.06500e-01
3.27156e+04 4.10400e-01
3.27363e+04 4.12500e-01
3.27569e+04 4.13700e-01
3.27776e+04 4.15800e-01
3.27984e+04 4.15800e-01
3.28191e+04 4.16300e-01
3.28399e+04 4.16500e-01
3.28607e+04 4.15300e-01
3.28816e+04 4.14500e-01
3.29024e+04 4.14300e-01
3.29233e+04 4.14500e-01
3.29442e+04 4.13400e-01
3.29652e+04 4.12500e-01
3.29862e+04 4.11700e-01
3.30071e+04 4.09100e-01
3.30282e+04 4.08600e-01
3.30492e+04 4.09100e-01
3.30703e+04 4.06900e-01
3.30914e+04 4.06000e-01
3.31125e+04 4.05600e-01
3.31337e+04 4.05000e-01
3.31549e+04 4.05500e-01
3.31761e+04 4.04400e-01
3.31973e+04 4.02400e-01
3.32186e+04 4.02700e-01
3.32399e+04 4.03600e-01
3.32612e+04 4.04200e-01
3.32826e+04 4.04700e-01
3.33039e+04 4.04300e-01
3.33253e+04 4.04700e-01
3.33468e+04 4.06600e-01
3.33682e+04 4.06800e-01
3.33897e+04 4.06600e-01
3.34112e+04 4.07000e-01
3.34328e+04 4.06700e-01
3.34543e+04 4.06500e-01
3.34759e+04 4.06700e-01
3.34976e+04 4.07200e-01
3.35192e+04 4.07000e-01
3.35409e+04 4.06600e-01
3.35626e+04 4.06300e-01
3.35843e+04 4.05100e-01
3.36061e+04 4.05100e-01
3.36279e+04 4.04900e-01
3.36497e+04 4.03900e-01
3.36716e+04 4.04800e-01
3.36935e+04 4.04100e-01
3.37154e+04 4.01600e-01
3.37373e+04 4.03300e-01
3.37593e+04 4.05600e-01
3.37813e+04 4.05600e-01
3.38033e+04 4.06300e-01
3.38253e+04 4.07100e-01
3.38474e+04 4.08000e-01
3.38695e+04 4.10900e-01
3.38917e+04 4.13500e-01
3.39138e+04 4.16000e-01
3.39360e+04 4.18700e-01
3.39582e+04 4.20800e-01
3.39805e+04 4.24500e-01
3.40028e+04 4.27300e-01
3.40251e+04 4.29100e-01
3.40474e+04 4.32100e-01
3.40698e+04 4.33300e-01
3.40922e+04 4.33500e-01
3.41146e+04 4.35300e-01
3.41371e+04 4.36700e-01
3.41596e+04 4.35400e-01
3.41821e+04 4.34400e-01
3.42046e+04 4.35600e-01
3.42272e+04 4.35100e-01
3.42498e+04 4.34300e-01
3.42725e+04 4.34000e-01
3.42951e+04 4.30300e-01
3.43178e+04 4.26500e-01
3.43406e+04 4.25400e-01
3.43633e+04 4.24300e-01
3.43861e+04 4.22100e-01
3.44089e+04 4.20200e-01
3.44318e+04 4.17900e-01
3.44546e+04 4.16300e-01
3.44775e+04 4.15700e-01
3.45005e+04 4.14300e-01
3.45235e+04 4.13900e-01
3.45465e+04 4.14000e-01
3.45695e+04 4.13100e-01
3.45926e+04 4.13400e-01
3.46156e+04 4.14500e-01
3.46388e+04 4.15800e-01
3.46619e+04 4.17600e-01
3.46851e+04 4.18600e-01
3.47083e+04 4.19400e-01
3.47316e+04 4.21800e-01
3.47548e+04 4.24800e-01
3.47782e+04 4.27100e-01
3.48015e+04 4.30500e-01
3.48249e+04 4.34300e-01
3.48483e+04 4.36900e-01
3.48717e+04 4.40200e-01
3.48952e+04 4.43400e-01
3.49187e+04 4.45100e-01
3.49422e+04 4.47700e-01
3.49658e+04 4.50600e-01
3.49894e+04 4.52900e-01
3.50130e+04 4.55700e-01
3.50366e+04 4.57200e-01
3.50603e+04 4.56400e-01
3.50841e+04 4.56400e-01
3.51078e+04 4.58300e-01
3.51316e+04 4.59900e-01
3.51554e+04 4.60500e-01
3.51793e+04 4.61400e-01
3.52031e+04 4.61500e-01
3.52271e+04 4.61500e-01
3.52510e+04 4.61600e-01
3.52750e+04 4.61500e-01
3.52990e+04 4.62100e-01
3.53230e+04 4.62900e-01
3.53471e+04 4.62000e-01
3.53712e+04 4.59600e-01
3.53954e+04 4.58000e-01
3.54196e+04 4.58200e-01
3.54438e+04 4.57100e-01
3.54680e+04 4.55500e-01
3.54923e+04 4.55500e-01
3.55166e+04 4.54700e-01
3.55409e+04 4.53700e-01
3.55653e+04 4.52800e-01
3.55897e+04 4.51800e-01
3.56142e+04 4.52100e-01
3.56386e+04 4.52600e-01
3.56632e+04 4.52600e-01
3.56877e+04 4.51500e-01
3.57123e+04 4.50500e-01
3.57369e+04 4.50300e-01
3.57615e+04 4.50800e-01
3.57862e+04 4.52200e-01
3.58109e+04 4.52800e-01
3.58357e+04 4.52800e-01
3.58605e+04 4.54400e-01
3.58853e+04 4.56200e-01
3.59101e+04 4.57400e-01
3.59350e+04 4.58600e-01
3.59599e+04 4.59500e-01
3.59849e+04 4.60200e-01
3.60099e+04 4.60200e-01
3.60349e+04 4.59600e-01
3.60600e+04 4.59500e-01
3.60851e+04 4.58800e-01
3.61102e+04 4.59100e-01
3.61354e+04 4.59700e-01
3.61606e+04 4.58400e-01
3.61858e+04 4.57600e-01
3.62111e+04 4.56800e-01
3.62364e+04 4.55800e-01
3.62617e+04 4.55300e-01
3.62871e+04 4.53600e-01
3.63125e+04 4.50900e-01
3.63379e+04 4.48700e-01
3.63634e+04 4.46900e-01
3.63889e+04 4.45600e-01
3.64145e+04 4.44800e-01
3.64401e+04 4.42500e-01
3.64657e+04 4.40600e-01
3.64914e+04 4.40100e-01
3.65171e+04 4.38100e-01
3.65428e+04 4.36900e-01
3.65686e+04 4.37600e-01
3.65944e+04 4.36400e-01
3.66202e+04 4.35200e-01
3.66461e+04 4.35500e-01
3.66720e+04 4.35700e-01
3.66980e+04 4.36700e-01
3.67240e+04 4.38200e-01
3.67500e+04 4.38900e-01
3.67761e+04 4.39000e-01
3.68022e+04 4.40500e-01
3.68283e+04 4.44100e-01
3.68545e+04 4.46000e-01
3.68807e+04 4.46800e-01
3.69069e+04 4.49500e-01
3.69332e+04 4.52500e-01
3.69595e+04 4.55100e-01
3.69859e+04 4.57200e-01
3.70123e+04 4.59000e-01
3.70387e+04 4.60200e-01
3.70652e+04 4.62300e-01
3.70917e+04 4.65800e-01
3.71183e+04 4.68800e-01
3.71449e+04 4.70200e-01
3.71715e+04 4.70500e-01
3.71982e+04 4.70500e-01
3.72249e+04 4.71000e-01
3.72516e+04 4.72100e-01
3.72784e+04 4.73200e-01
3.73052e+04 4.73400e-01
3.73321e+04 4.72700e-01
3.73590e+04 4.73000e-01
3.73859e+04 4.72800e-01
3.74129e+04 4.72800e-01
3.74399e+04 4.73200e-01
3.74669e+04 4.72300e-01
3.74940e+04 4.71000e-01
3.75212e+04 4.69700e-01
3.75483e+04 4.69400e-01
3.75755e+04 4.69700e-01
3.76028e+04 4.67500e-01
3.76301e+04 4.64700e-01
3.76574e+04 4.63700e-01
3.76848e+04 4.63500e-01
3.77122e+04 4.62200e-01
3.77396e+04 4.60400e-01
3.77671e+04 4.60100e-01
3.77946e+04 4.59600e-01
3.78222e+04 4.58400e-01
3.78498e+04 4.56700e-01
3.78775e+04 4.56800e-01
3.79051e+04 4.57500e-01
3.79329e+04 4.56800e-01
3.79606e+04 4.57100e-01
3.79884e+04 4.57100e-01
3.80163e+04 4.55600e-01
3.80442e+04 4.56400e-01
3.80721e+04 4.56900e-01
3.81001e+04 4.54100e-01
3.81281e+04 4.53000e-01
3.81562e+04 4.52900e-01
3.81843e+04 4.51100e-01
3.82124e+04 4.49500e-01
3.82406e+04 4.47000e-01
3.82688e+04 4.44300e-01
3.82971e+04 4.43000e-01
3.83254e+04 4.41300e-01
3.83537e+04 4.38500e-01
3.83821e+04 4.37400e-01
3.84105e+04 4.35200e-01
3.84390e+04 4.31700e-01
3.84675e+04 4.30200e-01
3.84961e+04 4.29400e-01
3.85247e+04 4.28000e-01
3.85533e+04 4.28000e-01
3.85820e+04 4.28000e-01
3.86107e+04 4.28200e-01
3.86395e+04 4.30100e-01
3.86683e+04 4.33000e-01
3.86972e+04 4.36400e-01
3.87261e+04 4.39600e-01
3.87550e+04 4.42300e-01
3.87840e+04 4.44500e-01
3.88130e+04 4.46100e-01
3.88421e+04 4.47100e-01
3.88712e+04 4.48300e-01
3.89004e+04 4.47300e-01
3.89296e+04 4.43700e-01
3.89589e+04 4.34700e-01
3.89881e+04 4.21100e-01
3.90175e+04 4.05000e-01
3.90469e+04 3.83500e-01
3.90763e+04 3.55900e-01
3.91058e+04 3.28600e-01
3.91353e+04 2.93700e-01
3.91648e+04 2.56300e-01
3.91944e+04 2.21500e-01
3.92241e+04 1.86900e-01
3.92538e+04 1.52200e-01
3.92835e+04 1.23700e-01
3.93133e+04 9.89000e-02
3.93431e+04 7.75000e-02
3.93730e+04 5.86900e-02
3.94029e+04 4.48500e-02
3.94329e+04 3.37300e-02
3.94629e+04 2.51500e-02
3.94929e+04 1.87700e-02
3.95230e+04 1.37600e-02
3.95532e+04 9.61000e-03
3.95834e+04 6.88800e-03
3.96136e+04 4.77900e-03
3.96439e+04 2.98300e-03
3.96742e+04 2.03100e-03
3.97046e+04 1.63300e-03
3.97350e+04 1.35400e-03
3.97655e+04 1.21400e-03
3.97960e+04 1.18600e-03
3.98266e+04 1.07700e-03
3.98572e+04 1.12800e-03
3.98879e+04 1.28700e-03
3.99186e+04 1.26900e-03
3.99493e+04 1.17700e-03
3.99801e+04 1.12500e-03
4.00110e+04 1.07400e-03
4.00419e+04 9.36000e-04
4.00728e+04 7.51000e-04
4.01038e+04 5.90000e-04
