# Filter name : Spitzer/IRAC.I3
# Description : IRAC I3
# Photometric system : IRAC
# FilterType : energy
# Band name : ------
# Observatory : Spitzer
# Instrument : IRAC
# Comments : ------
# 
4.74421e+04 9.10000e-05
4.74856e+04 8.90000e-05
4.75291e+04 8.20000e-05
4.75727e+04 7.30000e-05
4.76164e+04 6.70000e-05
4.76601e+04 7.10000e-05
4.77040e+04 8.00000e-05
4.77479e+04 7.70000e-05
4.77919e+04 7.60000e-05
4.78360e+04 8.40000e-05
4.78802e+04 7.80000e-05
4.79244e+04 5.90000e-05
4.79688e+04 5.80000e-05
4.80132e+04 6.40000e-05
4.80577e+04 6.40000e-05
4.81023e+04 5.90000e-05
4.81469e+04 6.20000e-05
4.81917e+04 7.40000e-05
4.82365e+04 7.90000e-05
4.82814e+04 7.40000e-05
4.83264e+04 5.70000e-05
4.83715e+04 5.70000e-05
4.84166e+04 7.10000e-05
4.84619e+04 8.70000e-05
4.85072e+04 1.08000e-04
4.85527e+04 1.28000e-04
4.85982e+04 1.46000e-04
4.86437e+04 1.82000e-04
4.86894e+04 2.49000e-04
4.87352e+04 3.19000e-04
4.87810e+04 3.30000e-04
4.88270e+04 4.27000e-04
4.88730e+04 5.24000e-04
4.89191e+04 7.16000e-04
4.89653e+04 1.19200e-03
4.90116e+04 1.79900e-03
4.90579e+04 2.63500e-03
4.91044e+04 3.61100e-03
4.91509e+04 4.62500e-03
4.91976e+04 5.84900e-03
4.92443e+04 7.20300e-03
4.92911e+04 8.56900e-03
4.93380e+04 1.05200e-02
4.93850e+04 1.29500e-02
4.94321e+04 1.59100e-02
4.94792e+04 1.93300e-02
4.95265e+04 2.24300e-02
4.95738e+04 2.60500e-02
4.96213e+04 2.95800e-02
4.96688e+04 3.29800e-02
4.97164e+04 3.63700e-02
4.97641e+04 3.98900e-02
4.98119e+04 4.35900e-02
4.98598e+04 4.73400e-02
4.99078e+04 5.10200e-02
4.99559e+04 5.54700e-02
5.00041e+04 5.86700e-02
5.00523e+04 6.25600e-02
5.01007e+04 6.59200e-02
5.01492e+04 6.87300e-02
5.01977e+04 7.09200e-02
5.02463e+04 7.30900e-02
5.02951e+04 7.45200e-02
5.03439e+04 7.60200e-02
5.03928e+04 7.74100e-02
5.04419e+04 7.85200e-02
5.04910e+04 7.99000e-02
5.05402e+04 8.10200e-02
5.05895e+04 8.23700e-02
5.06389e+04 8.38300e-02
5.06884e+04 8.53300e-02
5.07380e+04 8.70400e-02
5.07877e+04 8.92500e-02
5.08375e+04 9.11200e-02
5.08874e+04 9.33400e-02
5.09374e+04 9.54700e-02
5.09874e+04 9.70500e-02
5.10376e+04 9.81500e-02
5.10879e+04 9.92300e-02
5.11383e+04 1.00200e-01
5.11888e+04 1.00900e-01
5.12394e+04 1.01700e-01
5.12900e+04 1.02400e-01
5.13408e+04 1.02900e-01
5.13917e+04 1.03400e-01
5.14427e+04 1.03700e-01
5.14938e+04 1.03800e-01
5.15450e+04 1.03800e-01
5.15963e+04 1.03900e-01
5.16476e+04 1.04000e-01
5.16991e+04 1.04300e-01
5.17507e+04 1.04800e-01
5.18024e+04 1.05300e-01
5.18542e+04 1.05900e-01
5.19061e+04 1.06600e-01
5.19581e+04 1.07200e-01
5.20103e+04 1.08000e-01
5.20625e+04 1.08800e-01
5.21148e+04 1.09500e-01
5.21672e+04 1.10200e-01
5.22198e+04 1.10900e-01
5.22724e+04 1.11500e-01
5.23252e+04 1.12100e-01
5.23780e+04 1.12700e-01
5.24310e+04 1.12900e-01
5.24840e+04 1.12900e-01
5.25372e+04 1.12300e-01
5.25905e+04 1.11600e-01
5.26439e+04 1.11000e-01
5.26974e+04 1.10200e-01
5.27510e+04 1.09500e-01
5.28047e+04 1.09200e-01
5.28585e+04 1.09300e-01
5.29125e+04 1.09900e-01
5.29665e+04 1.10600e-01
5.30207e+04 1.11100e-01
5.30750e+04 1.11900e-01
5.31293e+04 1.12600e-01
5.31838e+04 1.13500e-01
5.32384e+04 1.14500e-01
5.32931e+04 1.15600e-01
5.33480e+04 1.16500e-01
5.34029e+04 1.17600e-01
5.34580e+04 1.18600e-01
5.35131e+04 1.19500e-01
5.35684e+04 1.20300e-01
5.36238e+04 1.21000e-01
5.36793e+04 1.21600e-01
5.37350e+04 1.22200e-01
5.37907e+04 1.22700e-01
5.38466e+04 1.22900e-01
5.39025e+04 1.22900e-01
5.39586e+04 1.22900e-01
5.40148e+04 1.22800e-01
5.40711e+04 1.22600e-01
5.41276e+04 1.22500e-01
5.41842e+04 1.22100e-01
5.42408e+04 1.22000e-01
5.42976e+04 1.21900e-01
5.43545e+04 1.21700e-01
5.44116e+04 1.21700e-01
5.44687e+04 1.21600e-01
5.45260e+04 1.21700e-01
5.45834e+04 1.21800e-01
5.46409e+04 1.21900e-01
5.46986e+04 1.21800e-01
5.47563e+04 1.21900e-01
5.48142e+04 1.21800e-01
5.48722e+04 1.21900e-01
5.49303e+04 1.21700e-01
5.49886e+04 1.21700e-01
5.50470e+04 1.21800e-01
5.51055e+04 1.22000e-01
5.51641e+04 1.22600e-01
5.52228e+04 1.23200e-01
5.52817e+04 1.23900e-01
5.53407e+04 1.24500e-01
5.53998e+04 1.25300e-01
5.54591e+04 1.26100e-01
5.55184e+04 1.26800e-01
5.55780e+04 1.27500e-01
5.56376e+04 1.28200e-01
5.56973e+04 1.28900e-01
5.57572e+04 1.29600e-01
5.58173e+04 1.29600e-01
5.58774e+04 1.29400e-01
5.59377e+04 1.29200e-01
5.59981e+04 1.28900e-01
5.60586e+04 1.28800e-01
5.61193e+04 1.28800e-01
5.61801e+04 1.29000e-01
5.62410e+04 1.29600e-01
5.63021e+04 1.30300e-01
5.63633e+04 1.31100e-01
5.64246e+04 1.31800e-01
5.64861e+04 1.32400e-01
5.65477e+04 1.33000e-01
5.66094e+04 1.33500e-01
5.66713e+04 1.34000e-01
5.67333e+04 1.34400e-01
5.67954e+04 1.34300e-01
5.68577e+04 1.34200e-01
5.69201e+04 1.34100e-01
5.69827e+04 1.34100e-01
5.70454e+04 1.34300e-01
5.71082e+04 1.34900e-01
5.71711e+04 1.35400e-01
5.72343e+04 1.35900e-01
5.72975e+04 1.36400e-01
5.73609e+04 1.36800e-01
5.74244e+04 1.37000e-01
5.74881e+04 1.37400e-01
5.75519e+04 1.37600e-01
5.76158e+04 1.37400e-01
5.76799e+04 1.36600e-01
5.77441e+04 1.36000e-01
5.78085e+04 1.35200e-01
5.78730e+04 1.34800e-01
5.79377e+04 1.34800e-01
5.80025e+04 1.35300e-01
5.80674e+04 1.35800e-01
5.81325e+04 1.36300e-01
5.81978e+04 1.37000e-01
5.82632e+04 1.37600e-01
5.83287e+04 1.38100e-01
5.83944e+04 1.38600e-01
5.84602e+04 1.39000e-01
5.85262e+04 1.39300e-01
5.85924e+04 1.39700e-01
5.86586e+04 1.39600e-01
5.87251e+04 1.39700e-01
5.87916e+04 1.39700e-01
5.88584e+04 1.39700e-01
5.89253e+04 1.39800e-01
5.89923e+04 1.40100e-01
5.90595e+04 1.40300e-01
5.91268e+04 1.40600e-01
5.91943e+04 1.40900e-01
5.92620e+04 1.41300e-01
5.93298e+04 1.41600e-01
5.93977e+04 1.41700e-01
5.94659e+04 1.41900e-01
5.95341e+04 1.42000e-01
5.96026e+04 1.42000e-01
5.96712e+04 1.42100e-01
5.97399e+04 1.42000e-01
5.98088e+04 1.42000e-01
5.98779e+04 1.42100e-01
5.99471e+04 1.42000e-01
6.00165e+04 1.41900e-01
6.00860e+04 1.41600e-01
6.01557e+04 1.41500e-01
6.02256e+04 1.41500e-01
6.02956e+04 1.41700e-01
6.03658e+04 1.41700e-01
6.04362e+04 1.41800e-01
6.05067e+04 1.41900e-01
6.05774e+04 1.41900e-01
6.06482e+04 1.41800e-01
6.07192e+04 1.42000e-01
6.07904e+04 1.42000e-01
6.08618e+04 1.41600e-01
6.09333e+04 1.41000e-01
6.10050e+04 1.40100e-01
6.10768e+04 1.39200e-01
6.11489e+04 1.38200e-01
6.12211e+04 1.37400e-01
6.12934e+04 1.36800e-01
6.13660e+04 1.36100e-01
6.14387e+04 1.35700e-01
6.15115e+04 1.35400e-01
6.15846e+04 1.35200e-01
6.16578e+04 1.35200e-01
6.17312e+04 1.35000e-01
6.18048e+04 1.34700e-01
6.18786e+04 1.34700e-01
6.19525e+04 1.34100e-01
6.20266e+04 1.33300e-01
6.21009e+04 1.32300e-01
6.21753e+04 1.30900e-01
6.22500e+04 1.29200e-01
6.23248e+04 1.27800e-01
6.23998e+04 1.26300e-01
6.24750e+04 1.25300e-01
6.25503e+04 1.24900e-01
6.26259e+04 1.24500e-01
6.27016e+04 1.24400e-01
6.27775e+04 1.24600e-01
6.28536e+04 1.24800e-01
6.29299e+04 1.25100e-01
6.30064e+04 1.25400e-01
6.30830e+04 1.25200e-01
6.31598e+04 1.25000e-01
6.32369e+04 1.23500e-01
6.33141e+04 1.22300e-01
6.33915e+04 1.20000e-01
6.34691e+04 1.17600e-01
6.35469e+04 1.14800e-01
6.36248e+04 1.09300e-01
6.37030e+04 1.03600e-01
6.37813e+04 9.72000e-02
6.38599e+04 9.08300e-02
6.39386e+04 8.46300e-02
6.40176e+04 7.94000e-02
6.40967e+04 7.25600e-02
6.41760e+04 6.49800e-02
6.42556e+04 5.79600e-02
6.43353e+04 4.97200e-02
6.44152e+04 4.14200e-02
6.44953e+04 3.27600e-02
6.45756e+04 2.55000e-02
6.46561e+04 1.89900e-02
6.47369e+04 1.33900e-02
6.48178e+04 9.10900e-03
6.48989e+04 5.78900e-03
6.49802e+04 3.27200e-03
6.50618e+04 1.72000e-03
6.51435e+04 8.20000e-04
6.52254e+04 3.71000e-04
6.53076e+04 1.25000e-04
6.53900e+04 6.10000e-05
6.54725e+04 4.50000e-05
6.55553e+04 3.00000e-05
6.56383e+04 2.90000e-05
6.57215e+04 2.60000e-05
6.58049e+04 6.00000e-06
6.58885e+04 1.20000e-05
6.59723e+04 2.70000e-05
6.60563e+04 3.20000e-05
6.61406e+04 5.10000e-05
6.62251e+04 6.50000e-05
